INICIO: Wed Jan 31 16:38:46 EST 2018
INDIVIDUALS OF LAST GENERATION: 0
Indi 0: Fitness: 51.292121212121216Genotype: [1.5, 1.3, 0.0, -1.6, 0.0, 0.0, 0.0, 0.0, -1.6, 0.0, -2.0, 0.0, -1.9, 0.0, 0.0, 0.0, 0.0, 1.6, 0.0, 0.0, -1.4, 0.0, 1.5, 2.0, -1.3, 0.0, 1.9, -1.8, 0.0, 0.0, 0.0, 0.0, -1.6, 0.0, 0.0]
Indi 1: Fitness: 55.18989898989899Genotype: [0.0, 1.3, 1.6, -1.6, 0.0, 0.0, -1.8, 0.0, 0.0, 0.0, 1.2, 0.0, 0.0, 0.0, 0.0, -1.8, 0.0, -1.6, 0.0, 0.0, 0.0, 0.0, -1.5, 1.9, -1.9, 1.4, 1.6, 0.0, -1.3, 0.0, 0.0, 1.8, -1.6, 0.0, -1.8]
Indi 2: Fitness: 55.408484848484854Genotype: [1.5, 1.3, 1.3, -1.6, 0.0, 0.0, 0.0, 1.6, -1.6, 0.0, -2.0, 0.0, -1.7, 1.3, 0.0, -1.8, 0.0, 1.6, 0.0, 0.0, -1.4, 0.0, -1.5, 0.0, -1.9, 0.0, 0.0, 0.0, -1.3, 0.0, 0.0, 0.0, 0.0, 0.0, 0.0]
Indi 3: Fitness: 55.56848484848486Genotype: [1.5, 1.3, 1.6, -1.6, -1.2, 0.0, 0.0, 0.0, 0.0, 0.0, -1.3, 0.0, -1.7, 0.0, -1.3, 0.0, 0.0, 1.6, 0.0, 0.0, -1.4, 0.0, -1.5, 2.0, -1.9, 0.0, 0.0, -1.8, -1.3, 0.0, 0.0, 0.0, -1.6, 0.0, 0.0]
Indi 4: Fitness: 55.80848484848485Genotype: [1.5, 1.3, 1.6, -1.6, 0.0, 0.0, 0.0, 0.0, -1.6, 0.0, -2.0, 0.0, -1.7, 0.0, -1.9, 0.0, -1.3, 0.0, 0.0, 0.0, -1.4, 0.0, -1.5, 2.0, -1.9, 0.0, 1.9, -1.6, -1.3, 0.0, 0.0, 0.0, 0.0, 0.0, 0.0]
Indi 5: Fitness: 58.52686868686868Genotype: [0.0, 0.0, 1.6, -1.6, 0.0, 0.0, -1.8, 0.0, 0.0, 0.0, 1.6, 0.0, 0.0, 0.0, 0.0, 0.0, 0.0, 1.6, 0.0, 0.0, -1.4, 0.0, -1.9, 1.9, -1.9, 1.4, 0.0, 0.0, -1.3, 0.0, 0.0, 0.0, -1.6, 0.0, 0.0]
Indi 6: Fitness: 59.9579797979798Genotype: [1.5, 1.3, 1.6, -1.3, 1.2, 0.0, 0.0, 1.6, -1.6, 0.0, -2.0, 0.0, -1.7, 1.4, 0.0, -1.8, 0.0, 1.6, 0.0, 0.0, -1.4, -1.8, -1.5, 2.0, 0.0, 0.0, 1.8, 0.0, -1.3, 2.0, -1.3, -1.7, 0.0, 0.0, 2.0]
Indi 7: Fitness: 60.09050505050506Genotype: [0.0, 0.0, 0.0, -1.6, 1.6, 0.0, -1.4, 0.0, 0.0, 0.0, 1.6, 0.0, 0.0, 0.0, 0.0, 0.0, 0.0, 1.6, 0.0, 0.0, -1.4, 0.0, 0.0, 1.9, -1.9, 1.4, 1.9, 0.0, -1.3, 0.0, 0.0, 1.8, -1.6, 0.0, -1.8]
Indi 8: Fitness: 66.80363636363636Genotype: [1.5, -1.4, 0.0, -1.6, -1.9, 1.6, 1.7, 1.8, -2.0, 0.0, -2.0, 0.0, 2.0, -1.6, -1.6, -1.8, 0.0, 0.0, 0.0, 0.0, -2.0, 0.0, 0.0, 1.5, 1.4, 0.0, -1.4, -1.5, 1.5, 0.0, 0.0, 0.0, 0.0, 0.0, -1.8]
Indi 9: Fitness: 67.08363636363636Genotype: [0.0, 0.0, 0.0, -1.8, 0.0, 0.0, -1.8, 0.0, 0.0, 0.0, 1.6, 0.0, -1.3, 0.0, 0.0, 0.0, -1.9, 1.6, 0.0, 0.0, -1.4, 0.0, -1.5, 1.9, 1.8, 1.4, 1.9, 0.0, -1.3, 0.0, 1.6, 0.0, -1.6, 0.0, -1.8]
Indi 10: Fitness: 67.20363636363636Genotype: [1.5, 1.3, -1.3, -1.6, 0.0, 0.0, 0.0, 0.0, -1.6, 0.0, -2.0, 0.0, -1.7, 0.0, 0.0, 0.0, 0.0, 0.0, 0.0, 0.0, -1.4, 1.4, 1.5, 2.0, -1.3, 1.2, 1.9, 0.0, -1.3, 0.0, 0.0, 0.0, -1.6, 0.0, -1.8]
Indi 11: Fitness: 67.24363636363634Genotype: [0.0, 0.0, 0.0, -1.6, 0.0, 0.0, 0.0, 0.0, -1.6, 0.0, -2.0, 0.0, -1.7, 0.0, 0.0, 0.0, 0.0, 1.6, 0.0, 0.0, -1.4, 0.0, 1.5, 2.0, -1.3, 1.2, 1.9, 0.0, -1.3, 0.0, 0.0, 0.0, -1.6, 0.0, -1.8]
Indi 12: Fitness: 67.28363636363636Genotype: [0.0, 0.0, 0.0, -1.6, 0.0, 0.0, -1.8, 0.0, 0.0, -1.8, 1.6, 0.0, 0.0, 2.0, 0.0, 0.0, 0.0, 1.6, 0.0, 0.0, 0.0, 0.0, 0.0, 1.9, -1.9, 1.4, 1.9, 0.0, -1.3, 0.0, 0.0, 0.0, -1.6, 0.0, -1.8]
Indi 13: Fitness: 67.64363636363638Genotype: [0.0, 1.3, 0.0, -1.6, 0.0, 0.0, 0.0, 0.0, -1.6, 0.0, -2.0, 0.0, 0.0, 0.0, -1.9, 0.0, -1.3, 1.6, 0.0, 0.0, -1.4, 0.0, -1.5, 2.0, 0.0, -1.7, 1.9, -1.6, -1.3, 0.0, 0.0, 0.0, 0.0, 0.0, -1.8]
Indi 14: Fitness: 69.47999999999999Genotype: [1.5, 1.3, 1.4, -1.3, 0.0, 0.0, 0.0, 1.6, -1.6, 0.0, 0.0, 0.0, -1.7, 0.0, 0.0, -1.8, 0.0, 1.6, 0.0, 0.0, -1.4, -1.8, 0.0, 2.0, 0.0, 0.0, 1.8, 0.0, -1.3, 0.0, -1.8, 0.0, 0.0, 0.0, -1.8]
Indi 15: Fitness: 69.88Genotype: [1.5, 1.3, 1.6, 0.0, 0.0, 0.0, 0.0, 1.6, -1.6, 0.0, -2.0, 0.0, 0.0, 0.0, 0.0, -1.8, 0.0, -1.6, 0.0, 0.0, -1.4, 1.7, -1.5, 0.0, -1.9, 0.0, 1.8, 0.0, -1.3, 0.0, -1.3, 0.0, 0.0, 0.0, -1.8]
Indi 16: Fitness: 70.03999999999999Genotype: [1.5, 1.3, 1.6, -1.6, 0.0, 0.0, -1.8, 0.0, 0.0, 0.0, 1.6, 0.0, 0.0, 0.0, 0.0, 0.0, 0.0, 1.6, 0.0, 0.0, -1.4, 0.0, -1.5, 1.9, -1.9, 1.4, 1.9, 0.0, -1.3, 0.0, 0.0, 0.0, -1.6, 0.0, -1.8]
Indi 17: Fitness: 70.16Genotype: [1.5, 1.3, 0.0, -1.6, -1.9, 1.6, -1.9, 1.4, -1.6, 0.0, -2.0, 0.0, 2.0, 0.0, -1.6, -1.8, 0.0, 0.0, 1.5, -2.0, -2.0, 0.0, 0.0, 1.5, -1.4, 0.0, -1.4, -1.4, 1.5, 0.0, 0.0, 0.0, 0.0, 0.0, -1.8]
Indi 18: Fitness: 70.25858585858586Genotype: [1.5, -1.8, -1.8, -1.6, 0.0, 0.0, 0.0, 0.0, -1.6, 0.0, -2.0, 0.0, -1.7, 0.0, -1.9, 0.0, 1.9, 1.6, 1.9, 0.0, -1.4, 0.0, -1.5, 0.0, 0.0, 0.0, 1.9, -1.6, 0.0, 0.0, 0.0, 0.0, 0.0, 0.0, -1.8]
Indi 19: Fitness: 70.32000000000001Genotype: [1.5, 1.3, 1.6, -1.6, -1.2, 0.0, 0.0, 0.0, 0.0, 0.0, 0.0, 0.0, 1.5, 0.0, 0.0, -1.4, 0.0, 1.6, 0.0, 0.0, -1.4, 0.0, 0.0, 2.0, -1.9, 0.0, 0.0, 0.0, -1.3, 0.0, 0.0, 0.0, 0.0, 0.0, -1.8]
Indi 20: Fitness: 70.32000000000001Genotype: [1.5, 1.3, 1.6, 0.0, 0.0, 0.0, 1.4, 0.0, 0.0, 0.0, -2.0, 0.0, -1.7, 0.0, -1.9, 0.0, -1.3, 1.6, -1.3, 0.0, -1.4, 0.0, -1.5, 2.0, -1.9, 0.0, -1.8, -1.6, -1.3, 0.0, 0.0, 0.0, 0.0, 0.0, -1.8]
Indi 21: Fitness: 70.43999999999998Genotype: [0.0, 0.0, 1.6, -1.6, 0.0, 0.0, -1.8, 0.0, -1.6, 0.0, 0.0, 0.0, 0.0, 0.0, 0.0, -1.8, 0.0, 0.0, 0.0, 0.0, -1.4, 0.0, -1.5, 1.9, -1.9, -1.9, 1.9, 0.0, -1.3, 0.0, 0.0, 0.0, -1.6, 0.0, -1.8]
Indi 22: Fitness: 70.44Genotype: [1.5, 1.3, 1.6, 0.0, 0.0, 0.0, 0.0, 1.6, -1.6, 0.0, -2.0, 0.0, -1.7, 0.0, 0.0, -1.8, 0.0, 1.9, 0.0, 0.0, -1.4, 0.0, -1.5, 2.0, -1.9, 0.0, 1.8, 0.0, -1.3, 1.7, 0.0, 0.0, 0.0, 0.0, -1.8]
Indi 23: Fitness: 70.52000000000001Genotype: [0.0, 0.0, 0.0, -1.6, 0.0, 0.0, -1.8, 0.0, 0.0, 0.0, 1.6, 0.0, 0.0, 0.0, 0.0, 0.0, 0.0, 1.6, 0.0, 0.0, -1.4, 0.0, 0.0, 1.9, -1.9, 1.4, 1.9, 0.0, -1.3, 0.0, 0.0, 0.0, -1.6, 0.0, -1.8]
Indi 24: Fitness: 70.56Genotype: [1.5, 1.3, 0.0, -1.6, 0.0, 0.0, 0.0, 0.0, -1.6, 0.0, -2.0, 0.0, -1.7, 0.0, 0.0, 0.0, 0.0, 1.6, 0.0, -2.0, -1.4, 0.0, 0.0, 2.0, -1.3, 1.3, 0.0, 0.0, -1.3, 0.0, 0.0, 0.0, -1.6, 0.0, -1.8]
Indi 25: Fitness: 70.68Genotype: [1.5, 1.3, 1.6, -1.6, 0.0, -1.5, 0.0, 0.0, -1.3, 0.0, -2.0, 0.0, -1.7, 0.0, -1.6, 0.0, 0.0, 1.6, 0.0, 0.0, -1.4, 0.0, -1.5, 2.0, -1.9, 0.0, 1.9, 0.0, -1.3, 0.0, 0.0, 0.0, 0.0, 0.0, -1.8]
Indi 26: Fitness: 70.72Genotype: [1.5, 1.3, 1.6, -1.6, 0.0, 0.0, 0.0, 0.0, -1.6, 0.0, -2.0, 0.0, -1.7, 0.0, -1.9, 0.0, -1.3, 1.6, 0.0, 0.0, -1.4, 0.0, -1.5, 2.0, -1.9, 0.0, 1.9, -1.6, -1.3, 0.0, 0.0, 0.0, 0.0, 0.0, -1.8]
Indi 27: Fitness: 70.84Genotype: [1.5, 1.3, 1.6, -1.6, -1.2, 0.0, 0.0, 0.0, -1.3, 0.0, 0.0, 0.0, -1.7, 0.0, 0.0, -1.4, 0.0, 1.6, 1.8, 0.0, -1.4, 0.0, -1.5, 2.0, -1.9, 0.0, 0.0, 0.0, -1.3, 0.0, 0.0, 0.0, 0.0, 0.0, -1.8]
Indi 28: Fitness: 70.84Genotype: [0.0, 0.0, 0.0, -1.6, 0.0, 0.0, -1.8, 0.0, 0.0, 0.0, 1.6, 0.0, 0.0, 0.0, 0.0, 0.0, -2.0, 1.6, 0.0, 0.0, -1.4, 0.0, -1.6, 0.0, -1.9, 1.4, 1.9, 0.0, -1.9, 0.0, 0.0, 0.0, -1.6, 0.0, -1.8]
Indi 29: Fitness: 70.88000000000001Genotype: [0.0, 1.3, 1.6, -1.6, 0.0, 0.0, -1.8, 0.0, -1.6, 0.0, -2.0, 0.0, 0.0, 0.0, 0.0, -1.8, 0.0, 1.6, 0.0, 0.0, -1.4, 0.0, -1.5, 1.9, -1.9, 1.4, 1.9, 0.0, -1.3, 0.0, 0.0, 0.0, -1.6, 0.0, -1.8]
Indi 30: Fitness: 70.92Genotype: [0.0, 1.3, 1.6, -1.6, -1.6, 0.0, -1.8, 0.0, -1.6, 0.0, -2.0, 0.0, 0.0, 0.0, 0.0, -1.8, 0.0, 1.6, 0.0, 0.0, -1.4, 0.0, -1.5, 1.5, -1.9, 1.4, 1.9, 0.0, -1.3, 0.0, 0.0, -1.7, -1.6, 0.0, -1.8]
Indi 31: Fitness: 71.11999999999999Genotype: [1.5, 0.0, 1.6, -1.3, 1.2, 0.0, 0.0, 1.6, -1.6, 0.0, -2.0, 0.0, 0.0, 0.0, 0.0, 0.0, 0.0, 1.6, 1.4, 0.0, -1.4, -1.8, -1.5, 2.0, 0.0, 0.0, 1.8, 0.0, -1.3, 0.0, -1.3, 0.0, 0.0, 0.0, -1.8]
Indi 32: Fitness: 71.32Genotype: [1.5, 1.3, 1.6, -1.6, 0.0, 0.0, -1.8, 0.0, 0.0, 0.0, 1.6, 0.0, 0.0, 0.0, 0.0, 0.0, 0.0, 1.6, 0.0, 0.0, -1.4, 0.0, -1.5, 1.9, -1.9, 1.4, 1.9, 0.0, -1.3, 0.0, 0.0, 0.0, -1.6, 0.0, -1.8]
Indi 33: Fitness: 71.32000000000001Genotype: [1.5, 1.3, 0.0, -1.6, -1.9, 1.6, 1.7, 1.4, -1.6, 0.0, -2.0, 0.0, 2.0, -1.6, -1.6, -1.8, 0.0, 0.0, 0.0, -2.0, -2.0, 0.0, 0.0, 1.5, -1.4, 0.0, -1.4, -1.5, 1.5, 0.0, 0.0, 0.0, 0.0, 0.0, -1.8]
Indi 34: Fitness: 71.44Genotype: [1.5, 1.3, 0.0, -1.6, -1.4, 1.6, 1.7, 0.0, -1.6, 0.0, -2.0, 0.0, 2.0, -1.6, -1.6, -1.8, 0.0, 0.0, 0.0, -2.0, -2.0, 0.0, 0.0, 1.5, 0.0, 0.0, -1.4, -1.5, 1.5, 0.0, 0.0, 0.0, 0.0, 0.0, -1.8]
Indi 35: Fitness: 71.44000000000001Genotype: [1.5, 1.3, 1.6, -1.6, 0.0, 0.0, 0.0, 1.6, -1.6, 0.0, -2.0, 0.0, -1.7, 0.0, 0.0, -1.8, 0.0, 1.6, 0.0, 0.0, -1.4, 0.0, -1.5, 2.0, -1.9, 0.0, 1.8, 0.0, -1.3, 0.0, 0.0, 0.0, 0.0, 0.0, -1.8]
Indi 36: Fitness: 71.75999999999999Genotype: [1.5, 1.3, 1.6, -1.6, 0.0, 0.0, -1.8, 0.0, 0.0, 0.0, 1.6, 0.0, 0.0, 0.0, 0.0, 0.0, 0.0, 1.6, 0.0, 0.0, -1.4, 0.0, 0.0, 1.9, -1.9, 1.4, 1.9, 0.0, -1.3, 0.0, 0.0, 0.0, -1.6, 0.0, -1.8]
Indi 37: Fitness: 71.75999999999999Genotype: [1.5, 1.3, 1.6, -1.6, 0.0, 0.0, 0.0, 0.0, -1.5, 0.0, -2.0, 0.0, -1.7, 0.0, -1.9, 0.0, -1.3, 1.6, -1.6, 0.0, -1.4, 0.0, -1.5, 2.0, -1.9, 0.0, 0.0, 0.0, -1.3, 0.0, 0.0, 0.0, 0.0, -1.4, -1.8]
Indi 38: Fitness: 71.96363636363637Genotype: [1.5, 1.3, 0.0, -1.6, 0.0, 0.0, 0.0, 0.0, -1.6, 0.0, -2.0, 0.0, -1.7, 0.0, 0.0, 0.0, 0.0, 1.6, 0.0, 0.0, -1.4, 0.0, 1.5, 2.0, -1.3, 1.2, 1.9, 0.0, -1.3, 0.0, 0.0, 0.0, -1.6, 0.0, -1.8]
Indi 39: Fitness: 72.0Genotype: [0.0, 0.0, 1.6, -1.6, 0.0, 0.0, 0.0, 0.0, 0.0, 0.0, 1.6, 0.0, 0.0, 0.0, 0.0, 0.0, 0.0, 1.6, 0.0, 0.0, -1.4, 0.0, -1.5, 1.9, -1.9, 1.4, 1.9, 0.0, -1.3, 0.0, 0.0, 0.0, -1.7, 0.0, -1.8]
Indi 40: Fitness: 72.03999999999999Genotype: [1.5, 1.3, 0.0, -1.6, -1.9, 1.6, 1.7, 1.4, -1.6, 0.0, -2.0, 0.0, 2.0, -1.6, -1.6, -1.8, 0.0, 0.0, 0.0, -2.0, -2.0, 0.0, 0.0, 1.5, -1.4, 0.0, -1.4, -1.5, 1.5, 0.0, 0.0, 0.0, 0.0, 0.0, -1.8]
Indi 41: Fitness: 72.03999999999999Genotype: [0.0, 0.0, 1.6, -1.6, 0.0, 0.0, -1.8, 0.0, 0.0, 0.0, 1.6, 0.0, 0.0, 0.0, 0.0, 0.0, 0.0, 1.6, 0.0, 0.0, -1.4, 0.0, -1.5, 1.9, -1.9, 1.4, 1.9, 0.0, -1.3, 0.0, 0.0, 0.0, -1.6, 0.0, -1.8]
Indi 42: Fitness: 72.03999999999999Genotype: [1.5, 1.3, 1.6, -1.6, 0.0, 0.0, 0.0, 0.0, -1.6, 0.0, -2.0, 0.0, -1.7, 0.0, -1.9, 0.0, -1.3, 1.6, 0.0, 0.0, -1.4, 0.0, -1.5, 2.0, -1.9, 0.0, 1.9, -1.6, -1.3, 0.0, 0.0, 0.0, 0.0, 0.0, -1.8]
Indi 43: Fitness: 72.04Genotype: [1.5, 1.3, 1.6, -1.3, 1.2, 0.0, 0.0, 1.6, -1.6, 0.0, -2.0, 0.0, -1.7, 0.0, 0.0, -1.8, 0.0, 1.6, 0.0, 0.0, -1.4, -1.8, -1.5, 2.0, 0.0, 0.0, 1.8, 0.0, -1.3, 0.0, -1.3, 0.0, 0.0, 0.0, -1.8]
Indi 44: Fitness: 72.08000000000001Genotype: [1.5, 1.3, 1.6, -1.6, 0.0, 0.0, 0.0, 1.6, -1.6, 0.0, -2.0, 0.0, -1.7, 0.0, 0.0, -1.8, 0.0, 1.6, 0.0, 0.0, -1.4, 0.0, -1.5, 2.0, -1.9, 0.0, 1.8, 0.0, -1.3, 0.0, 0.0, 0.0, 0.0, 0.0, -1.8]
Indi 45: Fitness: 72.16Genotype: [0.0, 1.3, 1.6, -1.6, 0.0, 0.0, -1.8, 0.0, -1.6, 0.0, -2.0, 0.0, 0.0, 0.0, 0.0, -1.8, 0.0, 1.6, 0.0, 0.0, -1.4, 0.0, -1.5, 1.9, -1.9, 1.4, 1.9, 0.0, -1.3, 0.0, 0.0, 0.0, -1.6, 0.0, -1.8]
Indi 46: Fitness: 72.16Genotype: [0.0, 0.0, 0.0, -1.6, 0.0, 0.0, -1.8, 0.0, 0.0, 0.0, 1.6, 0.0, 0.0, 0.0, 0.0, 0.0, 0.0, 1.6, 0.0, 0.0, -1.4, 0.0, 0.0, 1.9, -1.9, 1.4, 1.9, 0.0, -1.3, 0.0, 0.0, 0.0, -1.6, 0.0, -1.8]
Indi 47: Fitness: 72.2Genotype: [1.5, 1.3, 0.0, -1.6, 0.0, 0.0, 0.0, 0.0, -1.6, 0.0, -2.0, 0.0, -1.7, 0.0, 0.0, 0.0, 0.0, 1.6, 0.0, 0.0, -1.4, 0.0, 1.5, 2.0, -1.3, 1.2, 1.9, 0.0, -1.3, 0.0, 0.0, 0.0, -1.6, 0.0, -1.8]
Indi 48: Fitness: 72.24000000000001Genotype: [1.5, 1.3, 1.6, -1.6, 0.0, 0.0, 0.0, 0.0, -1.6, 0.0, -2.0, 0.0, -1.7, 0.0, -1.9, 0.0, -1.3, 1.6, 0.0, 0.0, -1.4, 0.0, -1.5, 2.0, -1.9, 0.0, 1.9, -1.6, -1.3, 0.0, 0.0, 0.0, 0.0, 0.0, -1.8]
Indi 49: Fitness: 72.32Genotype: [1.5, 1.3, 1.6, -1.6, -1.2, 0.0, 0.0, 0.0, 0.0, 0.0, 0.0, 0.0, -1.7, 0.0, 0.0, -1.4, 0.0, 1.6, 0.0, 0.0, -1.4, 0.0, -1.5, 2.0, -1.9, 0.0, 0.0, 0.0, -1.3, 0.0, 0.0, 0.0, -1.6, 0.0, -1.8]
