INICIO: Sat Jan 27 18:28:28 EST 2018
INDIVIDUALS OF LAST GENERATION: 0
Indi 0: Fitness: 22.81212121212122Genotype: [1.0, 0.0, 0.0, 0.0, 0.0, 1.5, 0.0, 1.1, 1.7, 0.0, 0.0, 0.0, 1.4, 0.0]
Indi 1: Fitness: 24.460606060606068Genotype: [1.2, 1.1, 1.5, 2.0, 1.5, 0.0, 0.0, 1.8, 1.1, 1.9, 0.0, 1.8, 1.4, 1.3]
Indi 2: Fitness: 25.412121212121217Genotype: [0.0, 0.0, 1.3, 1.3, 0.0, 0.0, 0.0, 0.0, 0.0, 0.0, 1.7, 1.3, 0.0, 0.0]
Indi 3: Fitness: 29.00505050505051Genotype: [0.0, 1.4, 0.0, 0.0, 1.5, 0.0, 1.9, 2.0, 0.0, 1.1, 1.4, 1.1, 1.4, 1.1]
Indi 4: Fitness: 43.91212121212122Genotype: [0.0, 1.6, 1.2, 1.5, 1.9, 0.0, 1.7, 0.0, 0.0, 0.0, 1.3, 1.4, 0.0, 0.0]
Indi 5: Fitness: 46.608080808080814Genotype: [0.0, 0.0, 1.7, 0.0, 1.7, 0.0, 0.0, 1.4, 0.0, 0.0, 1.4, 0.0, 1.3, 1.6]
Indi 6: Fitness: 48.112121212121224Genotype: [0.0, 1.4, 1.8, 1.3, 1.6, 0.0, 1.7, 0.0, 1.7, 2.0, 1.1, 1.6, 0.0, 0.0]
Indi 7: Fitness: 48.71212121212122Genotype: [1.4, 1.6, 1.7, 1.3, 0.0, 1.8, 1.5, 0.0, 1.2, 1.6, 0.0, 0.0, 0.0, 1.5]
Indi 8: Fitness: 48.81212121212121Genotype: [0.0, 0.0, 0.0, 1.8, 1.6, 1.1, 0.0, 0.0, 1.2, 0.0, 1.0, 0.0, 0.0, 0.0]
Indi 9: Fitness: 49.41212121212122Genotype: [1.7, 0.0, 0.0, 1.9, 0.0, 1.5, 0.0, 1.6, 1.2, 1.1, 0.0, 0.0, 0.0, 0.0]
Indi 10: Fitness: 50.012121212121215Genotype: [0.0, 1.1, 0.0, 0.0, 0.0, 0.0, 0.0, 1.1, 0.0, 1.2, 0.0, 1.5, 1.0, 0.0]
Indi 11: Fitness: 50.41212121212122Genotype: [1.3, 0.0, 0.0, 1.1, 1.3, 1.2, 1.1, 0.0, 1.2, 0.0, 0.0, 1.0, 0.0, 0.0]
Indi 12: Fitness: 50.71212121212122Genotype: [1.3, 1.0, 1.5, 0.0, 0.0, 0.0, 1.2, 0.0, 0.0, 1.0, 0.0, 1.8, 1.5, 0.0]
Indi 13: Fitness: 50.81212121212122Genotype: [0.0, 0.0, 1.7, 0.0, 0.0, 0.0, 1.4, 0.0, 1.6, 0.0, 1.4, 1.8, 0.0, 0.0]
Indi 14: Fitness: 50.90606060606062Genotype: [1.9, 1.5, 1.9, 2.0, 0.0, 0.0, 1.9, 1.7, 0.0, 1.1, 0.0, 0.0, 1.9, 0.0]
Indi 15: Fitness: 50.912121212121214Genotype: [1.5, 0.0, 0.0, 0.0, 1.2, 1.6, 1.3, 0.0, 0.0, 0.0, 1.3, 0.0, 1.3, 0.0]
Indi 16: Fitness: 51.91212121212122Genotype: [0.0, 1.5, 0.0, 0.0, 0.0, 1.4, 0.0, 1.0, 1.9, 0.0, 0.0, 1.9, 0.0, 0.0]
Indi 17: Fitness: 52.51212121212122Genotype: [0.0, 0.0, 1.0, 1.7, 0.0, 2.0, 0.0, 1.6, 0.0, 2.0, 0.0, 0.0, 1.5, 0.0]
Indi 18: Fitness: 52.912121212121214Genotype: [0.0, 1.8, 0.0, 0.0, 0.0, 0.0, 1.4, 0.0, 1.2, 0.0, 0.0, 1.1, 0.0, 0.0]
Indi 19: Fitness: 53.01212121212122Genotype: [0.0, 1.6, 0.0, 0.0, 1.0, 1.3, 0.0, 1.4, 0.0, 0.0, 0.0, 1.7, 0.0, 1.3]
