INICIO: Sat Jan 27 18:37:35 EST 2018
INDIVIDUALS OF LAST GENERATION: 6
Indi 0: Fitness: -13.387878787878783Genotype: [1.5, 0.0, 0.0, 0.0, 1.5, 1.6, 1.1, 0.0, 0.0, 0.0, 1.3, 0.0, 1.3, 0.0]
Indi 1: Fitness: 26.712121212121218Genotype: [0.0, 1.6, 0.0, 0.0, 1.9, 1.3, 0.0, 1.4, 0.0, 1.1, 0.0, 1.7, 0.0, 1.3]
Indi 2: Fitness: 45.012121212121215Genotype: [1.5, 0.0, 0.0, 0.0, 1.2, 1.6, 1.1, 1.3, 0.0, 0.0, 1.3, 0.0, 1.3, 0.0]
Indi 3: Fitness: 46.112121212121224Genotype: [1.5, 0.0, 0.0, 0.0, 0.0, 1.4, 0.0, 1.0, 1.7, 0.0, 0.0, 1.9, 0.0, 0.0]
Indi 4: Fitness: 47.012121212121215Genotype: [2.0, 1.8, 0.0, 0.0, 0.0, 0.0, 1.4, 0.0, 1.2, 0.0, 0.0, 1.1, 0.0, 1.8]
Indi 5: Fitness: 47.412121212121214Genotype: [0.0, 0.0, 1.6, 0.0, 1.0, 1.3, 0.0, 1.4, 0.0, 0.0, 0.0, 1.7, 0.0, 1.3]
Indi 6: Fitness: 48.21212121212122Genotype: [1.5, 0.0, 0.0, 0.0, 0.0, 1.4, 1.1, 1.5, 1.9, 0.0, 0.0, 1.9, 0.0, 0.0]
Indi 7: Fitness: 49.112121212121224Genotype: [0.0, 0.0, 0.0, 0.0, 0.0, 1.4, 0.0, 1.0, 1.9, 0.0, 0.0, 1.9, 0.0, 0.0]
Indi 8: Fitness: 49.81212121212122Genotype: [0.0, 1.8, 0.0, 0.0, 0.0, 0.0, 1.4, 0.0, 1.2, 0.0, 0.0, 1.1, 1.3, 0.0]
Indi 9: Fitness: 50.012121212121215Genotype: [1.5, 0.0, 0.0, 0.0, 0.0, 1.4, 0.0, 1.0, 1.9, 0.0, 0.0, 1.9, 0.0, 0.0]
Indi 10: Fitness: 50.11212121212122Genotype: [0.0, 1.6, 0.0, 0.0, 1.0, 1.3, 0.0, 1.4, 0.0, 0.0, 0.0, 1.7, 0.0, 1.3]
Indi 11: Fitness: 50.21212121212122Genotype: [1.5, 0.0, 0.0, 0.0, 1.2, 1.6, 1.1, 0.0, 0.0, 0.0, 1.3, 0.0, 1.3, 0.0]
Indi 12: Fitness: 50.71212121212122Genotype: [0.0, 1.8, 0.0, 0.0, 1.2, 1.6, 1.1, 0.0, 0.0, 0.0, 1.3, 0.0, 1.3, 0.0]
Indi 13: Fitness: 51.21212121212122Genotype: [0.0, 0.0, 0.0, 0.0, 1.0, 1.3, 0.0, 1.4, 0.0, 0.0, 0.0, 1.7, 0.0, 1.3]
Indi 14: Fitness: 52.012121212121215Genotype: [0.0, 1.6, 0.0, 0.0, 1.0, 1.3, 0.0, 1.4, 0.0, 0.0, 0.0, 1.7, 0.0, 1.3]
Indi 15: Fitness: 52.612121212121224Genotype: [1.5, 0.0, 0.0, 0.0, 0.0, 1.4, 0.0, 1.0, 1.9, 0.0, 0.0, 1.9, 0.0, 0.0]
Indi 16: Fitness: 52.912121212121214Genotype: [0.0, 1.8, 0.0, 0.0, 0.0, 0.0, 1.4, 0.0, 1.2, 0.0, 0.0, 1.1, 0.0, 0.0]
Indi 17: Fitness: 53.01212121212122Genotype: [0.0, 1.6, 0.0, 0.0, 1.0, 1.3, 0.0, 1.4, 0.0, 0.0, 0.0, 1.7, 0.0, 1.3]
Indi 18: Fitness: 53.21212121212122Genotype: [0.0, 0.0, 0.0, 0.0, 1.0, 1.3, 0.0, 1.4, 0.0, 0.0, 0.0, 1.7, 0.0, 1.3]
Indi 19: Fitness: 53.512121212121215Genotype: [1.5, 0.0, 0.0, 0.0, 1.2, 1.6, 1.1, 0.0, 0.0, 0.0, 1.3, 0.0, 1.3, 0.0]
