INICIO: Sat Jan 27 18:36:06 EST 2018
INDIVIDUALS OF LAST GENERATION: 5
Indi 0: Fitness: -13.987878787878785Genotype: [1.5, 0.0, 0.0, 0.0, 1.2, 0.0, 1.1, 0.0, 1.2, 0.0, 1.3, 0.0, 1.3, 0.0]
Indi 1: Fitness: -12.787878787878782Genotype: [1.5, 0.0, 0.0, 0.0, 1.2, 1.6, 1.1, 1.6, 0.0, 0.0, 1.7, 0.0, 1.3, 0.0]
Indi 2: Fitness: 31.012121212121222Genotype: [0.0, 1.8, 0.0, 0.0, 0.0, 0.0, 1.4, 0.0, 0.0, 0.0, 0.0, 1.1, 0.0, 0.0]
Indi 3: Fitness: 47.91212121212122Genotype: [1.5, 1.5, 0.0, 0.0, 0.0, 1.4, 0.0, 1.0, 1.9, 1.3, 0.0, 1.9, 0.0, 0.0]
Indi 4: Fitness: 48.31212121212122Genotype: [0.0, 1.9, 0.0, 0.0, 1.0, 1.3, 0.0, 1.4, 0.0, 0.0, 0.0, 1.7, 0.0, 0.0]
Indi 5: Fitness: 48.31212121212122Genotype: [0.0, 1.8, 0.0, 0.0, 1.7, 0.0, 1.9, 0.0, 1.2, 0.0, 0.0, 1.1, 0.0, 0.0]
Indi 6: Fitness: 49.31212121212121Genotype: [0.0, 1.6, 0.0, 0.0, 1.0, 1.3, 0.0, 0.0, 0.0, 0.0, 1.5, 1.7, 0.0, 1.3]
Indi 7: Fitness: 49.71212121212122Genotype: [1.5, 0.0, 0.0, 0.0, 0.0, 2.0, 0.0, 1.0, 1.9, 0.0, 0.0, 1.9, 0.0, 0.0]
Indi 8: Fitness: 50.31212121212122Genotype: [0.0, 1.8, 0.0, 0.0, 0.0, 1.4, 0.0, 1.0, 1.9, 0.0, 0.0, 1.9, 0.0, 0.0]
Indi 9: Fitness: 50.41212121212122Genotype: [1.5, 0.0, 0.0, 0.0, 0.0, 1.4, 0.0, 1.0, 1.9, 0.0, 0.0, 1.9, 0.0, 0.0]
Indi 10: Fitness: 50.91212121212122Genotype: [0.0, 0.0, 0.0, 0.0, 1.0, 1.3, 0.0, 1.4, 2.0, 0.0, 0.0, 1.7, 0.0, 1.3]
Indi 11: Fitness: 51.31212121212122Genotype: [0.0, 0.0, 0.0, 0.0, 1.0, 1.3, 0.0, 1.4, 0.0, 0.0, 0.0, 1.7, 0.0, 1.3]
Indi 12: Fitness: 51.31212121212122Genotype: [0.0, 1.6, 0.0, 0.0, 0.0, 1.4, 0.0, 1.0, 1.9, 0.0, 0.0, 1.9, 0.0, 0.0]
Indi 13: Fitness: 51.81212121212123Genotype: [1.5, 0.0, 0.0, 0.0, 1.0, 1.3, 0.0, 1.4, 0.0, 0.0, 0.0, 1.7, 0.0, 1.3]
Indi 14: Fitness: 52.61212121212122Genotype: [0.0, 0.0, 0.0, 0.0, 1.0, 1.3, 0.0, 1.4, 0.0, 0.0, 0.0, 0.0, 0.0, 1.3]
Indi 15: Fitness: 52.612121212121224Genotype: [1.5, 0.0, 0.0, 0.0, 0.0, 1.4, 0.0, 1.0, 1.9, 0.0, 0.0, 1.9, 0.0, 0.0]
Indi 16: Fitness: 52.912121212121214Genotype: [0.0, 1.8, 0.0, 0.0, 0.0, 0.0, 1.4, 0.0, 1.2, 0.0, 0.0, 1.1, 0.0, 0.0]
Indi 17: Fitness: 53.01212121212122Genotype: [0.0, 1.6, 0.0, 0.0, 1.0, 1.3, 0.0, 1.4, 0.0, 0.0, 0.0, 1.7, 0.0, 1.3]
Indi 18: Fitness: 53.21212121212122Genotype: [0.0, 0.0, 0.0, 0.0, 1.0, 1.3, 0.0, 1.4, 0.0, 0.0, 0.0, 1.7, 0.0, 1.3]
Indi 19: Fitness: 53.512121212121215Genotype: [1.5, 0.0, 0.0, 0.0, 1.2, 1.6, 1.1, 0.0, 0.0, 0.0, 1.3, 0.0, 1.3, 0.0]
