INICIO: Sat Jan 27 18:42:03 EST 2018
INDIVIDUALS OF LAST GENERATION: 9
Indi 0: Fitness: 18.212121212121215Genotype: [0.0, 1.8, 0.0, 1.1, 0.0, 0.0, 1.4, 0.0, 1.2, 0.0, 0.0, 1.1, 0.0, 0.0]
Indi 1: Fitness: 47.14343434343435Genotype: [1.5, 0.0, 0.0, 0.0, 1.2, 1.6, 1.1, 0.0, 0.0, 0.0, 1.3, 0.0, 1.3, 1.4]
Indi 2: Fitness: 47.61212121212122Genotype: [0.0, 1.6, 1.5, 0.0, 1.0, 0.0, 0.0, 1.4, 0.0, 0.0, 0.0, 1.7, 0.0, 1.3]
Indi 3: Fitness: 47.71212121212122Genotype: [0.0, 1.8, 0.0, 0.0, 0.0, 0.0, 1.4, 0.0, 1.2, 0.0, 0.0, 1.1, 0.0, 0.0]
Indi 4: Fitness: 47.91212121212122Genotype: [1.8, 0.0, 0.0, 0.0, 1.2, 1.6, 1.1, 0.0, 0.0, 0.0, 1.3, 0.0, 1.3, 0.0]
Indi 5: Fitness: 48.11212121212122Genotype: [0.0, 1.6, 0.0, 0.0, 1.0, 1.3, 0.0, 1.4, 0.0, 0.0, 1.4, 0.0, 0.0, 1.3]
Indi 6: Fitness: 48.21212121212122Genotype: [1.5, 0.0, 0.0, 0.0, 1.2, 1.3, 1.1, 0.0, 0.0, 0.0, 1.3, 0.0, 1.3, 0.0]
Indi 7: Fitness: 49.41212121212122Genotype: [0.0, 0.0, 0.0, 0.0, 1.0, 1.3, 0.0, 0.0, 0.0, 1.1, 0.0, 1.7, 0.0, 1.3]
Indi 8: Fitness: 49.51212121212122Genotype: [0.0, 0.0, 0.0, 0.0, 1.2, 1.6, 1.1, 0.0, 0.0, 0.0, 1.3, 0.0, 1.3, 0.0]
Indi 9: Fitness: 50.012121212121215Genotype: [0.0, 1.8, 0.0, 0.0, 1.0, 1.3, 0.0, 1.4, 0.0, 0.0, 0.0, 1.7, 0.0, 1.3]
Indi 10: Fitness: 50.21212121212122Genotype: [0.0, 1.6, 0.0, 0.0, 1.2, 1.6, 1.1, 0.0, 0.0, 0.0, 1.3, 0.0, 1.3, 0.0]
Indi 11: Fitness: 50.31212121212123Genotype: [0.0, 0.0, 0.0, 0.0, 1.0, 1.3, 0.0, 1.4, 0.0, 0.0, 0.0, 1.7, 0.0, 1.2]
Indi 12: Fitness: 51.01212121212122Genotype: [0.0, 0.0, 0.0, 0.0, 1.2, 1.6, 1.1, 0.0, 0.0, 0.0, 1.3, 0.0, 1.3, 0.0]
Indi 13: Fitness: 52.71212121212122Genotype: [1.5, 0.0, 0.0, 0.0, 1.2, 1.6, 1.1, 0.0, 0.0, 0.0, 1.3, 0.0, 1.3, 0.0]
Indi 14: Fitness: 52.912121212121214Genotype: [0.0, 1.8, 0.0, 0.0, 0.0, 0.0, 1.4, 0.0, 1.2, 0.0, 0.0, 1.1, 0.0, 0.0]
Indi 15: Fitness: 52.912121212121214Genotype: [1.5, 0.0, 0.0, 0.0, 0.0, 0.0, 1.4, 0.0, 1.2, 0.0, 0.0, 1.1, 0.0, 0.0]
Indi 16: Fitness: 53.01212121212122Genotype: [0.0, 1.6, 0.0, 0.0, 1.0, 1.3, 0.0, 1.4, 0.0, 0.0, 0.0, 1.7, 0.0, 1.3]
Indi 17: Fitness: 53.21212121212122Genotype: [1.5, 0.0, 0.0, 0.0, 1.2, 1.6, 1.1, 0.0, 0.0, 0.0, 1.3, 0.0, 1.3, 0.0]
Indi 18: Fitness: 53.21212121212122Genotype: [0.0, 0.0, 0.0, 0.0, 1.0, 1.3, 0.0, 1.4, 0.0, 0.0, 0.0, 1.7, 0.0, 1.3]
Indi 19: Fitness: 53.512121212121215Genotype: [1.5, 0.0, 0.0, 0.0, 1.2, 1.6, 1.1, 0.0, 0.0, 0.0, 1.3, 0.0, 1.3, 0.0]
