INICIO: Sat Jan 27 18:40:34 EST 2018
INDIVIDUALS OF LAST GENERATION: 8
Indi 0: Fitness: -15.638383838383838Genotype: [0.0, 1.6, 0.0, 0.0, 1.0, 1.3, 1.4, 1.4, 0.0, 0.0, 0.0, 1.7, 1.6, 1.3]
Indi 1: Fitness: -10.68787878787878Genotype: [0.0, 0.0, 0.0, 0.0, 1.9, 1.3, 0.0, 1.4, 0.0, 0.0, 0.0, 1.7, 0.0, 1.3]
Indi 2: Fitness: -6.287878787878778Genotype: [1.5, 0.0, 0.0, 1.5, 1.2, 1.6, 1.1, 0.0, 0.0, 0.0, 1.3, 0.0, 1.3, 0.0]
Indi 3: Fitness: 8.112121212121213Genotype: [0.0, 0.0, 0.0, 0.0, 1.0, 1.3, 0.0, 1.4, 0.0, 0.0, 1.3, 1.7, 0.0, 1.3]
Indi 4: Fitness: 47.81212121212121Genotype: [1.5, 0.0, 0.0, 0.0, 0.0, 1.4, 1.9, 1.2, 1.9, 0.0, 0.0, 1.9, 0.0, 0.0]
Indi 5: Fitness: 48.21212121212122Genotype: [0.0, 1.8, 2.0, 0.0, 0.0, 0.0, 1.4, 0.0, 1.2, 0.0, 0.0, 0.0, 0.0, 0.0]
Indi 6: Fitness: 48.91212121212122Genotype: [1.5, 0.0, 0.0, 0.0, 0.0, 0.0, 0.0, 1.0, 1.9, 0.0, 0.0, 1.9, 0.0, 1.9]
Indi 7: Fitness: 51.012121212121215Genotype: [0.0, 1.6, 0.0, 0.0, 1.0, 1.3, 0.0, 1.4, 0.0, 0.0, 0.0, 1.7, 0.0, 0.0]
Indi 8: Fitness: 51.11212121212122Genotype: [0.0, 1.8, 0.0, 0.0, 1.0, 1.3, 0.0, 1.4, 0.0, 0.0, 0.0, 1.7, 0.0, 1.3]
Indi 9: Fitness: 51.41212121212122Genotype: [0.0, 0.0, 0.0, 0.0, 1.0, 1.3, 0.0, 1.4, 0.0, 0.0, 0.0, 1.7, 0.0, 1.3]
Indi 10: Fitness: 51.61212121212122Genotype: [0.0, 1.8, 0.0, 0.0, 0.0, 0.0, 1.4, 0.0, 1.2, 0.0, 0.0, 1.1, 0.0, 0.0]
Indi 11: Fitness: 51.91212121212122Genotype: [0.0, 1.6, 0.0, 0.0, 0.0, 0.0, 1.4, 0.0, 1.2, 0.0, 0.0, 1.1, 0.0, 0.0]
Indi 12: Fitness: 52.012121212121215Genotype: [1.5, 0.0, 0.0, 0.0, 0.0, 1.4, 0.0, 1.0, 1.9, 0.0, 0.0, 1.9, 0.0, 0.0]
Indi 13: Fitness: 52.31212121212122Genotype: [1.5, 0.0, 0.0, 0.0, 1.2, 1.6, 1.1, 0.0, 0.0, 0.0, 1.3, 0.0, 0.0, 0.0]
Indi 14: Fitness: 52.612121212121224Genotype: [1.5, 0.0, 0.0, 0.0, 0.0, 1.4, 0.0, 1.0, 1.9, 0.0, 0.0, 1.9, 0.0, 0.0]
Indi 15: Fitness: 52.912121212121214Genotype: [0.0, 1.8, 0.0, 0.0, 0.0, 0.0, 1.4, 0.0, 1.2, 0.0, 0.0, 1.1, 0.0, 0.0]
Indi 16: Fitness: 53.01212121212122Genotype: [0.0, 1.6, 0.0, 0.0, 1.0, 1.3, 0.0, 1.4, 0.0, 0.0, 0.0, 1.7, 0.0, 1.3]
Indi 17: Fitness: 53.21212121212122Genotype: [0.0, 0.0, 0.0, 0.0, 1.0, 1.3, 0.0, 1.4, 0.0, 0.0, 0.0, 1.7, 0.0, 1.3]
Indi 18: Fitness: 53.21212121212122Genotype: [1.5, 0.0, 0.0, 0.0, 1.2, 1.6, 1.1, 0.0, 0.0, 0.0, 1.3, 0.0, 1.3, 0.0]
Indi 19: Fitness: 53.512121212121215Genotype: [1.5, 0.0, 0.0, 0.0, 1.2, 1.6, 1.1, 0.0, 0.0, 0.0, 1.3, 0.0, 1.3, 0.0]
