INICIO: Sat Jan 27 18:31:38 EST 2018
INDIVIDUALS OF LAST GENERATION: 2
Indi 0: Fitness: 43.91212121212122Genotype: [0.0, 1.6, 0.0, 0.0, 1.0, 1.3, 0.0, 1.4, 0.0, 0.0, 0.0, 0.0, 0.0, 1.3]
Indi 1: Fitness: 45.71212121212122Genotype: [0.0, 0.0, 0.0, 0.0, 0.0, 0.0, 0.0, 0.0, 1.2, 0.0, 0.0, 1.1, 0.0, 0.0]
Indi 2: Fitness: 47.31212121212123Genotype: [1.5, 0.0, 0.0, 0.0, 0.0, 1.4, 1.1, 1.8, 1.9, 0.0, 0.0, 1.9, 0.0, 0.0]
Indi 3: Fitness: 47.81212121212121Genotype: [1.5, 0.0, 0.0, 1.4, 1.2, 1.9, 1.1, 0.0, 0.0, 0.0, 1.3, 0.0, 1.3, 0.0]
Indi 4: Fitness: 48.212121212121225Genotype: [1.5, 0.0, 0.0, 0.0, 1.2, 1.6, 1.1, 0.0, 1.5, 0.0, 1.3, 0.0, 1.3, 0.0]
Indi 5: Fitness: 48.61212121212122Genotype: [1.5, 0.0, 0.0, 0.0, 0.0, 1.4, 0.0, 1.0, 1.9, 0.0, 0.0, 1.9, 0.0, 1.6]
Indi 6: Fitness: 48.71212121212122Genotype: [0.0, 1.6, 0.0, 0.0, 1.0, 0.0, 0.0, 1.4, 0.0, 0.0, 0.0, 1.7, 0.0, 1.3]
Indi 7: Fitness: 48.91212121212122Genotype: [0.0, 0.0, 0.0, 0.0, 1.0, 1.3, 0.0, 1.4, 0.0, 0.0, 0.0, 1.7, 0.0, 1.3]
Indi 8: Fitness: 50.31212121212122Genotype: [0.0, 1.8, 0.0, 0.0, 0.0, 0.0, 1.4, 0.0, 1.2, 1.6, 0.0, 0.0, 0.0, 0.0]
Indi 9: Fitness: 50.81212121212122Genotype: [0.0, 0.0, 1.0, 1.7, 0.0, 0.0, 0.0, 1.6, 0.0, 0.0, 0.0, 0.0, 1.5, 0.0]
Indi 10: Fitness: 50.91212121212122Genotype: [1.5, 0.0, 0.0, 0.0, 0.0, 1.4, 0.0, 1.0, 1.9, 0.0, 0.0, 1.9, 0.0, 0.0]
Indi 11: Fitness: 51.01212121212122Genotype: [0.0, 1.6, 0.0, 0.0, 0.0, 1.4, 0.0, 1.0, 1.9, 0.0, 0.0, 1.9, 0.0, 0.0]
Indi 12: Fitness: 51.51212121212122Genotype: [0.0, 1.8, 0.0, 1.7, 0.0, 2.0, 0.0, 1.6, 0.0, 2.0, 0.0, 0.0, 1.5, 0.0]
Indi 13: Fitness: 51.51212121212122Genotype: [1.5, 0.0, 0.0, 0.0, 0.0, 0.0, 1.4, 0.0, 1.2, 0.0, 0.0, 1.1, 0.0, 0.0]
Indi 14: Fitness: 52.51212121212122Genotype: [0.0, 0.0, 1.0, 1.7, 0.0, 2.0, 0.0, 1.6, 0.0, 2.0, 0.0, 0.0, 1.5, 0.0]
Indi 15: Fitness: 52.51212121212122Genotype: [0.0, 0.0, 1.0, 1.7, 0.0, 2.0, 0.0, 1.6, 0.0, 0.0, 1.1, 0.0, 1.5, 0.0]
Indi 16: Fitness: 52.612121212121224Genotype: [1.5, 0.0, 0.0, 0.0, 0.0, 1.4, 0.0, 1.0, 1.9, 0.0, 0.0, 1.9, 0.0, 0.0]
Indi 17: Fitness: 52.912121212121214Genotype: [0.0, 1.8, 0.0, 0.0, 0.0, 0.0, 1.4, 0.0, 1.2, 0.0, 0.0, 1.1, 0.0, 0.0]
Indi 18: Fitness: 53.01212121212122Genotype: [0.0, 1.6, 0.0, 0.0, 1.0, 1.3, 0.0, 1.4, 0.0, 0.0, 0.0, 1.7, 0.0, 1.3]
Indi 19: Fitness: 53.512121212121215Genotype: [1.5, 0.0, 0.0, 0.0, 1.2, 1.6, 1.1, 0.0, 0.0, 0.0, 1.3, 0.0, 1.3, 0.0]
