INICIO: Sat Jan 27 18:33:07 EST 2018
INDIVIDUALS OF LAST GENERATION: 3
Indi 0: Fitness: 18.11212121212122Genotype: [0.0, 1.6, 0.0, 0.0, 1.0, 1.3, 0.0, 1.4, 0.0, 1.6, 0.0, 1.3, 0.0, 1.3]
Indi 1: Fitness: 27.660606060606064Genotype: [1.5, 0.0, 0.0, 0.0, 1.2, 1.6, 1.1, 0.0, 0.0, 0.0, 1.3, 0.0, 1.3, 1.3]
Indi 2: Fitness: 35.512121212121215Genotype: [1.5, 0.0, 0.0, 0.0, 1.2, 1.6, 1.1, 0.0, 0.0, 0.0, 1.3, 0.0, 1.3, 0.0]
Indi 3: Fitness: 36.06060606060607Genotype: [0.0, 0.0, 1.0, 1.7, 0.0, 2.0, 0.0, 1.6, 0.0, 0.0, 1.9, 0.0, 1.5, 1.7]
Indi 4: Fitness: 46.91212121212122Genotype: [0.0, 1.6, 0.0, 0.0, 1.0, 1.3, 0.0, 1.4, 0.0, 0.0, 0.0, 1.7, 0.0, 1.7]
Indi 5: Fitness: 48.11212121212122Genotype: [1.5, 0.0, 0.0, 0.0, 1.2, 1.6, 1.1, 0.0, 0.0, 0.0, 1.9, 0.0, 1.3, 0.0]
Indi 6: Fitness: 48.41212121212122Genotype: [0.0, 0.0, 1.3, 1.7, 0.0, 0.0, 0.0, 1.6, 0.0, 0.0, 1.1, 0.0, 1.5, 0.0]
Indi 7: Fitness: 48.51212121212122Genotype: [1.5, 0.0, 0.0, 0.0, 0.0, 1.4, 0.0, 1.0, 1.9, 0.0, 0.0, 0.0, 0.0, 0.0]
Indi 8: Fitness: 49.11212121212122Genotype: [0.0, 0.0, 0.0, 0.0, 0.0, 1.4, 0.0, 1.0, 1.9, 0.0, 0.0, 1.9, 0.0, 0.0]
Indi 9: Fitness: 49.61212121212122Genotype: [0.0, 1.8, 0.0, 0.0, 0.0, 0.0, 1.6, 0.0, 1.2, 0.0, 0.0, 1.1, 0.0, 0.0]
Indi 10: Fitness: 50.61212121212122Genotype: [0.0, 1.8, 0.0, 0.0, 0.0, 0.0, 1.5, 0.0, 1.2, 1.1, 0.0, 1.1, 0.0, 0.0]
Indi 11: Fitness: 50.612121212121224Genotype: [0.0, 1.6, 0.0, 0.0, 0.0, 1.4, 0.0, 1.0, 1.9, 0.0, 0.0, 1.9, 0.0, 0.0]
Indi 12: Fitness: 51.31212121212122Genotype: [0.0, 1.8, 0.0, 0.0, 1.2, 1.6, 1.1, 0.0, 0.0, 0.0, 1.3, 0.0, 1.3, 0.0]
Indi 13: Fitness: 51.81212121212121Genotype: [1.5, 0.0, 0.0, 0.0, 1.0, 1.3, 0.0, 1.4, 0.0, 0.0, 0.0, 1.7, 0.0, 1.3]
Indi 14: Fitness: 52.51212121212122Genotype: [0.0, 0.0, 1.0, 1.7, 0.0, 2.0, 0.0, 1.6, 0.0, 0.0, 1.1, 0.0, 1.5, 0.0]
Indi 15: Fitness: 52.612121212121224Genotype: [1.5, 0.0, 0.0, 0.0, 0.0, 1.4, 0.0, 1.0, 1.9, 0.0, 0.0, 1.9, 0.0, 0.0]
Indi 16: Fitness: 52.912121212121214Genotype: [0.0, 1.8, 0.0, 0.0, 0.0, 0.0, 1.4, 0.0, 1.2, 0.0, 0.0, 1.1, 0.0, 0.0]
Indi 17: Fitness: 53.01212121212122Genotype: [0.0, 1.6, 0.0, 0.0, 1.0, 1.3, 0.0, 1.4, 0.0, 0.0, 0.0, 1.7, 0.0, 1.3]
Indi 18: Fitness: 53.21212121212122Genotype: [0.0, 0.0, 0.0, 0.0, 1.0, 1.3, 0.0, 1.4, 0.0, 0.0, 0.0, 1.7, 0.0, 1.3]
Indi 19: Fitness: 53.512121212121215Genotype: [1.5, 0.0, 0.0, 0.0, 1.2, 1.6, 1.1, 0.0, 0.0, 0.0, 1.3, 0.0, 1.3, 0.0]
