INICIO: Sat Jan 27 18:34:37 EST 2018
INDIVIDUALS OF LAST GENERATION: 4
Indi 0: Fitness: 15.912121212121221Genotype: [0.0, 1.8, 0.0, 0.0, 0.0, 0.0, 1.4, 0.0, 1.2, 1.7, 0.0, 1.1, 0.0, 0.0]
Indi 1: Fitness: 25.012121212121215Genotype: [0.0, 1.6, 1.9, 0.0, 1.0, 1.3, 0.0, 1.4, 0.0, 0.0, 0.0, 1.7, 0.0, 1.7]
Indi 2: Fitness: 33.012121212121215Genotype: [0.0, 0.0, 1.8, 0.0, 0.0, 0.0, 1.4, 0.0, 1.2, 0.0, 0.0, 1.1, 0.0, 0.0]
Indi 3: Fitness: 42.31212121212122Genotype: [0.0, 0.0, 0.0, 0.0, 0.0, 1.4, 0.0, 1.0, 1.9, 0.0, 0.0, 1.9, 0.0, 0.0]
Indi 4: Fitness: 46.112121212121224Genotype: [0.0, 1.6, 0.0, 0.0, 1.0, 1.3, 0.0, 1.4, 0.0, 0.0, 0.0, 1.7, 0.0, 1.3]
Indi 5: Fitness: 47.91212121212122Genotype: [1.5, 0.0, 0.0, 0.0, 0.0, 1.4, 0.0, 1.0, 1.9, 0.0, 1.5, 1.9, 0.0, 0.0]
Indi 6: Fitness: 48.61212121212122Genotype: [1.5, 0.0, 0.0, 0.0, 1.0, 1.3, 0.0, 1.4, 0.0, 0.0, 0.0, 1.7, 0.0, 1.3]
Indi 7: Fitness: 48.81212121212122Genotype: [1.5, 0.0, 0.0, 0.0, 1.2, 1.6, 2.0, 0.0, 0.0, 0.0, 1.3, 0.0, 1.6, 0.0]
Indi 8: Fitness: 49.31212121212121Genotype: [0.0, 0.0, 0.0, 0.0, 1.0, 1.3, 0.0, 1.4, 0.0, 0.0, 0.0, 1.7, 0.0, 1.3]
Indi 9: Fitness: 49.91212121212122Genotype: [0.0, 1.6, 0.0, 0.0, 1.0, 0.0, 0.0, 0.0, 0.0, 0.0, 0.0, 1.7, 0.0, 1.3]
Indi 10: Fitness: 50.21212121212122Genotype: [1.5, 0.0, 0.0, 0.0, 1.2, 1.6, 1.7, 0.0, 0.0, 0.0, 1.3, 0.0, 1.1, 0.0]
Indi 11: Fitness: 50.71212121212122Genotype: [0.0, 1.6, 0.0, 0.0, 0.0, 1.4, 0.0, 1.0, 1.9, 0.0, 0.0, 1.9, 0.0, 0.0]
Indi 12: Fitness: 51.31212121212122Genotype: [1.5, 0.0, 0.0, 0.0, 0.0, 2.0, 0.0, 1.0, 1.9, 0.0, 0.0, 0.0, 0.0, 0.0]
Indi 13: Fitness: 52.01212121212122Genotype: [1.5, 0.0, 0.0, 0.0, 0.0, 0.0, 1.4, 0.0, 1.2, 0.0, 0.0, 1.1, 0.0, 0.0]
Indi 14: Fitness: 52.51212121212122Genotype: [0.0, 1.8, 0.0, 0.0, 1.2, 1.6, 1.1, 0.0, 0.0, 0.0, 1.3, 0.0, 1.3, 0.0]
Indi 15: Fitness: 52.612121212121224Genotype: [1.5, 0.0, 0.0, 0.0, 0.0, 1.4, 0.0, 1.0, 1.9, 0.0, 0.0, 1.9, 0.0, 0.0]
Indi 16: Fitness: 52.912121212121214Genotype: [0.0, 1.8, 0.0, 0.0, 0.0, 0.0, 1.4, 0.0, 1.2, 0.0, 0.0, 1.1, 0.0, 0.0]
Indi 17: Fitness: 53.01212121212122Genotype: [0.0, 1.6, 0.0, 0.0, 1.0, 1.3, 0.0, 1.4, 0.0, 0.0, 0.0, 1.7, 0.0, 1.3]
Indi 18: Fitness: 53.21212121212122Genotype: [0.0, 0.0, 0.0, 0.0, 1.0, 1.3, 0.0, 1.4, 0.0, 0.0, 0.0, 1.7, 0.0, 1.3]
Indi 19: Fitness: 53.512121212121215Genotype: [1.5, 0.0, 0.0, 0.0, 1.2, 1.6, 1.1, 0.0, 0.0, 0.0, 1.3, 0.0, 1.3, 0.0]
