INICIO: Sat Jan 27 10:02:00 EST 2018
INDIVIDUALS OF LAST GENERATION: 4
Indi 0: Fitness: -11.487878787878785Genotype: [1.5, 0.0, 0.0, 0.0, 0.0, 1.4, 0.0, 1.3, 0.0, 1.0, 0.0, 1.6, 0.0, 1.8]
Indi 1: Fitness: 29.01212121212122Genotype: [1.1, 1.1, 1.4, 1.4, 0.0, 0.0, 1.6, 1.4, 1.0, 0.0, 0.0, 1.3, 0.0, 0.0]
Indi 2: Fitness: 46.212121212121225Genotype: [0.0, 0.0, 1.7, 0.0, 1.4, 0.0, 1.4, 0.0, 1.6, 1.4, 0.0, 0.0, 0.0, 1.1]
Indi 3: Fitness: 47.012121212121215Genotype: [1.1, 1.1, 1.0, 1.4, 0.0, 0.0, 1.5, 2.0, 1.0, 0.0, 0.0, 1.3, 0.0, 0.0]
Indi 4: Fitness: 47.91212121212122Genotype: [1.5, 0.0, 1.0, 1.8, 1.1, 1.3, 0.0, 1.1, 1.7, 1.7, 1.7, 2.0, 1.8, 0.0]
Indi 5: Fitness: 47.91212121212122Genotype: [0.0, 0.0, 0.0, 1.7, 0.0, 0.0, 1.2, 1.4, 1.0, 0.0, 0.0, 1.3, 0.0, 1.1]
Indi 6: Fitness: 48.012121212121215Genotype: [1.7, 0.0, 0.0, 0.0, 0.0, 1.4, 0.0, 1.3, 0.0, 1.0, 0.0, 0.0, 0.0, 0.0]
Indi 7: Fitness: 48.11212121212122Genotype: [0.0, 0.0, 1.0, 1.8, 1.1, 1.3, 0.0, 1.1, 1.1, 1.7, 1.7, 2.0, 1.8, 0.0]
Indi 8: Fitness: 48.81212121212122Genotype: [0.0, 0.0, 1.7, 0.0, 1.2, 0.0, 1.4, 0.0, 1.6, 1.4, 0.0, 0.0, 0.0, 1.1]
Indi 9: Fitness: 49.21212121212122Genotype: [0.0, 0.0, 0.0, 1.5, 0.0, 0.0, 1.2, 1.4, 1.0, 0.0, 0.0, 1.3, 0.0, 0.0]
Indi 10: Fitness: 50.21212121212122Genotype: [0.0, 0.0, 1.0, 1.8, 1.1, 1.3, 0.0, 1.1, 1.5, 1.7, 1.7, 2.0, 1.8, 0.0]
Indi 11: Fitness: 51.31212121212121Genotype: [0.0, 0.0, 0.0, 0.0, 0.0, 1.4, 0.0, 1.3, 0.0, 1.0, 0.0, 0.0, 0.0, 1.8]
Indi 12: Fitness: 52.01212121212122Genotype: [1.5, 0.0, 0.0, 1.4, 0.0, 0.0, 1.2, 1.4, 1.0, 0.0, 0.0, 1.3, 0.0, 0.0]
Indi 13: Fitness: 52.21212121212122Genotype: [0.0, 0.0, 0.0, 1.4, 0.0, 0.0, 1.2, 1.4, 1.0, 0.0, 0.0, 1.3, 0.0, 0.0]
Indi 14: Fitness: 52.41212121212122Genotype: [1.5, 0.0, 1.0, 1.8, 1.1, 1.3, 0.0, 1.1, 1.5, 1.7, 1.7, 2.0, 1.8, 0.0]
Indi 15: Fitness: 52.81212121212122Genotype: [1.5, 0.0, 0.0, 0.0, 0.0, 1.4, 0.0, 1.3, 0.0, 1.0, 0.0, 0.0, 0.0, 1.8]
Indi 16: Fitness: 52.81212121212122Genotype: [1.1, 1.1, 1.7, 0.0, 1.4, 0.0, 1.4, 0.0, 1.6, 1.4, 0.0, 0.0, 0.0, 1.1]
Indi 17: Fitness: 53.21212121212122Genotype: [1.1, 1.1, 1.0, 1.4, 0.0, 0.0, 1.2, 1.4, 1.0, 0.0, 0.0, 1.3, 0.0, 0.0]
Indi 18: Fitness: 53.31212121212123Genotype: [0.0, 0.0, 1.7, 0.0, 1.4, 0.0, 1.4, 0.0, 1.6, 1.4, 0.0, 0.0, 0.0, 1.1]
Indi 19: Fitness: 53.41212121212122Genotype: [1.5, 0.0, 0.0, 0.0, 0.0, 1.4, 0.0, 1.3, 0.0, 1.0, 0.0, 0.0, 0.0, 1.8]
