INICIO: Sat Jan 27 10:00:29 EST 2018
INDIVIDUALS OF LAST GENERATION: 3
Indi 0: Fitness: 13.312121212121223Genotype: [0.0, 0.0, 1.0, 1.8, 1.1, 1.3, 0.0, 1.1, 1.5, 1.7, 1.7, 2.0, 1.8, 0.0]
Indi 1: Fitness: 13.812121212121216Genotype: [0.0, 0.0, 1.7, 0.0, 1.4, 0.0, 1.4, 0.0, 1.5, 1.6, 0.0, 0.0, 0.0, 1.1]
Indi 2: Fitness: 16.912121212121217Genotype: [1.5, 0.0, 1.0, 1.8, 1.1, 1.4, 0.0, 1.1, 1.5, 1.7, 1.7, 2.0, 1.2, 0.0]
Indi 3: Fitness: 46.012121212121215Genotype: [1.5, 0.0, 0.0, 0.0, 0.0, 1.3, 0.0, 1.3, 0.0, 1.0, 0.0, 0.0, 0.0, 1.8]
Indi 4: Fitness: 46.31212121212123Genotype: [1.5, 0.0, 0.0, 0.0, 0.0, 1.4, 0.0, 1.3, 0.0, 1.0, 0.0, 0.0, 0.0, 1.8]
Indi 5: Fitness: 46.71212121212122Genotype: [1.1, 1.1, 1.0, 1.4, 0.0, 1.3, 1.2, 1.4, 1.0, 0.0, 1.8, 1.3, 0.0, 0.0]
Indi 6: Fitness: 47.81212121212123Genotype: [0.0, 0.0, 1.7, 0.0, 1.4, 0.0, 1.2, 0.0, 1.6, 1.4, 0.0, 0.0, 0.0, 1.1]
Indi 7: Fitness: 48.91212121212122Genotype: [0.0, 1.2, 0.0, 1.4, 0.0, 0.0, 1.2, 1.4, 1.0, 0.0, 0.0, 1.3, 0.0, 0.0]
Indi 8: Fitness: 49.512121212121215Genotype: [1.1, 1.1, 1.0, 1.4, 0.0, 0.0, 0.0, 1.4, 1.0, 0.0, 0.0, 1.3, 0.0, 0.0]
Indi 9: Fitness: 50.161616161616166Genotype: [0.0, 0.0, 1.0, 1.4, 0.0, 0.0, 1.2, 1.4, 1.0, 0.0, 0.0, 1.3, 0.0, 0.0]
Indi 10: Fitness: 50.512121212121215Genotype: [1.1, 1.1, 1.0, 1.4, 0.0, 0.0, 1.2, 1.4, 1.0, 0.0, 0.0, 1.3, 0.0, 0.0]
Indi 11: Fitness: 51.21212121212122Genotype: [1.5, 0.0, 0.0, 0.0, 0.0, 1.4, 0.0, 1.3, 0.0, 1.0, 0.0, 0.0, 0.0, 1.8]
Indi 12: Fitness: 51.41212121212122Genotype: [0.0, 1.0, 0.0, 1.4, 0.0, 0.0, 1.2, 1.4, 1.0, 0.0, 0.0, 1.3, 0.0, 0.0]
Indi 13: Fitness: 52.012121212121215Genotype: [0.0, 0.0, 1.0, 1.8, 1.1, 1.3, 0.0, 1.1, 1.5, 1.7, 1.7, 2.0, 1.8, 0.0]
Indi 14: Fitness: 52.11212121212122Genotype: [1.5, 0.0, 1.0, 1.8, 1.1, 1.3, 0.0, 1.1, 1.5, 1.7, 1.7, 2.0, 1.8, 0.0]
Indi 15: Fitness: 52.21212121212122Genotype: [0.0, 0.0, 0.0, 1.4, 0.0, 0.0, 1.2, 1.4, 1.0, 0.0, 0.0, 1.3, 0.0, 0.0]
Indi 16: Fitness: 52.41212121212122Genotype: [1.5, 0.0, 1.0, 1.8, 1.1, 1.3, 0.0, 1.1, 1.5, 1.7, 1.7, 2.0, 1.8, 0.0]
Indi 17: Fitness: 52.81212121212122Genotype: [1.5, 0.0, 0.0, 0.0, 0.0, 1.4, 0.0, 1.3, 0.0, 1.0, 0.0, 0.0, 0.0, 1.8]
Indi 18: Fitness: 53.21212121212122Genotype: [1.1, 1.1, 1.0, 1.4, 0.0, 0.0, 1.2, 1.4, 1.0, 0.0, 0.0, 1.3, 0.0, 0.0]
Indi 19: Fitness: 53.31212121212123Genotype: [0.0, 0.0, 1.7, 0.0, 1.4, 0.0, 1.4, 0.0, 1.6, 1.4, 0.0, 0.0, 0.0, 1.1]
