INICIO: Sat Jan 27 09:59:02 EST 2018
INDIVIDUALS OF LAST GENERATION: 2
Indi 0: Fitness: 2.312121212121223Genotype: [1.5, 0.0, 0.0, 0.0, 0.0, 0.0, 0.0, 1.3, 0.0, 1.0, 0.0, 0.0, 0.0, 0.0]
Indi 1: Fitness: 17.712121212121215Genotype: [0.0, 0.0, 1.7, 0.0, 1.4, 0.0, 1.4, 0.0, 1.6, 1.4, 0.0, 0.0, 0.0, 0.0]
Indi 2: Fitness: 34.86060606060606Genotype: [1.1, 1.1, 1.9, 1.8, 1.1, 1.3, 0.0, 1.1, 1.5, 1.7, 1.7, 2.0, 1.8, 1.4]
Indi 3: Fitness: 35.11212121212122Genotype: [1.1, 1.1, 1.0, 1.8, 1.1, 1.3, 0.0, 1.1, 1.5, 1.7, 1.7, 2.0, 0.0, 0.0]
Indi 4: Fitness: 47.81212121212121Genotype: [1.1, 1.1, 1.0, 1.4, 0.0, 0.0, 1.2, 1.4, 1.0, 0.0, 0.0, 1.3, 0.0, 0.0]
Indi 5: Fitness: 49.01212121212122Genotype: [1.1, 1.1, 1.0, 1.4, 0.0, 0.0, 1.2, 1.4, 1.0, 0.0, 0.0, 1.3, 1.6, 0.0]
Indi 6: Fitness: 49.61212121212122Genotype: [1.5, 0.0, 0.0, 0.0, 0.0, 1.4, 0.0, 1.3, 1.0, 1.0, 0.0, 0.0, 0.0, 1.8]
Indi 7: Fitness: 49.612121212121224Genotype: [0.0, 2.0, 0.0, 1.4, 0.0, 0.0, 1.2, 1.4, 1.0, 0.0, 0.0, 1.3, 0.0, 0.0]
Indi 8: Fitness: 49.71212121212122Genotype: [0.0, 0.0, 0.0, 1.4, 0.0, 0.0, 1.2, 1.4, 1.0, 0.0, 0.0, 1.3, 0.0, 0.0]
Indi 9: Fitness: 50.012121212121215Genotype: [0.0, 0.0, 0.0, 0.0, 1.4, 0.0, 1.4, 0.0, 1.6, 1.4, 0.0, 1.7, 0.0, 1.1]
Indi 10: Fitness: 51.21212121212122Genotype: [1.1, 1.1, 1.0, 0.0, 0.0, 1.4, 0.0, 1.3, 0.0, 1.0, 0.0, 0.0, 0.0, 1.8]
Indi 11: Fitness: 51.81212121212122Genotype: [1.1, 1.1, 1.0, 1.8, 1.1, 1.3, 0.0, 1.1, 1.5, 1.7, 1.7, 2.0, 1.8, 0.0]
Indi 12: Fitness: 51.81212121212122Genotype: [1.1, 1.1, 1.0, 1.8, 1.1, 1.3, 0.0, 1.1, 1.5, 1.7, 1.7, 2.0, 1.8, 0.0]
Indi 13: Fitness: 52.11212121212122Genotype: [0.0, 0.0, 1.0, 1.4, 0.0, 0.0, 1.2, 1.4, 1.0, 0.0, 0.0, 1.3, 0.0, 0.0]
Indi 14: Fitness: 52.112121212121224Genotype: [0.0, 0.0, 1.7, 0.0, 1.4, 0.0, 1.4, 0.0, 1.6, 1.4, 0.0, 0.0, 0.0, 1.1]
Indi 15: Fitness: 52.21212121212122Genotype: [0.0, 0.0, 0.0, 1.4, 0.0, 0.0, 1.2, 1.4, 1.0, 0.0, 0.0, 1.3, 0.0, 0.0]
Indi 16: Fitness: 52.41212121212122Genotype: [1.5, 0.0, 1.0, 1.8, 1.1, 1.3, 0.0, 1.1, 1.5, 1.7, 1.7, 2.0, 1.8, 0.0]
Indi 17: Fitness: 52.81212121212122Genotype: [1.5, 0.0, 0.0, 0.0, 0.0, 1.4, 0.0, 1.3, 0.0, 1.0, 0.0, 0.0, 0.0, 1.8]
Indi 18: Fitness: 53.21212121212122Genotype: [1.1, 1.1, 1.0, 1.4, 0.0, 0.0, 1.2, 1.4, 1.0, 0.0, 0.0, 1.3, 0.0, 0.0]
Indi 19: Fitness: 53.31212121212123Genotype: [0.0, 0.0, 1.7, 0.0, 1.4, 0.0, 1.4, 0.0, 1.6, 1.4, 0.0, 0.0, 0.0, 1.1]
