INICIO: Sat Jan 27 10:07:56 EST 2018
INDIVIDUALS OF LAST GENERATION: 7
Indi 0: Fitness: 14.512121212121219Genotype: [0.0, 1.1, 1.7, 0.0, 1.4, 1.1, 1.4, 0.0, 1.6, 1.4, 0.0, 0.0, 0.0, 1.1]
Indi 1: Fitness: 48.61212121212122Genotype: [1.5, 0.0, 0.0, 0.0, 0.0, 1.4, 0.0, 1.3, 0.0, 1.0, 0.0, 0.0, 0.0, 1.8]
Indi 2: Fitness: 49.31212121212121Genotype: [0.0, 0.0, 1.7, 0.0, 1.4, 0.0, 1.9, 0.0, 1.6, 1.4, 0.0, 0.0, 0.0, 1.1]
Indi 3: Fitness: 49.51212121212122Genotype: [1.5, 0.0, 0.0, 0.0, 0.0, 1.4, 0.0, 1.3, 1.7, 1.0, 0.0, 0.0, 0.0, 1.8]
Indi 4: Fitness: 49.81212121212122Genotype: [1.1, 1.1, 1.7, 0.0, 0.0, 0.0, 1.4, 0.0, 1.9, 1.4, 0.0, 0.0, 0.0, 1.1]
Indi 5: Fitness: 49.81212121212123Genotype: [1.1, 1.1, 1.0, 1.4, 0.0, 0.0, 1.2, 1.4, 1.0, 0.0, 0.0, 1.3, 0.0, 0.0]
Indi 6: Fitness: 49.91212121212122Genotype: [1.5, 0.0, 0.0, 1.3, 1.5, 1.4, 0.0, 1.3, 0.0, 1.0, 0.0, 0.0, 0.0, 1.8]
Indi 7: Fitness: 50.41212121212122Genotype: [1.1, 1.1, 1.0, 1.4, 0.0, 0.0, 1.2, 1.4, 1.0, 0.0, 0.0, 1.7, 0.0, 0.0]
Indi 8: Fitness: 50.71212121212122Genotype: [0.0, 0.0, 1.7, 0.0, 1.4, 0.0, 1.4, 0.0, 1.6, 1.4, 0.0, 0.0, 0.0, 1.1]
Indi 9: Fitness: 51.01212121212122Genotype: [1.5, 0.0, 1.7, 0.0, 1.4, 0.0, 1.4, 0.0, 1.6, 1.4, 0.0, 0.0, 0.0, 1.1]
Indi 10: Fitness: 51.61212121212122Genotype: [1.5, 0.0, 0.0, 0.0, 0.0, 0.0, 0.0, 1.3, 0.0, 1.0, 1.9, 0.0, 0.0, 1.8]
Indi 11: Fitness: 51.71212121212122Genotype: [1.1, 1.1, 1.0, 0.0, 0.0, 1.4, 0.0, 1.3, 0.0, 1.0, 0.0, 0.0, 0.0, 1.8]
Indi 12: Fitness: 52.21212121212122Genotype: [1.6, 1.1, 1.0, 1.4, 0.0, 0.0, 1.2, 1.4, 1.0, 0.0, 0.0, 1.3, 0.0, 0.0]
Indi 13: Fitness: 52.81212121212122Genotype: [1.1, 1.1, 1.7, 0.0, 1.4, 0.0, 1.4, 0.0, 1.6, 1.4, 0.0, 0.0, 0.0, 1.1]
Indi 14: Fitness: 52.81212121212122Genotype: [1.5, 0.0, 0.0, 0.0, 0.0, 1.4, 0.0, 1.3, 0.0, 1.0, 0.0, 0.0, 0.0, 1.8]
Indi 15: Fitness: 52.81212121212123Genotype: [1.5, 0.0, 0.0, 0.0, 0.0, 1.4, 0.0, 1.3, 1.3, 1.0, 0.0, 0.0, 0.0, 1.8]
Indi 16: Fitness: 53.21212121212122Genotype: [1.1, 1.1, 1.0, 1.4, 0.0, 0.0, 1.2, 1.4, 1.0, 0.0, 0.0, 1.3, 0.0, 0.0]
Indi 17: Fitness: 53.31212121212122Genotype: [0.0, 0.0, 1.7, 0.0, 1.1, 0.0, 1.4, 0.0, 1.6, 1.4, 0.0, 0.0, 0.0, 1.2]
Indi 18: Fitness: 53.31212121212123Genotype: [0.0, 0.0, 1.7, 0.0, 1.4, 0.0, 1.4, 0.0, 1.6, 1.4, 0.0, 0.0, 0.0, 1.1]
Indi 19: Fitness: 53.41212121212122Genotype: [1.5, 0.0, 0.0, 0.0, 0.0, 1.4, 0.0, 1.3, 0.0, 1.0, 0.0, 0.0, 0.0, 1.8]
