INICIO: Sat Jan 27 09:57:28 EST 2018
INDIVIDUALS OF LAST GENERATION: 1
Indi 0: Fitness: 22.71212121212122Genotype: [1.1, 1.9, 1.7, 0.0, 1.4, 0.0, 1.2, 0.0, 1.3, 1.4, 0.0, 0.0, 0.0, 1.1]
Indi 1: Fitness: 35.81212121212122Genotype: [1.5, 0.0, 0.0, 0.0, 0.0, 1.0, 0.0, 1.3, 0.0, 1.0, 0.0, 0.0, 0.0, 1.8]
Indi 2: Fitness: 46.11212121212122Genotype: [0.0, 0.0, 0.0, 0.0, 0.0, 0.0, 1.3, 1.4, 1.0, 0.0, 0.0, 1.3, 0.0, 0.0]
Indi 3: Fitness: 47.11212121212122Genotype: [1.1, 1.1, 0.0, 1.8, 1.1, 1.3, 0.0, 1.1, 1.5, 0.0, 1.7, 2.0, 1.8, 0.0]
Indi 4: Fitness: 47.21212121212122Genotype: [1.2, 0.0, 0.0, 1.2, 0.0, 0.0, 1.2, 1.4, 1.0, 0.0, 0.0, 1.3, 0.0, 0.0]
Indi 5: Fitness: 47.912121212121214Genotype: [0.0, 0.0, 1.2, 1.3, 0.0, 0.0, 1.9, 0.0, 0.0, 0.0, 1.5, 0.0, 0.0, 0.0]
Indi 6: Fitness: 48.61212121212122Genotype: [1.1, 1.6, 1.2, 0.0, 1.4, 0.0, 1.4, 0.0, 1.6, 1.4, 0.0, 0.0, 0.0, 1.1]
Indi 7: Fitness: 49.51212121212122Genotype: [1.1, 1.0, 1.0, 1.8, 1.1, 1.3, 0.0, 1.1, 1.5, 1.7, 1.7, 2.0, 1.8, 0.0]
Indi 8: Fitness: 50.71212121212122Genotype: [1.5, 0.0, 0.0, 1.4, 0.0, 0.0, 1.2, 1.4, 1.0, 0.0, 0.0, 1.3, 0.0, 0.0]
Indi 9: Fitness: 50.71212121212122Genotype: [1.7, 0.0, 1.2, 1.3, 0.0, 1.8, 1.9, 0.0, 0.0, 0.0, 1.5, 0.0, 0.0, 1.6]
Indi 10: Fitness: 50.91212121212122Genotype: [1.1, 1.9, 1.7, 0.0, 1.4, 0.0, 1.4, 0.0, 1.6, 1.4, 0.0, 0.0, 0.0, 1.1]
Indi 11: Fitness: 51.012121212121215Genotype: [1.1, 1.9, 1.7, 0.0, 1.4, 0.0, 1.4, 0.0, 1.6, 1.4, 0.0, 0.0, 0.0, 1.1]
Indi 12: Fitness: 51.21212121212122Genotype: [0.0, 0.0, 1.2, 1.3, 0.0, 1.8, 1.9, 0.0, 0.0, 0.0, 1.5, 0.0, 0.0, 0.0]
Indi 13: Fitness: 51.31212121212122Genotype: [1.5, 0.0, 0.0, 0.0, 0.0, 1.4, 0.0, 1.3, 0.0, 0.0, 0.0, 0.0, 0.0, 1.8]
Indi 14: Fitness: 51.712121212121225Genotype: [0.0, 0.0, 1.2, 1.3, 0.0, 1.8, 1.9, 0.0, 0.0, 0.0, 1.5, 0.0, 0.0, 0.0]
Indi 15: Fitness: 51.81212121212122Genotype: [1.1, 1.1, 1.0, 1.8, 1.1, 1.3, 0.0, 1.1, 1.5, 1.7, 1.7, 2.0, 1.8, 0.0]
Indi 16: Fitness: 52.21212121212122Genotype: [0.0, 0.0, 0.0, 1.4, 0.0, 0.0, 1.2, 1.4, 1.0, 0.0, 0.0, 1.3, 0.0, 0.0]
Indi 17: Fitness: 52.81212121212122Genotype: [1.5, 0.0, 0.0, 0.0, 0.0, 1.4, 0.0, 1.3, 0.0, 1.0, 0.0, 0.0, 0.0, 1.8]
Indi 18: Fitness: 53.21212121212122Genotype: [1.1, 1.1, 1.0, 1.4, 0.0, 0.0, 1.2, 1.4, 1.0, 0.0, 0.0, 1.3, 0.0, 0.0]
Indi 19: Fitness: 53.31212121212123Genotype: [0.0, 0.0, 1.7, 0.0, 1.4, 0.0, 1.4, 0.0, 1.6, 1.4, 0.0, 0.0, 0.0, 1.1]
