INICIO: Sat Jan 27 09:55:53 EST 2018
INDIVIDUALS OF LAST GENERATION: 0
Indi 0: Fitness: -11.887878787878776Genotype: [1.0, 0.0, 1.0, 1.2, 0.0, 0.0, 1.5, 0.0, 1.9, 0.0, 1.1, 0.0, 0.0, 1.4]
Indi 1: Fitness: -11.587878787878786Genotype: [0.0, 1.1, 1.1, 0.0, 0.0, 0.0, 1.7, 0.0, 0.0, 1.0, 0.0, 0.0, 0.0, 0.0]
Indi 2: Fitness: -6.887878787878787Genotype: [0.0, 0.0, 0.0, 0.0, 0.0, 0.0, 1.7, 0.0, 0.0, 1.3, 0.0, 0.0, 1.1, 1.4]
Indi 3: Fitness: 13.412121212121221Genotype: [1.1, 1.7, 0.0, 1.5, 1.3, 2.0, 0.0, 0.0, 1.7, 1.1, 0.0, 1.7, 0.0, 0.0]
Indi 4: Fitness: 36.06060606060606Genotype: [1.4, 0.0, 0.0, 0.0, 0.0, 0.0, 0.0, 0.0, 1.2, 1.4, 1.9, 0.0, 1.7, 1.5]
Indi 5: Fitness: 36.76161616161616Genotype: [0.0, 0.0, 1.5, 0.0, 0.0, 1.0, 0.0, 1.5, 1.5, 0.0, 0.0, 0.0, 1.7, 1.5]
Indi 6: Fitness: 38.66060606060606Genotype: [0.0, 0.0, 0.0, 0.0, 1.0, 0.0, 1.7, 1.7, 0.0, 1.8, 1.8, 0.0, 2.0, 1.8]
Indi 7: Fitness: 45.51212121212122Genotype: [0.0, 0.0, 0.0, 0.0, 1.1, 0.0, 1.7, 0.0, 1.7, 0.0, 0.0, 1.0, 0.0, 1.7]
Indi 8: Fitness: 46.62323232323233Genotype: [0.0, 0.0, 1.1, 2.0, 1.7, 0.0, 1.5, 1.5, 0.0, 1.3, 1.7, 0.0, 1.2, 1.1]
Indi 9: Fitness: 47.61212121212122Genotype: [1.3, 1.5, 0.0, 1.6, 0.0, 1.8, 0.0, 1.3, 2.0, 1.8, 1.0, 0.0, 0.0, 1.9]
Indi 10: Fitness: 48.01212121212123Genotype: [1.9, 1.2, 1.3, 0.0, 1.1, 1.6, 0.0, 0.0, 1.5, 0.0, 0.0, 1.4, 0.0, 0.0]
Indi 11: Fitness: 49.012121212121215Genotype: [1.3, 0.0, 0.0, 0.0, 0.0, 1.8, 0.0, 1.7, 0.0, 1.8, 1.5, 1.2, 1.5, 0.0]
Indi 12: Fitness: 49.212121212121225Genotype: [0.0, 0.0, 1.7, 0.0, 0.0, 0.0, 0.0, 1.3, 1.7, 0.0, 0.0, 1.2, 0.0, 1.3]
Indi 13: Fitness: 50.21212121212122Genotype: [0.0, 0.0, 1.8, 2.0, 1.1, 1.9, 0.0, 0.0, 1.3, 0.0, 1.1, 0.0, 0.0, 1.8]
Indi 14: Fitness: 50.41212121212122Genotype: [1.7, 0.0, 1.5, 0.0, 1.9, 1.6, 0.0, 1.5, 1.6, 1.8, 1.2, 0.0, 0.0, 0.0]
Indi 15: Fitness: 51.012121212121215Genotype: [1.1, 1.9, 1.7, 0.0, 1.4, 0.0, 1.4, 0.0, 1.6, 1.4, 0.0, 0.0, 0.0, 1.1]
Indi 16: Fitness: 51.21212121212122Genotype: [0.0, 0.0, 1.2, 1.3, 0.0, 1.8, 1.9, 0.0, 0.0, 0.0, 1.5, 0.0, 0.0, 0.0]
Indi 17: Fitness: 51.81212121212122Genotype: [1.1, 1.1, 1.0, 1.8, 1.1, 1.3, 0.0, 1.1, 1.5, 1.7, 1.7, 2.0, 1.8, 0.0]
Indi 18: Fitness: 52.21212121212122Genotype: [0.0, 0.0, 0.0, 1.4, 0.0, 0.0, 1.2, 1.4, 1.0, 0.0, 0.0, 1.3, 0.0, 0.0]
Indi 19: Fitness: 52.81212121212122Genotype: [1.5, 0.0, 0.0, 0.0, 0.0, 1.4, 0.0, 1.3, 0.0, 1.0, 0.0, 0.0, 0.0, 1.8]
