INICIO: Sat Jan 27 10:13:09 EST 2018
INDIVIDUALS OF LAST GENERATION: 9
Indi 0: Fitness: 0.31212121212121957Genotype: [1.5, 0.0, 0.0, 0.0, 0.0, 1.4, 0.0, 0.0, 0.0, 0.0, 0.0, 0.0, 0.0, 1.8]
Indi 1: Fitness: 22.012121212121215Genotype: [1.5, 0.0, 0.0, 0.0, 0.0, 1.4, 0.0, 1.3, 1.3, 1.0, 0.0, 0.0, 1.4, 1.8]
Indi 2: Fitness: 46.612121212121224Genotype: [0.0, 0.0, 1.7, 0.0, 1.4, 0.0, 1.4, 0.0, 1.6, 0.0, 0.0, 0.0, 0.0, 1.1]
Indi 3: Fitness: 47.41212121212122Genotype: [1.5, 0.0, 0.0, 0.0, 0.0, 1.4, 0.0, 1.3, 1.3, 0.0, 0.0, 0.0, 0.0, 1.8]
Indi 4: Fitness: 48.112121212121224Genotype: [0.0, 0.0, 1.7, 0.0, 1.4, 0.0, 1.6, 0.0, 1.6, 1.4, 0.0, 0.0, 0.0, 0.0]
Indi 5: Fitness: 49.11212121212122Genotype: [1.5, 0.0, 0.0, 0.0, 0.0, 1.4, 0.0, 1.3, 0.0, 1.0, 0.0, 0.0, 0.0, 1.7]
Indi 6: Fitness: 49.11212121212122Genotype: [1.1, 1.1, 1.0, 1.4, 0.0, 0.0, 1.2, 1.4, 1.0, 0.0, 0.0, 1.3, 0.0, 0.0]
Indi 7: Fitness: 50.412121212121214Genotype: [0.0, 0.0, 1.7, 0.0, 1.1, 0.0, 1.4, 0.0, 1.6, 0.0, 0.0, 0.0, 0.0, 1.2]
Indi 8: Fitness: 50.412121212121214Genotype: [1.5, 0.0, 1.0, 1.4, 0.0, 0.0, 1.2, 1.4, 1.0, 0.0, 0.0, 1.3, 0.0, 0.0]
Indi 9: Fitness: 51.512121212121215Genotype: [1.5, 0.0, 0.0, 0.0, 0.0, 1.4, 0.0, 1.3, 0.0, 1.0, 0.0, 0.0, 0.0, 1.8]
Indi 10: Fitness: 51.512121212121215Genotype: [0.0, 0.0, 2.0, 0.0, 1.1, 1.6, 1.4, 0.0, 1.6, 1.4, 0.0, 0.0, 0.0, 1.2]
Indi 11: Fitness: 51.51212121212122Genotype: [0.0, 0.0, 1.7, 0.0, 1.4, 0.0, 1.4, 0.0, 1.6, 1.4, 0.0, 0.0, 0.0, 1.1]
Indi 12: Fitness: 51.51212121212122Genotype: [1.1, 1.1, 1.7, 0.0, 1.1, 0.0, 1.4, 0.0, 1.6, 1.4, 0.0, 0.0, 0.0, 1.2]
Indi 13: Fitness: 51.71212121212122Genotype: [0.0, 1.1, 1.0, 1.4, 1.2, 0.0, 1.2, 1.4, 1.0, 0.0, 0.0, 1.3, 0.0, 0.0]
Indi 14: Fitness: 52.412121212121214Genotype: [0.0, 0.0, 0.0, 0.0, 0.0, 1.4, 0.0, 1.3, 0.0, 1.0, 0.0, 0.0, 0.0, 1.8]
Indi 15: Fitness: 52.81212121212123Genotype: [1.5, 0.0, 0.0, 0.0, 0.0, 1.4, 0.0, 1.3, 1.3, 1.0, 0.0, 0.0, 0.0, 1.8]
Indi 16: Fitness: 53.21212121212122Genotype: [1.1, 1.1, 1.0, 1.4, 0.0, 0.0, 1.2, 1.4, 1.0, 0.0, 0.0, 1.3, 0.0, 0.0]
Indi 17: Fitness: 53.31212121212122Genotype: [0.0, 0.0, 1.7, 0.0, 1.1, 0.0, 1.4, 0.0, 1.6, 1.4, 0.0, 0.0, 0.0, 1.2]
Indi 18: Fitness: 53.31212121212123Genotype: [0.0, 0.0, 1.7, 0.0, 1.4, 0.0, 1.4, 0.0, 1.6, 1.4, 0.0, 0.0, 0.0, 1.1]
Indi 19: Fitness: 53.41212121212122Genotype: [1.5, 0.0, 0.0, 0.0, 0.0, 1.4, 0.0, 1.3, 0.0, 1.0, 0.0, 0.0, 0.0, 1.8]
