INICIO: Sat Jan 27 10:05:42 EST 2018
INDIVIDUALS OF LAST GENERATION: 6
Indi 0: Fitness: 7.212121212121222Genotype: [0.0, 0.0, 1.7, 0.0, 1.4, 0.0, 1.2, 0.0, 1.6, 1.4, 0.0, 1.7, 0.0, 1.1]
Indi 1: Fitness: 29.812121212121216Genotype: [1.1, 1.1, 1.0, 1.4, 0.0, 0.0, 0.0, 1.4, 1.0, 0.0, 0.0, 1.3, 0.0, 1.9]
Indi 2: Fitness: 36.61212121212122Genotype: [1.5, 0.0, 0.0, 0.0, 0.0, 1.4, 0.0, 1.5, 0.0, 1.0, 0.0, 0.0, 1.3, 1.8]
Indi 3: Fitness: 42.91212121212122Genotype: [1.1, 1.1, 1.0, 1.4, 0.0, 0.0, 1.2, 0.0, 1.0, 0.0, 0.0, 1.3, 0.0, 0.0]
Indi 4: Fitness: 47.512121212121215Genotype: [1.5, 0.0, 0.0, 0.0, 0.0, 1.9, 0.0, 1.3, 0.0, 1.0, 0.0, 1.9, 0.0, 1.8]
Indi 5: Fitness: 48.612121212121224Genotype: [1.5, 0.0, 0.0, 0.0, 0.0, 1.4, 0.0, 1.3, 1.0, 1.0, 0.0, 0.0, 0.0, 1.8]
Indi 6: Fitness: 48.71212121212122Genotype: [1.1, 1.1, 1.7, 0.0, 1.4, 0.0, 1.4, 0.0, 1.6, 1.4, 0.0, 0.0, 0.0, 1.1]
Indi 7: Fitness: 49.21212121212122Genotype: [1.5, 0.0, 0.0, 0.0, 0.0, 1.4, 0.0, 1.3, 0.0, 1.0, 0.0, 0.0, 0.0, 1.8]
Indi 8: Fitness: 49.512121212121215Genotype: [1.1, 1.1, 1.7, 0.0, 0.0, 1.4, 0.0, 1.3, 0.0, 1.0, 0.0, 0.0, 0.0, 1.8]
Indi 9: Fitness: 49.81212121212123Genotype: [1.1, 1.1, 0.0, 0.0, 1.4, 0.0, 1.4, 0.0, 1.6, 0.0, 0.0, 0.0, 0.0, 1.1]
Indi 10: Fitness: 50.21212121212122Genotype: [0.0, 0.0, 1.7, 0.0, 1.4, 0.0, 1.4, 0.0, 1.6, 1.4, 0.0, 0.0, 0.0, 1.1]
Indi 11: Fitness: 51.01212121212122Genotype: [1.1, 1.1, 1.7, 0.0, 1.4, 0.0, 1.4, 0.0, 1.6, 1.4, 0.0, 0.0, 0.0, 1.1]
Indi 12: Fitness: 51.11212121212122Genotype: [1.5, 0.0, 0.0, 0.0, 0.0, 1.4, 0.0, 1.3, 0.0, 1.0, 0.0, 0.0, 0.0, 1.8]
Indi 13: Fitness: 51.21212121212122Genotype: [1.5, 0.0, 1.7, 0.0, 1.4, 0.0, 1.4, 0.0, 1.6, 1.4, 0.0, 0.0, 0.0, 1.1]
Indi 14: Fitness: 51.31212121212122Genotype: [0.0, 0.0, 1.7, 1.2, 1.4, 0.0, 1.4, 0.0, 1.4, 1.4, 0.0, 0.0, 0.0, 1.1]
Indi 15: Fitness: 52.81212121212122Genotype: [1.5, 0.0, 0.0, 0.0, 0.0, 1.4, 0.0, 1.3, 0.0, 1.0, 0.0, 0.0, 0.0, 1.8]
Indi 16: Fitness: 52.81212121212122Genotype: [1.1, 1.1, 1.7, 0.0, 1.4, 0.0, 1.4, 0.0, 1.6, 1.4, 0.0, 0.0, 0.0, 1.1]
Indi 17: Fitness: 53.21212121212122Genotype: [1.1, 1.1, 1.0, 1.4, 0.0, 0.0, 1.2, 1.4, 1.0, 0.0, 0.0, 1.3, 0.0, 0.0]
Indi 18: Fitness: 53.31212121212123Genotype: [0.0, 0.0, 1.7, 0.0, 1.4, 0.0, 1.4, 0.0, 1.6, 1.4, 0.0, 0.0, 0.0, 1.1]
Indi 19: Fitness: 53.41212121212122Genotype: [1.5, 0.0, 0.0, 0.0, 0.0, 1.4, 0.0, 1.3, 0.0, 1.0, 0.0, 0.0, 0.0, 1.8]
