INICIO: Sat Jan 27 10:03:30 EST 2018
INDIVIDUALS OF LAST GENERATION: 5
Indi 0: Fitness: -13.587878787878779Genotype: [1.1, 1.1, 1.7, 0.0, 1.4, 0.0, 1.4, 0.0, 1.6, 0.0, 0.0, 0.0, 0.0, 1.1]
Indi 1: Fitness: 18.31212121212122Genotype: [0.0, 0.0, 0.0, 0.0, 1.4, 0.0, 0.0, 0.0, 1.6, 1.4, 0.0, 0.0, 0.0, 1.1]
Indi 2: Fitness: 46.91212121212122Genotype: [1.5, 0.0, 1.2, 0.0, 0.0, 0.0, 0.0, 1.3, 0.0, 1.0, 0.0, 0.0, 0.0, 1.8]
Indi 3: Fitness: 47.31212121212123Genotype: [1.1, 1.1, 1.0, 1.4, 0.0, 0.0, 1.2, 1.4, 1.6, 0.0, 0.0, 1.3, 0.0, 0.0]
Indi 4: Fitness: 47.81212121212122Genotype: [1.1, 1.1, 1.0, 1.4, 0.0, 0.0, 1.2, 1.4, 1.0, 1.8, 0.0, 1.3, 0.0, 0.0]
Indi 5: Fitness: 49.21212121212122Genotype: [1.5, 0.0, 0.0, 0.0, 0.0, 1.4, 0.0, 1.3, 0.0, 1.0, 0.0, 0.0, 0.0, 1.4]
Indi 6: Fitness: 49.61212121212122Genotype: [1.5, 0.0, 0.0, 0.0, 0.0, 1.4, 1.4, 1.3, 0.0, 1.0, 0.0, 1.3, 0.0, 1.8]
Indi 7: Fitness: 50.11212121212122Genotype: [1.5, 0.0, 0.0, 0.0, 0.0, 1.4, 0.0, 1.3, 0.0, 1.5, 0.0, 0.0, 0.0, 0.0]
Indi 8: Fitness: 50.112121212121224Genotype: [1.1, 1.1, 1.7, 0.0, 1.4, 0.0, 1.4, 0.0, 1.6, 1.4, 0.0, 0.0, 0.0, 1.1]
Indi 9: Fitness: 50.91212121212122Genotype: [0.0, 0.0, 0.0, 0.0, 1.4, 0.0, 1.4, 0.0, 1.6, 1.4, 0.0, 0.0, 0.0, 1.1]
Indi 10: Fitness: 50.91212121212122Genotype: [1.5, 0.0, 1.0, 1.4, 0.0, 0.0, 1.2, 1.4, 1.0, 0.0, 0.0, 1.3, 0.0, 0.0]
Indi 11: Fitness: 51.512121212121215Genotype: [1.5, 0.0, 0.0, 0.0, 0.0, 1.4, 0.0, 1.3, 0.0, 1.0, 0.0, 0.0, 0.0, 1.8]
Indi 12: Fitness: 51.71212121212122Genotype: [0.0, 0.0, 0.0, 0.0, 0.0, 1.4, 0.0, 1.3, 0.0, 1.0, 0.0, 0.0, 0.0, 1.8]
Indi 13: Fitness: 51.81212121212122Genotype: [2.0, 1.1, 1.7, 0.0, 1.4, 0.0, 1.4, 0.0, 1.6, 1.4, 0.0, 0.0, 0.0, 1.1]
Indi 14: Fitness: 52.31212121212122Genotype: [1.1, 1.1, 1.0, 0.0, 0.0, 1.4, 0.0, 1.3, 0.0, 1.0, 0.0, 0.0, 0.0, 1.8]
Indi 15: Fitness: 52.81212121212122Genotype: [1.1, 1.1, 1.7, 0.0, 1.4, 0.0, 1.4, 0.0, 1.6, 1.4, 0.0, 0.0, 0.0, 1.1]
Indi 16: Fitness: 52.81212121212122Genotype: [1.5, 0.0, 0.0, 0.0, 0.0, 1.4, 0.0, 1.3, 0.0, 1.0, 0.0, 0.0, 0.0, 1.8]
Indi 17: Fitness: 53.21212121212122Genotype: [1.1, 1.1, 1.0, 1.4, 0.0, 0.0, 1.2, 1.4, 1.0, 0.0, 0.0, 1.3, 0.0, 0.0]
Indi 18: Fitness: 53.31212121212123Genotype: [0.0, 0.0, 1.7, 0.0, 1.4, 0.0, 1.4, 0.0, 1.6, 1.4, 0.0, 0.0, 0.0, 1.1]
Indi 19: Fitness: 53.41212121212122Genotype: [1.5, 0.0, 0.0, 0.0, 0.0, 1.4, 0.0, 1.3, 0.0, 1.0, 0.0, 0.0, 0.0, 1.8]
