INICIO: Sat Jan 27 10:10:30 EST 2018
INDIVIDUALS OF LAST GENERATION: 8
Indi 0: Fitness: 22.512121212121222Genotype: [1.5, 0.0, 0.0, 0.0, 0.0, 1.4, 0.0, 1.3, 0.0, 1.0, 0.0, 0.0, 0.0, 1.8]
Indi 1: Fitness: 44.91212121212122Genotype: [1.5, 0.0, 0.0, 0.0, 0.0, 1.4, 1.4, 1.3, 1.3, 1.0, 1.2, 0.0, 0.0, 1.8]
Indi 2: Fitness: 47.112121212121224Genotype: [0.0, 0.0, 1.7, 0.0, 1.1, 0.0, 1.4, 0.0, 1.6, 1.4, 0.0, 0.0, 0.0, 1.2]
Indi 3: Fitness: 47.21212121212122Genotype: [1.1, 1.1, 1.0, 1.4, 0.0, 1.2, 1.2, 1.4, 1.0, 0.0, 0.0, 1.3, 0.0, 0.0]
Indi 4: Fitness: 47.81212121212121Genotype: [1.5, 0.0, 0.0, 0.0, 0.0, 1.9, 0.0, 1.3, 0.0, 1.5, 0.0, 0.0, 0.0, 1.8]
Indi 5: Fitness: 48.81212121212123Genotype: [1.4, 0.0, 0.0, 0.0, 1.1, 0.0, 1.4, 0.0, 1.6, 1.4, 0.0, 0.0, 0.0, 1.2]
Indi 6: Fitness: 49.21212121212122Genotype: [1.1, 1.1, 1.7, 0.0, 1.1, 0.0, 1.4, 0.0, 1.6, 1.4, 0.0, 0.0, 0.0, 1.2]
Indi 7: Fitness: 49.31212121212121Genotype: [1.5, 0.0, 0.0, 1.8, 0.0, 1.4, 0.0, 1.3, 1.3, 1.0, 0.0, 0.0, 0.0, 1.4]
Indi 8: Fitness: 49.71212121212122Genotype: [1.7, 0.0, 1.7, 0.0, 1.4, 0.0, 1.4, 0.0, 1.6, 0.0, 0.0, 0.0, 0.0, 1.1]
Indi 9: Fitness: 50.012121212121215Genotype: [1.5, 0.0, 1.0, 1.4, 0.0, 0.0, 1.2, 1.4, 1.0, 0.0, 0.0, 1.3, 0.0, 0.0]
Indi 10: Fitness: 50.61212121212122Genotype: [0.0, 0.0, 0.0, 0.0, 0.0, 1.4, 0.0, 1.3, 0.0, 1.0, 0.0, 0.0, 0.0, 1.8]
Indi 11: Fitness: 50.712121212121225Genotype: [0.0, 0.0, 1.0, 1.4, 0.0, 0.0, 1.2, 1.4, 1.0, 0.0, 0.0, 1.3, 0.0, 0.0]
Indi 12: Fitness: 51.41212121212122Genotype: [0.0, 0.0, 1.7, 0.0, 1.4, 0.0, 1.3, 1.8, 1.6, 1.4, 0.0, 0.0, 0.0, 1.1]
Indi 13: Fitness: 52.012121212121215Genotype: [1.5, 0.0, 1.7, 0.0, 1.1, 0.0, 1.4, 0.0, 1.6, 1.4, 0.0, 0.0, 0.0, 1.2]
Indi 14: Fitness: 52.412121212121214Genotype: [1.1, 1.1, 1.0, 1.4, 0.0, 0.0, 1.2, 1.4, 1.0, 0.0, 0.0, 2.0, 0.0, 0.0]
Indi 15: Fitness: 52.81212121212123Genotype: [1.5, 0.0, 0.0, 0.0, 0.0, 1.4, 0.0, 1.3, 1.3, 1.0, 0.0, 0.0, 0.0, 1.8]
Indi 16: Fitness: 53.21212121212122Genotype: [1.1, 1.1, 1.0, 1.4, 0.0, 0.0, 1.2, 1.4, 1.0, 0.0, 0.0, 1.3, 0.0, 0.0]
Indi 17: Fitness: 53.31212121212122Genotype: [0.0, 0.0, 1.7, 0.0, 1.1, 0.0, 1.4, 0.0, 1.6, 1.4, 0.0, 0.0, 0.0, 1.2]
Indi 18: Fitness: 53.31212121212123Genotype: [0.0, 0.0, 1.7, 0.0, 1.4, 0.0, 1.4, 0.0, 1.6, 1.4, 0.0, 0.0, 0.0, 1.1]
Indi 19: Fitness: 53.41212121212122Genotype: [1.5, 0.0, 0.0, 0.0, 0.0, 1.4, 0.0, 1.3, 0.0, 1.0, 0.0, 0.0, 0.0, 1.8]
