INICIO: Fri Mar 24 14:31:48 BRT 2017
INDIVIDUALS OF LAST GENERATION: 9
Indi 0: Fitness: 19.0Genotype: [-2.4, 4.2, -0.5, 4.5, -0.7, 2.6, 2.5, -1.6, 4.7, 3.8, -1.4, 3.3, -0.8, -1.7]
Indi 1: Fitness: 21.0Genotype: [-2.1, 4.2, -0.5, -1.5, -0.7, 2.6, 4.2, -1.6, 4.7, 3.8, -1.4, -1.5, -0.8, -1.7]
Indi 2: Fitness: 21.0Genotype: [4.9, 4.2, 3.1, 3.6, -0.5, -1.2, -0.4, 4.8, 3.2, -2.4, -0.8, -1.6, -1.6, -0.2]
Indi 3: Fitness: 23.0Genotype: [4.9, 4.2, -2.4, -1.5, -0.7, 2.6, 4.5, -1.6, 4.7, 3.8, -1.4, 3.3, -0.8, -1.7]
Indi 4: Fitness: 24.0Genotype: [-2.1, 4.2, -2.4, -1.5, -0.7, 2.6, 4.2, -1.6, 4.7, 3.8, -1.4, -1.4, -0.8, -2.2]
Indi 5: Fitness: 24.0Genotype: [4.9, 4.2, -0.0, -1.5, -0.7, 3.0, 4.2, -2.5, 4.7, -1.9, -1.4, 3.3, -0.8, -1.7]
Indi 6: Fitness: 25.0Genotype: [-2.4, 4.2, -2.4, 3.0, -0.7, 2.6, 4.5, -1.6, 4.7, 3.8, -1.4, 3.3, -0.8, -1.7]
Indi 7: Fitness: 26.0Genotype: [4.9, 4.2, -2.4, 3.0, 2.6, 3.5, -0.4, 4.8, -1.3, 3.1, -0.8, -1.6, 4.7, -0.2]
Indi 8: Fitness: 26.0Genotype: [-1.3, 4.2, -2.4, -1.7, -1.8, 3.5, -0.4, 4.8, -1.3, 3.1, -0.8, -1.6, -1.4, 3.5]
Indi 9: Fitness: 27.0Genotype: [-1.3, 4.2, -2.4, -1.5, -0.7, 2.6, 4.2, -1.6, 4.7, 3.8, -1.4, 3.3, -0.8, 4.8]
Indi 10: Fitness: 28.0Genotype: [4.9, 4.2, -2.4, -1.5, -0.7, 2.6, 3.2, -1.6, 4.7, -0.4, -1.4, 3.3, -0.8, -1.7]
Indi 11: Fitness: 28.0Genotype: [-2.1, 4.2, -0.5, -1.5, -0.7, 2.6, 4.2, 4.7, 4.7, 3.8, -1.4, 3.3, -0.8, -1.7]
Indi 12: Fitness: 29.0Genotype: [-2.4, 4.2, -0.5, -1.5, -0.7, 2.6, 2.5, 3.3, 4.7, 3.8, -1.4, 3.3, -0.8, -1.7]
Indi 13: Fitness: 32.0Genotype: [3.6, 4.2, -0.0, -1.5, -0.7, 3.0, 4.2, -2.5, 4.7, -1.9, -1.4, 3.3, -0.8, -1.7]
Indi 14: Fitness: 32.0Genotype: [3.0, 4.2, -2.4, -1.5, -0.7, 2.6, 3.2, -1.6, 4.7, -0.4, -1.4, 3.3, -0.8, -1.7]
Indi 15: Fitness: 33.0Genotype: [-2.1, 4.2, -2.4, -1.5, -0.7, 2.6, 4.2, -1.6, 3.2, 3.8, -1.4, -0.6, -0.8, -2.2]
Indi 16: Fitness: 33.0Genotype: [-2.1, 4.2, -2.4, -1.5, 3.5, 2.6, 4.2, -1.6, 4.7, 3.8, -1.4, 3.3, -0.8, -2.2]
Indi 17: Fitness: 33.0Genotype: [-2.4, 4.2, -2.4, -1.5, -0.7, 2.6, 4.2, 4.5, 4.7, 3.8, -1.4, 3.3, -0.8, -1.7]
Indi 18: Fitness: 36.0Genotype: [-2.4, 4.2, -2.4, -1.5, -0.7, 2.6, 4.2, -1.6, 4.7, 3.8, -2.1, 3.3, -0.8, -1.7]
Indi 19: Fitness: 36.0Genotype: [-2.4, 4.2, -2.4, -1.5, -0.7, 2.6, 4.2, -1.6, 4.7, 3.8, -1.4, 2.5, -0.8, -1.7]
Indi 20: Fitness: 41.0Genotype: [-2.1, 4.2, -2.4, -1.5, -0.7, 2.6, 4.2, -1.6, 3.2, 3.8, -1.4, 3.3, -0.8, 3.5]
Indi 21: Fitness: 49.0Genotype: [-1.3, 4.2, -2.4, -1.7, -1.8, 3.5, -0.4, 4.8, -1.3, 3.1, -0.8, -1.6, -1.6, -0.2]
Indi 22: Fitness: 51.0Genotype: [-2.1, 4.2, -0.0, -1.5, -0.7, 2.6, 4.2, -1.6, 4.7, 3.8, -1.4, 3.3, 3.1, -1.7]
Indi 23: Fitness: 51.0Genotype: [-2.4, 4.2, -2.4, -1.5, -0.7, 2.6, 3.2, -1.6, 4.7, -0.4, -1.4, 3.3, -0.8, -0.3]
Indi 24: Fitness: 58.0Genotype: [-2.4, 4.2, -1.6, -1.5, -0.7, 2.6, -1.9, -1.6, 4.7, 3.8, -1.4, 3.3, -0.8, -1.7]
Indi 25: Fitness: 60.0Genotype: [-2.4, 4.2, -0.0, -1.5, -0.7, 3.0, 4.2, -2.5, 4.7, -1.9, -1.4, 3.3, -0.8, -1.7]
Indi 26: Fitness: 61.0Genotype: [-1.3, 4.2, -2.4, -1.5, -0.7, 2.6, 4.2, -1.6, 4.7, 3.8, -1.4, 3.3, -0.8, -2.2]
Indi 27: Fitness: 62.0Genotype: [-2.2, 4.2, -2.4, 3.6, 2.6, 3.5, -0.4, 4.8, -1.3, 3.1, 4.3, -1.6, -1.4, -0.2]
Indi 28: Fitness: 62.0Genotype: [-1.3, 4.2, -2.4, -1.7, -1.8, 3.5, -1.6, 4.8, -1.3, 3.1, -0.8, -1.6, -1.4, -0.2]
Indi 29: Fitness: 63.0Genotype: [-1.3, 4.2, -0.5, -1.5, -0.7, 2.6, 2.5, -1.6, 4.7, 3.8, -1.4, 3.3, -0.8, -1.7]
Indi 30: Fitness: 63.0Genotype: [-1.3, 4.2, -2.4, -1.5, -0.7, 2.6, 4.5, -1.6, 4.7, 3.8, -1.4, 3.3, -0.8, -1.7]
Indi 31: Fitness: 65.0Genotype: [-1.3, 4.2, -2.4, -1.5, -0.7, 2.6, -1.5, -1.6, 4.7, 3.8, -1.4, 3.3, -0.8, -2.2]
Indi 32: Fitness: 65.0Genotype: [-2.1, 4.2, -0.9, -1.5, -0.7, 2.6, 4.2, -1.6, 4.7, 3.8, -1.4, 3.3, -0.8, -1.7]
Indi 33: Fitness: 66.0Genotype: [4.9, 4.2, 3.1, 2.5, -0.5, -1.2, -0.4, 4.8, 3.2, -2.4, -0.8, -1.6, -1.4, -0.2]
Indi 34: Fitness: 67.0Genotype: [-1.8, 4.2, -2.4, -1.5, -0.7, 2.6, 4.5, -1.6, 4.7, 3.8, -1.4, 3.3, -0.8, -1.7]
Indi 35: Fitness: 67.0Genotype: [-2.1, 4.2, -2.4, 3.6, 2.6, 3.5, -0.4, 4.8, -1.3, 3.1, -0.8, -1.6, -1.4, -0.2]
Indi 36: Fitness: 67.0Genotype: [-2.1, 4.2, -2.4, -1.5, -0.7, -1.0, 4.2, -1.6, 4.7, 3.8, -1.4, 3.3, -0.8, -2.2]
Indi 37: Fitness: 67.0Genotype: [-1.3, 4.2, 4.6, -0.8, -0.3, 3.5, -2.2, 4.8, -1.3, 3.1, -0.8, -1.6, -1.4, -0.2]
Indi 38: Fitness: 67.0Genotype: [-0.1, 4.2, 4.6, -0.8, -1.8, 3.5, -2.2, 4.8, -1.3, 3.1, -0.8, -1.6, -1.4, -0.2]
Indi 39: Fitness: 67.0Genotype: [-2.4, 4.2, -2.4, -1.5, -0.7, 2.6, 3.2, -1.6, 4.7, -0.4, -1.4, 4.1, -0.8, -1.7]
Indi 40: Fitness: 67.0Genotype: [-2.4, 4.2, -2.4, -1.5, -0.7, 2.6, 4.2, -1.6, 4.7, 3.8, -1.4, 3.3, -0.8, -1.7]
Indi 41: Fitness: 67.0Genotype: [-2.4, 4.2, -1.6, -1.5, -0.7, 2.6, 3.2, -1.6, 4.7, -1.6, -1.4, 3.3, -0.8, -1.7]
Indi 42: Fitness: 67.0Genotype: [-2.4, 4.2, -2.4, -1.5, -0.7, 2.6, 4.2, -1.6, 4.7, 3.8, 3.3, 3.3, -0.8, -1.7]
Indi 43: Fitness: 67.0Genotype: [4.9, 4.2, -2.3, 3.6, -1.8, -1.6, -0.4, 4.8, 2.6, 4.6, -0.8, -1.6, -1.4, -0.2]
Indi 44: Fitness: 67.0Genotype: [-2.2, 4.2, -2.4, 3.6, 2.6, 2.7, -0.4, 4.8, -1.3, 3.1, -0.8, -1.6, -1.4, -0.2]
Indi 45: Fitness: 67.0Genotype: [4.9, 4.2, -2.4, 3.0, 2.6, 3.5, -0.4, 4.8, -1.3, -1.6, -0.8, -1.6, -1.4, -0.2]
Indi 46: Fitness: 68.0Genotype: [-2.4, 4.2, -1.2, -1.5, -0.7, 2.6, 4.2, -1.6, 4.7, 3.8, -1.4, 3.3, -0.8, -1.7]
Indi 47: Fitness: 68.0Genotype: [-2.1, -1.5, -2.4, -1.5, -0.7, 2.6, 4.2, -1.6, 3.2, 3.8, -1.4, 3.3, -0.8, -2.2]
Indi 48: Fitness: 68.0Genotype: [-2.4, 4.2, -2.4, 3.0, 2.6, 3.5, -0.4, 4.8, -1.3, 3.1, -0.8, -1.6, -1.4, -0.2]
Indi 49: Fitness: 68.0Genotype: [-2.4, 4.2, -2.4, -1.5, -0.7, 2.6, 4.2, -1.6, 4.7, 3.8, -1.1, 3.3, -0.8, -1.7]
Indi 50: Fitness: 68.0Genotype: [4.9, 4.2, 4.6, 3.6, -1.8, -1.6, -0.4, 4.8, 3.2, 4.6, -0.8, -1.6, -1.4, -0.2]
Indi 51: Fitness: 68.0Genotype: [4.9, 4.2, -2.3, 3.6, -1.8, -1.6, -0.4, 4.8, 3.2, 4.6, -0.8, -0.7, -1.4, -0.2]
Indi 52: Fitness: 68.0Genotype: [-2.1, 2.6, -0.5, -1.5, -0.7, 2.6, 4.2, -1.6, 4.7, 3.8, -1.4, 3.3, -0.8, -1.7]
Indi 53: Fitness: 69.0Genotype: [-2.4, 4.2, -2.4, -1.5, -0.7, 2.6, 3.2, -1.6, 4.7, -0.4, -1.4, 3.3, -0.8, -1.7]
Indi 54: Fitness: 69.0Genotype: [-2.4, 4.2, -1.6, -1.5, -0.7, 2.6, 3.2, -1.6, 4.7, 3.8, -1.4, 3.3, -0.8, -1.7]
Indi 55: Fitness: 69.0Genotype: [-2.4, 4.2, -2.4, -1.5, -0.7, 2.6, 4.2, -1.6, 4.7, 3.8, -1.4, 3.3, -0.8, -1.7]
Indi 56: Fitness: 69.0Genotype: [-2.4, 4.2, -0.5, -1.5, -0.7, 2.6, 2.5, -1.6, 4.7, 3.8, -1.4, 3.3, -0.8, -1.7]
Indi 57: Fitness: 69.0Genotype: [4.9, 4.2, -2.3, 3.6, -1.8, -1.6, -0.4, 4.8, 3.2, 4.6, -0.8, -1.6, -1.4, -0.2]
Indi 58: Fitness: 69.0Genotype: [-2.2, 4.2, -2.4, 3.6, 2.6, 3.5, -0.4, 4.8, -1.3, 3.1, -0.8, -1.6, -1.4, -0.2]
Indi 59: Fitness: 69.0Genotype: [4.9, 4.2, -2.4, 3.0, 2.6, 3.5, -0.4, 4.8, -1.3, 3.1, -0.8, -1.6, -1.4, -0.2]
Indi 60: Fitness: 69.0Genotype: [-1.3, 4.2, -2.4, -1.7, -1.8, 3.5, -0.4, 4.8, -1.3, 3.1, -0.8, -1.6, -1.4, -0.2]
Indi 61: Fitness: 69.0Genotype: [-2.1, 4.2, -0.5, -1.5, -0.7, 2.6, 4.2, -1.6, 4.7, 3.8, -1.4, 3.3, -0.8, -1.7]
Indi 62: Fitness: 69.0Genotype: [4.9, 4.2, 3.1, 3.6, -0.5, -1.2, -0.4, 4.8, 3.2, -2.4, -0.8, -1.6, -1.4, -0.2]
Indi 63: Fitness: 69.0Genotype: [-2.4, 4.2, -2.4, -1.5, -0.7, 2.6, 3.2, -1.6, 4.7, -0.4, -1.4, 3.3, -0.8, -1.7]
Indi 64: Fitness: 69.0Genotype: [-2.4, -2.3, -0.5, -1.5, -0.7, 2.6, 4.2, -1.6, 4.7, 3.8, -1.4, 3.3, -0.8, -1.7]
Indi 65: Fitness: 69.0Genotype: [-2.4, 4.2, -0.5, -1.5, -0.7, 2.6, 3.3, -1.6, 4.7, 3.8, -1.4, 3.3, -0.8, -1.7]
Indi 66: Fitness: 69.0Genotype: [-2.1, 4.2, -2.4, -1.5, -0.7, 2.6, 3.2, -1.6, 4.7, -0.4, -1.4, 3.3, -0.8, -1.7]
Indi 67: Fitness: 69.0Genotype: [-2.1, 4.2, -2.4, -1.5, -0.7, 2.6, 4.2, -1.6, 4.7, 3.8, -1.4, 3.3, -0.8, -2.2]
Indi 68: Fitness: 69.0Genotype: [-2.1, 4.2, -2.4, -1.0, -0.7, 2.6, 4.2, -1.6, 4.7, 3.8, -1.4, 3.3, -0.8, -2.2]
Indi 69: Fitness: 69.0Genotype: [-2.1, 4.2, -2.4, -1.5, -0.7, 2.6, 4.2, -1.6, 4.7, 3.8, -1.4, 3.3, -1.7, -2.2]
Indi 70: Fitness: 69.0Genotype: [-1.3, 4.2, -2.4, -1.5, -0.7, 2.6, 4.2, -1.6, 4.7, 3.8, -1.4, 4.4, -0.8, -2.2]
Indi 71: Fitness: 69.0Genotype: [-2.1, 4.2, -0.0, -1.5, -0.7, 2.6, 4.2, -1.6, 4.7, 3.8, -1.4, 3.3, -0.9, -1.7]
Indi 72: Fitness: 69.0Genotype: [-2.1, 4.2, -2.4, -1.5, -0.7, 3.0, 4.2, -1.6, 4.7, 3.8, -1.4, 3.3, -0.8, -2.2]
Indi 73: Fitness: 69.0Genotype: [-2.4, 4.2, -2.4, -1.5, -0.7, 2.6, 4.2, -1.6, 3.2, 3.8, -1.4, 3.3, -0.8, -2.2]
Indi 74: Fitness: 69.0Genotype: [-2.4, -0.6, -1.6, -1.5, -0.7, 2.6, 3.2, -1.6, 4.7, 3.8, -1.4, 3.3, -0.8, -1.7]
Indi 75: Fitness: 69.0Genotype: [-2.4, 4.2, -2.0, -1.5, -0.7, 2.6, 4.2, -1.6, 4.7, 3.8, -1.4, 3.3, -0.8, -1.7]
Indi 76: Fitness: 69.0Genotype: [-2.4, 4.2, -0.5, -1.5, -0.7, 2.6, 4.6, -1.6, 4.7, 3.8, -1.4, 3.3, -0.8, -1.7]
Indi 77: Fitness: 69.0Genotype: [-2.2, 4.2, -2.4, -1.5, -0.7, 2.6, 4.5, -1.6, 4.7, 3.8, -1.4, 3.3, -0.8, -1.7]
Indi 78: Fitness: 69.0Genotype: [2.8, 4.2, -2.4, 3.6, 2.6, 3.5, -0.4, 4.8, -1.3, 3.1, -0.8, -1.6, -1.4, -0.2]
Indi 79: Fitness: 69.0Genotype: [4.9, 4.2, -2.4, 3.0, 2.6, 4.0, -0.4, 4.8, -1.3, 3.1, -0.8, -1.6, -1.4, -0.2]
Indi 80: Fitness: 69.0Genotype: [-2.1, 4.2, -2.4, -1.7, -1.8, 3.5, -0.4, 4.8, -1.3, 3.1, -0.8, -1.6, -1.4, -0.2]
Indi 81: Fitness: 69.0Genotype: [4.9, 4.2, 3.1, 3.6, -0.5, -1.2, -0.4, 4.8, 3.2, -2.0, -0.8, -1.6, -1.4, -0.2]
Indi 82: Fitness: 70.0Genotype: [-2.4, 4.2, -0.5, -1.5, -0.7, 2.6, 4.2, -1.6, 4.7, 3.8, -1.4, 3.3, -0.8, -1.7]
Indi 83: Fitness: 70.0Genotype: [-2.1, 4.2, -0.0, -1.5, -0.7, 3.0, 4.2, -2.5, 4.7, -1.9, -1.4, 3.3, -0.8, -1.7]
Indi 84: Fitness: 70.0Genotype: [-2.1, 4.2, -2.4, -1.5, -0.7, 2.6, 4.2, -1.6, 3.2, 3.8, -1.4, 3.3, -0.8, -2.2]
Indi 85: Fitness: 70.0Genotype: [-2.1, 4.2, -2.4, -1.5, -0.7, 2.6, 4.2, -1.6, 4.7, 3.8, -1.4, 3.3, -0.8, -2.2]
Indi 86: Fitness: 70.0Genotype: [-2.4, 4.2, -2.4, -1.5, -0.7, 2.6, 4.2, -1.6, 4.7, 3.8, -1.4, 3.3, -0.8, -1.7]
Indi 87: Fitness: 70.0Genotype: [-1.3, 4.2, -2.4, -1.5, -0.7, 2.6, 4.2, -1.6, 4.7, 3.8, -1.4, 3.3, -0.8, -2.2]
Indi 88: Fitness: 70.0Genotype: [-2.1, 4.2, -0.0, -1.5, -0.7, 2.6, 4.2, -1.6, 4.7, 3.8, -1.4, 3.3, -0.8, -1.7]
Indi 89: Fitness: 70.0Genotype: [-2.1, 4.2, -2.4, -1.5, -0.7, 2.6, 4.2, -1.6, 4.7, 3.8, -1.4, 3.3, -0.8, -2.2]
Indi 90: Fitness: 70.0Genotype: [-1.3, 4.2, 4.6, -0.8, -1.8, 3.5, -2.2, 4.8, -1.3, 3.1, -0.8, -1.6, -1.4, -0.2]
Indi 91: Fitness: 70.0Genotype: [-2.4, 4.2, -2.4, -1.5, -0.7, 2.6, 4.2, -1.6, 4.7, 3.8, -1.4, 3.3, -0.8, -1.7]
Indi 92: Fitness: 70.0Genotype: [-2.1, 4.2, -2.4, -1.7, -1.8, 3.5, -0.4, 4.8, -1.3, 3.1, -0.8, -1.6, -1.4, -0.2]
Indi 93: Fitness: 70.0Genotype: [-2.1, 4.2, -0.0, -1.5, -0.7, 3.0, 4.6, -2.5, 4.7, -1.9, -1.4, 3.3, -0.8, -1.7]
Indi 94: Fitness: 70.0Genotype: [-2.1, 4.2, -2.4, -1.5, -0.7, 2.6, 4.5, -1.6, 4.7, 3.8, -1.4, 3.3, -0.8, -1.7]
Indi 95: Fitness: 70.0Genotype: [-1.3, 4.2, 4.6, -0.8, -1.8, 3.5, -2.2, 4.8, -1.3, 3.1, 3.1, -1.6, -1.4, -0.2]
Indi 96: Fitness: 70.0Genotype: [-2.4, 4.2, -0.5, -1.5, -0.7, 2.6, 2.5, -1.6, 4.7, 3.8, -1.4, 3.3, -0.8, -1.7]
Indi 97: Fitness: 71.0Genotype: [-2.4, 4.2, -2.4, -1.5, -0.7, 2.6, 4.5, -1.6, 4.7, 3.8, -1.4, 3.3, -0.8, -1.7]
Indi 98: Fitness: 71.0Genotype: [-2.4, 4.2, -2.4, -1.5, -0.7, 2.6, -0.1, -1.6, 4.7, 3.8, -1.4, 3.3, -0.8, -1.7]
Indi 99: Fitness: 71.0Genotype: [-2.1, 4.2, -0.0, -1.5, -0.7, 3.0, 4.2, -2.1, 4.7, -1.9, -1.4, 3.3, -0.8, -1.7]
