INICIO: Fri Mar 31 23:25:19 BRT 2017
INDIVIDUALS OF LAST GENERATION: 26
Indi 0: Fitness: 17.0Genotype: [-2.0, -2.5, -0.3, -1.5, -0.2, 4.0, 3.2, -2.1, 5.0, -0.5, -2.2, 3.3, -1.7, -2.2]
Indi 1: Fitness: 17.0Genotype: [-1.1, -2.5, 2.8, 2.5, -0.2, 4.0, 2.6, -2.1, 5.0, -0.5, -2.2, 3.7, -1.7, -0.9]
Indi 2: Fitness: 19.0Genotype: [-1.1, -2.5, 2.8, 3.7, -0.2, 4.0, 4.3, -2.1, 5.0, -0.5, -2.2, 3.3, -1.7, -0.9]
Indi 3: Fitness: 25.0Genotype: [-1.1, -2.4, 2.8, -1.7, -0.2, 4.0, 2.6, -2.1, 5.0, -0.5, -2.2, 3.3, -1.7, -2.5]
Indi 4: Fitness: 25.0Genotype: [-0.4, -2.5, 2.8, -0.2, -0.2, 4.0, 3.0, -2.1, 5.0, -0.5, -2.2, 3.9, -1.7, -0.9]
Indi 5: Fitness: 26.0Genotype: [-1.8, -2.5, 2.8, -0.2, -0.2, -2.3, 3.2, -2.1, 5.0, -0.5, -2.2, 3.3, -1.7, -0.9]
Indi 6: Fitness: 26.0Genotype: [-1.8, 4.9, 2.8, -1.7, -0.2, 4.0, 4.3, -2.1, 5.0, -0.5, -2.2, 3.3, -1.7, -0.9]
Indi 7: Fitness: 26.0Genotype: [-0.9, -2.5, 2.8, -0.2, -0.2, 4.0, 3.2, -2.1, 5.0, -0.5, -2.2, 3.3, -1.7, -0.9]
Indi 8: Fitness: 27.0Genotype: [3.4, -2.5, 2.8, -0.2, -0.2, 4.0, 3.2, -2.1, 5.0, -0.5, -2.2, 3.3, -1.7, -0.9]
Indi 9: Fitness: 29.0Genotype: [3.5, -1.5, 2.8, -0.2, -0.2, 4.0, 3.2, -2.1, 5.0, -0.5, -2.2, 3.3, -1.7, -0.9]
Indi 10: Fitness: 31.0Genotype: [-1.1, -2.5, 2.8, -1.7, -0.2, 4.0, 4.3, -2.1, 5.0, -0.5, -2.2, -0.6, -1.7, -0.9]
Indi 11: Fitness: 31.0Genotype: [-1.8, -2.5, 2.8, -0.2, -0.2, 4.0, 3.2, -2.1, 5.0, -0.5, -2.2, 3.3, -1.7, 4.8]
Indi 12: Fitness: 31.0Genotype: [-1.8, -2.5, 2.8, -1.7, -0.2, 4.0, -2.4, -2.1, 5.0, -0.5, -2.2, 3.3, -1.7, -0.9]
Indi 13: Fitness: 33.0Genotype: [-2.0, -0.6, 4.1, -0.2, -0.2, 4.0, 3.2, -2.1, 5.0, -0.7, -2.2, 3.3, -1.7, -0.9]
Indi 14: Fitness: 34.0Genotype: [-1.8, -2.5, 2.8, -0.2, -0.2, 4.0, 3.2, -2.1, 5.0, -0.5, -2.2, 2.6, -1.7, -0.9]
Indi 15: Fitness: 34.0Genotype: [-1.8, -1.5, 4.7, -0.2, -0.2, 4.0, 3.2, -2.1, 5.0, -0.5, -2.2, 3.3, -1.7, -0.9]
Indi 16: Fitness: 34.0Genotype: [-1.8, -2.5, 3.8, -0.2, -0.2, 4.0, 3.2, -2.1, 5.0, -0.5, -2.2, 3.3, -1.7, -0.9]
Indi 17: Fitness: 35.0Genotype: [-1.1, -2.5, 2.8, -1.7, -0.2, 4.0, -0.7, -2.1, 5.0, -0.5, -2.2, 3.7, -1.7, -0.9]
Indi 18: Fitness: 40.0Genotype: [-2.0, -2.5, -0.3, -0.2, -0.2, -2.4, 3.2, -2.1, 5.0, -0.5, -2.2, 3.3, -1.7, -0.9]
Indi 19: Fitness: 41.0Genotype: [-2.0, -2.5, -0.3, -0.2, -0.2, -1.8, 3.2, -2.1, 5.0, -0.5, -2.2, 3.3, -1.7, -0.9]
Indi 20: Fitness: 43.0Genotype: [-0.3, -2.5, 2.8, -1.7, -0.2, 4.0, 3.0, -2.1, 5.0, -0.5, -2.2, 3.3, -1.7, -0.9]
Indi 21: Fitness: 44.0Genotype: [-2.0, 2.6, 2.8, -0.2, -0.2, 4.0, 3.2, -2.1, 5.0, -0.7, -2.2, 3.3, -1.7, -0.9]
Indi 22: Fitness: 49.0Genotype: [-1.8, 3.2, 2.8, -0.2, -0.2, 4.0, 3.2, -2.1, 5.0, -0.5, -2.2, 3.3, -1.7, -0.9]
Indi 23: Fitness: 50.0Genotype: [-1.8, -2.5, 2.8, -0.2, -0.2, 4.0, 3.2, -2.1, 5.0, 4.2, -2.2, 3.3, -1.7, -0.9]
Indi 24: Fitness: 51.0Genotype: [-2.0, -2.5, -0.3, -1.5, -0.2, 4.0, 3.2, -2.1, 5.0, -0.5, -2.2, 3.3, 4.6, -0.9]
Indi 25: Fitness: 53.0Genotype: [-2.0, -2.0, 2.8, -0.2, -0.2, 4.0, 3.2, -2.1, 5.0, -0.5, -2.2, 3.3, -0.0, -0.9]
Indi 26: Fitness: 54.0Genotype: [-1.8, -2.5, 2.8, -0.2, -0.2, 4.0, 3.2, -2.1, 5.0, 3.8, -2.2, 3.3, -1.7, -0.9]
Indi 27: Fitness: 55.0Genotype: [-1.1, -2.5, 2.8, -1.7, -1.1, 4.0, 4.3, -2.1, 5.0, -0.5, -2.2, 3.3, -1.7, -0.9]
Indi 28: Fitness: 57.0Genotype: [-1.8, -2.5, 2.8, -0.2, -0.2, 4.0, 3.2, -2.1, 5.0, 4.6, -2.2, 3.3, -1.7, -0.9]
Indi 29: Fitness: 57.0Genotype: [-2.5, -2.5, 2.8, -1.7, -0.2, 4.0, 4.3, -2.1, 5.0, -0.5, -2.2, 3.3, -1.7, -0.9]
Indi 30: Fitness: 58.0Genotype: [-1.1, -2.4, 2.8, -0.2, -0.2, 4.0, 3.2, -2.1, 5.0, -0.5, -2.2, 3.3, -1.7, -0.9]
Indi 31: Fitness: 59.0Genotype: [-2.0, -2.5, -0.3, -1.5, -0.2, 4.0, 3.2, -2.1, 5.0, -0.5, 4.3, 3.3, -1.7, -0.9]
Indi 32: Fitness: 59.0Genotype: [-2.0, -2.0, 2.8, -0.2, -0.2, 4.0, 3.2, -2.1, 5.0, -0.5, -2.2, 3.3, -1.7, -0.9]
Indi 33: Fitness: 60.0Genotype: [-1.8, -1.5, 2.8, -0.2, -0.2, 4.0, 3.2, -2.2, 5.0, -0.5, -2.2, 3.3, -1.7, -0.9]
Indi 34: Fitness: 61.0Genotype: [-1.8, -0.5, 2.8, -0.2, -0.2, 4.0, 3.2, -2.1, 5.0, -0.5, -2.2, 3.3, -1.7, -0.9]
Indi 35: Fitness: 62.0Genotype: [-1.2, -2.4, 2.8, -1.7, -0.2, 4.0, 2.6, -2.1, 5.0, -0.5, -2.2, 3.3, -1.7, -0.9]
Indi 36: Fitness: 63.0Genotype: [-1.1, -2.5, 2.8, -0.2, -0.2, 4.0, 3.2, -2.1, 5.0, -0.5, -2.2, 3.3, -1.7, -0.9]
Indi 37: Fitness: 63.0Genotype: [-1.1, -2.4, 2.8, -1.7, -0.2, 4.0, 2.6, -1.2, 5.0, -0.5, -2.2, 3.3, -1.7, -0.9]
Indi 38: Fitness: 63.0Genotype: [-1.1, -2.5, 2.8, -0.2, -0.2, 4.0, 3.2, -2.1, 5.0, -0.5, -2.2, 3.3, -1.7, -0.9]
Indi 39: Fitness: 63.0Genotype: [-1.8, -2.5, 2.8, -1.7, -0.2, 4.0, 4.3, -2.1, 5.0, -0.5, -2.2, 3.3, -1.7, -0.9]
Indi 40: Fitness: 64.0Genotype: [-1.1, -2.5, -1.3, -1.7, -0.2, 4.0, 2.6, -2.1, 5.0, -0.5, -2.2, 3.3, -1.7, -0.9]
Indi 41: Fitness: 64.0Genotype: [-1.8, -2.5, 2.8, -0.2, -0.2, 4.0, 3.2, -2.1, 2.7, -0.5, -2.2, 3.3, -1.7, -0.9]
Indi 42: Fitness: 64.0Genotype: [-1.8, -2.5, 2.8, -0.2, -0.2, 4.0, 3.2, -2.1, 5.0, -0.5, -2.2, 3.3, -1.7, -0.9]
Indi 43: Fitness: 64.0Genotype: [-0.3, -2.5, 4.1, -1.7, -0.2, 4.0, 4.3, -2.1, 5.0, -0.5, -2.2, 3.3, -1.7, -0.9]
Indi 44: Fitness: 64.0Genotype: [-2.0, -2.0, 3.0, -0.2, -0.2, 4.0, 3.2, -2.1, 5.0, -0.5, -2.2, 3.3, -1.7, -0.9]
Indi 45: Fitness: 64.0Genotype: [-1.8, -2.5, 2.8, -0.2, -0.2, 4.0, 3.0, -2.1, 5.0, -0.5, -2.2, 3.9, -1.0, -0.9]
Indi 46: Fitness: 65.0Genotype: [-1.1, -2.5, 2.8, -1.7, -0.2, 4.0, 2.6, -2.1, 5.0, -0.5, 4.3, 3.3, -1.7, -0.9]
Indi 47: Fitness: 65.0Genotype: [-1.1, -2.5, 2.8, -1.9, -0.2, 4.0, 2.6, -2.1, 5.0, -0.5, -2.2, 3.3, -1.7, -0.9]
Indi 48: Fitness: 65.0Genotype: [-1.8, -2.5, 2.8, -0.2, -0.2, 4.0, 3.2, -2.1, 5.0, -0.5, -2.2, 3.3, -1.5, -0.9]
Indi 49: Fitness: 65.0Genotype: [-1.8, -2.5, 2.8, -0.2, -0.2, 4.0, 3.2, -2.1, 5.0, -1.0, -2.2, 3.3, -1.7, -0.9]
Indi 50: Fitness: 65.0Genotype: [-2.2, -2.5, -0.3, -0.2, -0.2, 4.0, 3.2, -2.1, 5.0, -0.5, -2.2, 3.3, -1.7, -0.9]
Indi 51: Fitness: 65.0Genotype: [-1.8, -1.2, 2.8, -0.2, -0.2, 4.0, 3.2, -2.1, 5.0, -0.5, -2.2, 3.3, -1.7, -0.9]
Indi 52: Fitness: 65.0Genotype: [-0.3, -2.5, 2.8, -1.7, -0.2, 4.0, 4.3, -2.1, 5.0, -0.5, -2.2, 3.3, -1.7, -0.9]
Indi 53: Fitness: 65.0Genotype: [-1.8, -0.8, 2.8, -0.2, -0.2, 4.0, 3.2, -2.1, 5.0, -0.5, -2.2, 3.3, -1.7, -0.9]
Indi 54: Fitness: 65.0Genotype: [-1.8, -2.5, 2.8, -0.2, -0.2, 4.0, 3.2, -2.1, 5.0, -0.5, -2.2, 3.3, -2.1, -0.9]
Indi 55: Fitness: 65.0Genotype: [-1.1, -0.3, 2.8, -1.7, -0.2, 4.0, 4.3, -2.1, 5.0, -0.5, -2.2, 4.0, -1.7, -0.9]
Indi 56: Fitness: 65.0Genotype: [-1.1, -2.5, 2.8, -1.7, -0.2, 4.0, 4.3, -2.1, 5.0, -0.5, -2.2, 4.0, -1.7, -0.9]
Indi 57: Fitness: 65.0Genotype: [-1.1, -2.5, -1.8, -1.7, -0.2, 4.0, 2.6, -2.1, 5.0, -0.5, -2.2, 3.7, -1.7, -0.9]
Indi 58: Fitness: 65.0Genotype: [-1.8, -2.5, 2.8, -0.2, -0.2, 4.0, 3.0, -2.1, 5.0, -0.5, 4.3, 3.9, -1.7, -0.9]
Indi 59: Fitness: 66.0Genotype: [-1.8, -2.5, 2.8, -1.7, -0.2, 4.0, 4.3, -2.1, 5.0, -0.5, -2.2, 3.3, -1.7, -0.9]
Indi 60: Fitness: 66.0Genotype: [-1.8, -1.5, 2.8, -0.2, -0.2, 4.0, 3.2, -2.1, 5.0, -0.5, -2.2, 3.3, -1.7, -0.9]
Indi 61: Fitness: 66.0Genotype: [-1.8, -2.5, 2.8, -1.7, -0.2, 4.0, 4.3, -2.1, 5.0, -0.5, -2.2, 3.3, -1.7, -0.9]
Indi 62: Fitness: 66.0Genotype: [-2.0, -2.5, 2.8, -1.7, -0.2, 4.0, 4.3, -2.1, 5.0, -0.5, -2.2, 3.3, -1.7, -0.9]
Indi 63: Fitness: 66.0Genotype: [-1.8, -2.5, 2.8, -0.2, -0.2, 4.0, 3.2, -2.1, 5.0, -0.5, -2.2, 3.3, -1.7, -0.9]
Indi 64: Fitness: 66.0Genotype: [-1.8, -2.5, 2.8, -0.2, -0.2, 4.0, 3.2, -2.1, 5.0, -0.5, -2.2, 3.5, -1.7, -0.9]
Indi 65: Fitness: 66.0Genotype: [-1.1, -2.5, 2.8, -1.7, -0.2, 4.0, 2.6, -2.1, 5.0, -0.5, -2.2, 3.3, -1.7, -0.9]
Indi 66: Fitness: 66.0Genotype: [-1.8, -2.5, 2.8, -0.2, -0.2, 4.0, 3.0, -2.1, 5.0, -0.5, -2.2, 3.9, -1.7, -0.9]
Indi 67: Fitness: 66.0Genotype: [-1.8, -2.2, 2.8, -1.7, -0.2, 4.0, 4.3, -2.1, 5.0, -0.5, -2.2, 3.3, -1.7, -0.9]
Indi 68: Fitness: 66.0Genotype: [-1.1, -2.5, 2.8, -1.7, -0.2, 4.0, 4.3, -2.1, 5.0, -0.5, -2.2, 4.0, -1.7, -0.9]
Indi 69: Fitness: 66.0Genotype: [-2.0, -2.5, 2.8, -1.7, -0.2, 4.0, 2.6, -2.1, 5.0, -0.5, -2.2, 3.3, -1.7, -0.9]
Indi 70: Fitness: 66.0Genotype: [-1.8, -2.5, 2.8, -0.2, -0.2, 4.0, 3.2, -2.1, 5.0, -0.5, -2.2, 3.3, -1.7, -0.9]
Indi 71: Fitness: 66.0Genotype: [-1.8, -2.5, 2.8, -0.2, -0.2, 4.0, 3.2, -2.4, 5.0, -0.5, -2.2, 3.3, -1.7, -0.9]
Indi 72: Fitness: 66.0Genotype: [-1.8, -2.0, 2.8, -0.2, -0.2, 4.0, 3.2, -2.1, 5.0, -0.5, -2.2, 3.3, -1.7, -0.9]
Indi 73: Fitness: 66.0Genotype: [-2.0, -0.6, 2.8, -0.2, -0.2, 4.0, 2.9, -2.1, 5.0, -0.7, -2.2, 3.3, -1.7, -0.9]
Indi 74: Fitness: 66.0Genotype: [-1.1, -2.5, 2.8, -1.7, -0.2, 4.0, 2.6, -2.1, 5.0, -0.5, -2.2, 3.3, -1.7, -0.9]
Indi 75: Fitness: 67.0Genotype: [-1.8, -2.5, 2.8, -0.2, -0.2, 4.0, 3.2, -2.1, 5.0, -0.5, -2.2, 3.3, -1.7, -0.9]
Indi 76: Fitness: 67.0Genotype: [-1.8, -2.5, 2.8, -0.2, -0.2, 4.0, 3.2, -2.1, 5.0, -0.5, -2.2, 3.3, -1.7, -0.9]
Indi 77: Fitness: 67.0Genotype: [-1.8, -1.5, 2.8, -0.2, -0.2, 4.0, 3.2, -2.1, 5.0, -0.5, -2.2, 3.3, -1.7, -0.9]
Indi 78: Fitness: 67.0Genotype: [-1.8, -2.5, 2.8, -0.2, -0.2, 4.0, 3.2, -2.1, 5.0, -0.5, -2.2, 3.3, -1.7, -0.9]
Indi 79: Fitness: 67.0Genotype: [-1.1, -2.4, 2.8, -1.7, -0.2, 4.0, 2.6, -2.1, 5.0, -0.5, -2.2, 3.3, -1.7, -0.9]
Indi 80: Fitness: 67.0Genotype: [-2.0, -2.5, -0.3, -0.2, -0.2, 4.0, 3.2, -2.1, 5.0, -0.5, -2.2, 3.3, -1.7, -0.9]
Indi 81: Fitness: 67.0Genotype: [-1.8, -2.5, 2.8, -0.2, -0.2, 4.0, 3.2, -2.1, 5.0, -0.5, -2.2, 3.3, -1.7, -0.9]
Indi 82: Fitness: 67.0Genotype: [-1.8, -2.5, 2.8, -0.2, -0.2, 4.0, 3.2, -2.1, 5.0, -0.5, -2.2, 3.3, -1.7, -0.9]
Indi 83: Fitness: 67.0Genotype: [-0.3, -2.5, 2.8, -1.7, -0.2, 4.0, 4.3, -2.1, 5.0, -0.5, -2.2, 3.3, -1.7, -0.9]
Indi 84: Fitness: 67.0Genotype: [-1.1, -2.5, 2.8, -1.7, -0.2, 4.0, 4.3, -2.1, 5.0, -0.5, -2.2, 3.3, -1.7, -0.9]
Indi 85: Fitness: 67.0Genotype: [-1.8, -2.5, 2.8, -0.2, -0.2, 4.0, 3.2, -2.1, 5.0, -0.5, -2.2, 3.3, -1.7, -0.9]
Indi 86: Fitness: 67.0Genotype: [-1.8, -2.5, 2.8, -1.7, -0.2, 4.0, 4.3, -2.1, 5.0, -0.5, -2.2, 3.3, -1.7, -0.9]
Indi 87: Fitness: 67.0Genotype: [-1.1, -2.5, 2.8, -1.7, -0.2, 4.0, 4.3, -2.1, 5.0, -0.5, -2.2, 4.0, -1.7, -0.9]
Indi 88: Fitness: 67.0Genotype: [-2.0, -2.5, -0.3, -1.5, -0.2, 4.0, 3.2, -2.1, 5.0, -0.5, -2.2, 3.3, -1.7, -0.9]
Indi 89: Fitness: 67.0Genotype: [-1.8, -2.5, 2.8, -0.2, -0.2, 4.0, 3.2, -2.1, 5.0, -0.5, -2.2, 3.3, -1.7, -0.9]
Indi 90: Fitness: 67.0Genotype: [-2.0, -2.0, 2.8, -0.2, -0.2, 4.0, 3.2, -2.1, 5.0, -0.5, -2.2, 3.3, -1.7, -0.9]
Indi 91: Fitness: 67.0Genotype: [-2.0, -0.6, 2.8, -0.2, -0.2, 4.0, 3.2, -2.1, 5.0, -0.7, -2.2, 3.3, -1.7, -0.9]
Indi 92: Fitness: 67.0Genotype: [-1.1, -2.5, 2.8, -1.7, -0.2, 4.0, 2.6, -2.1, 5.0, -0.5, -2.2, 3.7, -1.7, -0.9]
Indi 93: Fitness: 67.0Genotype: [-1.8, -2.5, 2.8, -0.2, -0.2, 4.0, 3.0, -2.1, 5.0, -0.5, -2.2, 3.9, -1.7, -0.9]
Indi 94: Fitness: 67.0Genotype: [-1.8, -2.5, 2.8, -0.2, -0.2, 4.0, 3.2, -2.1, 5.0, -0.5, -2.2, 3.3, -1.7, -0.9]
Indi 95: Fitness: 67.0Genotype: [-1.8, -1.0, 2.8, -0.2, -0.2, 4.0, 3.2, -2.1, 5.0, -0.5, -2.2, 3.3, -1.7, -0.9]
Indi 96: Fitness: 67.0Genotype: [-1.8, -2.5, 2.8, -1.7, -0.2, 4.0, 3.2, -2.1, 5.0, -0.5, -2.2, 3.3, -1.7, -0.9]
Indi 97: Fitness: 67.0Genotype: [-1.8, -2.5, 2.8, -0.2, -0.2, 4.0, 3.2, -2.1, 5.0, -0.5, -2.2, 3.3, -1.7, -0.9]
Indi 98: Fitness: 67.0Genotype: [-2.0, -0.6, 2.8, -1.7, -0.2, 4.0, 4.3, -2.1, 5.0, -0.5, -2.2, 3.3, -1.7, -0.9]
Indi 99: Fitness: 68.0Genotype: [-1.1, -2.5, 2.8, -1.7, -0.2, 4.0, 2.6, -2.1, 5.0, -0.5, -2.2, 3.3, -1.7, -0.9]
