INICIO: Mon Mar 20 08:27:30 BRT 2017
INDIVIDUALS OF LAST GENERATION: 17
Indi 0: Fitness: -33Genotype: [-0.1, 4.8, -0.7, 3.1, 3.5, -1.3, -1.8, 3.9, 3.3, 3.9, 3.1, -1.4, 4.4, -0.9, -1.2, -2.1]
Indi 1: Fitness: -17Genotype: [-0.1, 4.8, -0.7, 3.1, 3.5, 3.0, -1.8, 3.9, 3.3, 3.9, 3.1, -1.4, 4.4, -0.9, -1.2, -2.1]
Indi 2: Fitness: -3Genotype: [-0.1, 4.8, -0.7, 3.1, -2.5, 3.0, -1.8, 3.9, 3.3, 4.8, 3.1, -1.4, -1.1, -0.9, -1.2, -2.1]
Indi 3: Fitness: 1Genotype: [-0.1, 4.8, -0.7, 3.1, 3.5, 3.0, -1.8, 3.9, 3.3, 4.8, 3.1, -1.4, -1.1, -0.9, -1.2, -2.1]
Indi 4: Fitness: 22Genotype: [-0.1, -1.8, -0.7, 3.1, 3.5, 3.0, -1.8, 3.9, -1.2, 3.9, 3.1, -1.4, -1.1, -0.9, -1.2, -2.1]
Indi 5: Fitness: 24Genotype: [-1.4, 4.6, -2.0, -1.4, 4.5, 3.0, -1.2, 3.9, 4.1, 3.9, 3.1, -1.4, -1.1, -0.9, -1.2, -2.1]
Indi 6: Fitness: 25Genotype: [-0.1, 4.8, -0.7, 3.1, 4.5, 3.0, -1.2, 3.9, -1.7, 3.9, 3.1, -1.4, -1.1, -0.9, -1.2, -2.1]
Indi 7: Fitness: 27Genotype: [-0.1, 4.8, -0.7, -2.1, 3.5, 3.0, -1.8, -2.3, 3.3, 3.9, 3.1, -1.4, -1.1, -0.9, -1.2, -2.1]
Indi 8: Fitness: 27Genotype: [-0.1, 4.8, -0.7, 3.1, 4.5, 3.0, -1.2, 3.9, -1.7, -0.8, 3.1, -1.4, -1.1, -0.9, -1.2, -2.1]
Indi 9: Fitness: 28Genotype: [-0.1, 4.8, -0.3, -0.5, 3.5, 3.0, -1.8, 3.9, 3.3, 3.9, 3.1, -1.4, -1.1, -0.9, -1.2, -2.1]
Indi 10: Fitness: 31Genotype: [-1.4, 4.6, -2.0, -1.4, 3.5, 3.0, -1.8, 3.9, 3.3, 3.9, 3.1, -1.4, -1.1, -0.9, -1.2, -2.1]
Indi 11: Fitness: 32Genotype: [-0.1, 4.8, -0.7, 3.1, 3.5, 3.0, -1.8, 3.9, 3.3, 4.8, 3.1, -1.4, -1.1, -0.9, -1.2, -2.1]
Indi 12: Fitness: 33Genotype: [-0.1, 4.8, -0.7, 3.1, -0.3, 3.0, -1.8, 3.9, -1.1, 3.9, 3.1, -1.4, -1.1, -0.9, -1.2, -2.1]
Indi 13: Fitness: 34Genotype: [-0.1, 4.8, -0.7, 3.1, 3.5, 3.0, -1.8, 3.9, 3.3, 3.9, 3.1, -1.4, -1.1, -2.3, -1.2, -2.1]
Indi 14: Fitness: 34Genotype: [-0.1, 4.8, -0.7, -1.2, 3.5, 3.0, -1.8, 3.9, 3.3, 3.9, 3.1, -1.4, 4.4, -0.9, -1.2, -2.1]
Indi 15: Fitness: 35Genotype: [-0.1, 4.8, -0.7, 3.1, 4.5, 3.0, -1.2, 2.6, -1.7, 3.9, 3.1, -1.4, -1.1, -0.9, -1.2, -2.1]
Indi 16: Fitness: 36Genotype: [-1.4, 4.6, -2.0, -1.4, 4.5, 3.0, -1.2, 3.9, -1.7, 3.9, 3.1, -1.4, -1.6, -0.9, -1.2, -2.1]
Indi 17: Fitness: 37Genotype: [-0.1, 4.8, -0.7, 3.1, 4.5, -1.1, -1.2, 3.9, -1.9, 3.9, 3.1, -0.6, -1.1, -0.9, -1.2, -2.1]
Indi 18: Fitness: 39Genotype: [-0.1, 4.8, -0.3, -2.1, 3.5, 3.0, -1.8, 3.9, 3.3, -0.1, 3.1, -1.4, -1.1, -0.9, -1.2, -2.1]
Indi 19: Fitness: 54Genotype: [-0.1, -1.8, -0.7, 3.1, 3.5, 3.0, -1.8, 3.9, 3.3, 3.9, 3.1, -1.4, -1.1, -0.9, 3.8, -2.1]
Indi 20: Fitness: 73Genotype: [-0.1, 4.8, -0.7, 3.1, 3.5, 3.0, -1.8, 3.9, -1.1, 3.9, 3.1, -1.4, -1.1, -0.9, -1.2, -2.1]
Indi 21: Fitness: 74Genotype: [-0.1, 4.8, -0.7, -2.1, 3.4, 3.0, -1.8, 3.9, 3.3, 3.9, 3.1, -1.4, -1.1, -0.9, -1.2, -2.1]
Indi 22: Fitness: 75Genotype: [-0.1, 4.8, -0.7, 3.1, 3.5, 3.0, -1.8, 3.9, 3.3, 4.8, 3.1, -1.4, -1.1, -0.9, -0.7, -2.1]
Indi 23: Fitness: 75Genotype: [-0.1, 4.8, -0.7, 3.1, 4.5, 3.0, -1.2, 3.9, -1.7, 3.9, 3.1, -1.4, -1.1, -0.9, -1.2, -2.1]
Indi 24: Fitness: 75Genotype: [-0.1, 4.8, -0.7, 3.1, 4.5, 3.0, -0.3, 3.9, -1.9, 3.9, 3.1, -0.6, -1.1, -0.9, -1.2, -2.1]
Indi 25: Fitness: 77Genotype: [-0.1, -1.8, -0.7, 3.1, 4.5, 3.0, -1.2, 3.9, -1.7, 3.9, 3.1, -1.4, -1.1, -0.9, -1.2, -2.1]
Indi 26: Fitness: 77Genotype: [-0.1, 4.8, -0.7, 3.1, 4.5, 3.0, -1.2, 3.9, -1.7, 3.9, 3.1, -1.4, -1.1, -0.9, -1.2, -2.1]
Indi 27: Fitness: 78Genotype: [-0.1, 4.8, -0.7, 3.1, 4.5, 3.0, -1.2, 3.9, -1.7, 3.9, 3.1, -1.4, -1.1, -0.9, -1.2, -2.1]
Indi 28: Fitness: 78Genotype: [-0.1, 4.8, -0.7, 3.1, 3.5, 3.0, -1.8, 3.9, 3.3, 4.8, 3.1, -1.4, -1.1, -0.9, -1.2, -2.1]
Indi 29: Fitness: 80Genotype: [-0.1, -1.8, -0.7, 3.1, 3.5, 3.0, -1.8, 3.9, 3.3, 3.9, 3.1, -1.4, -1.1, -0.9, -1.2, -2.1]
Indi 30: Fitness: 80Genotype: [-0.1, 4.8, -0.7, 3.1, 3.5, 3.0, -1.8, 3.9, 3.3, 4.8, 3.1, -1.4, -1.1, -0.9, -1.2, -2.1]
Indi 31: Fitness: 80Genotype: [-0.1, 4.8, -0.7, 3.1, 3.5, 3.0, -1.8, 3.9, -1.1, 3.9, 3.1, -1.4, -1.1, -0.9, -1.2, -2.1]
Indi 32: Fitness: 80Genotype: [-0.1, 4.8, -0.7, 3.1, 4.5, 3.0, -1.2, 3.9, -1.9, 3.9, 3.1, -0.6, -1.1, -0.9, -1.2, -2.1]
Indi 33: Fitness: 80Genotype: [-0.1, 4.8, -0.7, 3.1, 3.5, 3.0, -1.8, 3.9, 3.3, 3.9, 3.1, -1.4, 4.4, -0.9, -1.2, -2.1]
Indi 34: Fitness: 80Genotype: [-0.1, 4.8, -0.7, 3.1, 4.5, 3.0, -1.2, 3.9, -1.7, 3.9, 3.1, -1.4, -1.1, -0.9, -1.2, -2.1]
Indi 35: Fitness: 81Genotype: [-0.1, 4.8, -0.3, -2.1, 3.5, 3.0, -1.8, 3.9, 3.3, 3.9, 3.1, -1.4, -1.1, -0.9, -1.2, -2.1]
Indi 36: Fitness: 81Genotype: [-1.4, 4.6, -2.0, -1.4, 4.5, 3.0, -1.2, 3.9, -1.7, 3.9, 3.1, -1.4, -1.1, -0.9, -1.2, -2.1]
Indi 37: Fitness: 81Genotype: [-0.1, 4.8, -0.7, 3.1, 3.5, 3.0, -1.8, 3.9, 3.3, 3.9, 3.1, -1.4, -1.1, -0.9, -1.2, -2.1]
Indi 38: Fitness: 81Genotype: [-0.1, 4.8, -0.7, -2.1, 3.5, 3.0, -1.8, 3.9, 3.3, 3.9, 3.1, -1.4, -1.1, -0.9, -1.2, -2.1]
Indi 39: Fitness: 81Genotype: [-0.1, -0.0, -0.7, 3.1, 3.5, 3.0, -1.8, 3.9, 3.3, 3.9, 3.1, -1.4, -1.1, -0.9, -1.2, -2.1]
