INICIO: Mon Mar 20 06:57:51 BRT 2017
INDIVIDUALS OF LAST GENERATION: 5
Indi 0: Fitness: -11Genotype: [-1.4, 4.6, -2.0, -1.4, 4.5, 3.0, -1.2, 3.9, -1.7, 3.9, 3.1, -1.4, -1.1, -0.9, -1.2, -2.1]
Indi 1: Fitness: -6Genotype: [-0.1, 4.8, -0.7, 3.1, 4.5, 3.0, -1.2, 3.9, -1.7, 3.9, 3.1, -1.4, -1.1, -0.9, -1.2, -2.1]
Indi 2: Fitness: 0Genotype: [-1.4, 4.6, -2.0, 4.1, 4.0, 2.8, -2.5, 3.3, -1.9, -1.3, 4.1, 4.1, -1.7, 4.7, -2.3, -2.3]
Indi 3: Fitness: 3Genotype: [-0.1, 4.8, -0.7, 3.1, 4.5, 3.0, -1.2, 3.9, -1.7, 3.9, -0.5, -0.6, -1.1, -0.9, -1.2, -2.1]
Indi 4: Fitness: 23Genotype: [-1.4, 4.6, -2.0, -1.4, 4.0, -0.4, -2.5, 3.3, -1.9, -1.3, 4.1, -1.5, -1.7, 4.7, -2.3, -0.1]
Indi 5: Fitness: 30Genotype: [-0.1, 4.5, -0.7, 3.1, 4.5, 3.0, -1.2, 3.9, -1.7, 3.9, 3.1, -1.4, -1.1, -0.9, -1.2, -2.1]
Indi 6: Fitness: 30Genotype: [-1.4, 4.6, -2.0, -1.4, 4.0, 2.8, -2.5, 3.3, -1.9, -1.3, 4.1, -1.5, -1.7, 4.7, 3.4, 2.7]
Indi 7: Fitness: 30Genotype: [-0.1, 4.8, -0.7, 3.1, 2.7, 3.0, -1.3, 3.9, -1.7, 3.9, 3.1, -1.4, -1.1, -0.9, -1.2, -2.1]
Indi 8: Fitness: 30Genotype: [-0.1, 4.8, -0.7, -1.1, 2.7, 3.0, -1.2, 3.9, -1.7, 3.9, 3.1, -1.4, -1.1, -0.9, -1.2, -2.1]
Indi 9: Fitness: 31Genotype: [-1.4, 4.6, -2.0, 4.1, 4.0, 2.8, -2.5, 3.3, -1.9, -1.3, -0.3, -1.5, -1.7, 4.7, -2.3, -2.3]
Indi 10: Fitness: 31Genotype: [-0.1, 4.8, -0.7, 3.1, 4.5, 3.0, -1.2, 3.9, -1.7, -1.3, 4.1, -1.5, -1.7, 4.7, -2.3, -2.3]
Indi 11: Fitness: 32Genotype: [-1.4, -2.5, -2.0, -1.4, 4.0, -0.4, -2.5, 3.3, -1.9, -1.3, 4.1, -1.5, -1.7, 4.7, -2.3, -2.3]
Indi 12: Fitness: 33Genotype: [-0.1, 4.8, -0.7, 3.1, 4.5, 3.0, -1.2, 3.9, -1.7, -1.3, 4.1, -1.5, -1.7, 4.7, -2.3, -2.3]
Indi 13: Fitness: 34Genotype: [-1.4, 4.6, -2.0, -1.4, 4.0, -0.4, -2.5, 3.3, -1.9, -1.3, 4.1, -1.5, -1.7, 4.7, -2.3, -2.3]
Indi 14: Fitness: 35Genotype: [-1.4, 4.6, -2.0, 4.1, 4.4, 2.8, -2.5, 3.3, -1.9, -1.3, 4.1, -1.5, -1.7, -0.9, -1.2, -2.1]
Indi 15: Fitness: 39Genotype: [-0.1, 4.8, -0.7, 3.1, 3.5, -1.4, -1.8, 3.9, 3.3, 3.9, 3.1, -1.4, -1.1, -0.9, -1.2, -2.1]
Indi 16: Fitness: 40Genotype: [-1.4, 4.6, -2.0, -1.4, 4.5, 3.0, -1.2, 3.9, -1.7, 3.9, 3.1, -1.4, -0.9, -0.9, -1.2, -2.1]
Indi 17: Fitness: 43Genotype: [-1.4, 4.6, -2.0, 4.1, 4.0, 2.8, -2.5, 3.3, -1.9, -1.3, 4.1, -1.5, -1.7, 4.7, -2.3, -2.3]
Indi 18: Fitness: 44Genotype: [-1.4, 4.6, -2.0, 4.1, 4.0, 2.8, -2.5, -2.3, -1.9, -1.3, 4.1, -1.5, -1.7, 4.7, -2.3, -2.3]
Indi 19: Fitness: 57Genotype: [-0.1, 4.8, -0.7, 3.1, 3.5, 3.0, -1.8, 3.9, 3.3, 3.9, 3.1, -1.4, -1.1, -0.9, -1.2, -2.1]
Indi 20: Fitness: 71Genotype: [-1.4, 4.3, -2.0, 4.1, 4.4, 2.8, -2.5, 3.3, -1.9, -1.3, 4.1, -1.5, -1.7, 4.7, -2.3, -2.3]
Indi 21: Fitness: 71Genotype: [-1.4, 4.6, -2.0, -1.4, 2.7, 3.0, -1.2, 3.9, -1.7, 3.9, 3.1, -1.4, -1.1, -0.9, -1.2, -2.1]
Indi 22: Fitness: 72Genotype: [-1.4, 4.6, -2.0, -1.4, 4.0, 2.8, -2.5, 3.3, -1.9, -1.3, 4.1, -1.5, -1.7, 4.7, -2.3, 2.7]
Indi 23: Fitness: 73Genotype: [-1.4, 4.6, -2.0, -1.4, 4.0, 4.2, -2.5, 3.3, -1.9, -1.3, 4.1, -1.5, -1.7, 4.7, -2.3, 2.7]
Indi 24: Fitness: 74Genotype: [-0.1, 4.8, -0.7, 3.1, 4.5, 3.0, 2.5, 3.9, -1.7, 3.9, 3.1, -1.4, -1.1, -0.9, -1.2, -2.1]
Indi 25: Fitness: 74Genotype: [3.8, 4.6, -2.0, 4.1, 4.0, 2.8, -2.5, 3.3, -1.9, -1.3, 4.1, -1.5, -1.7, 4.7, -2.3, -2.3]
Indi 26: Fitness: 74Genotype: [-0.1, 4.8, -0.7, 3.1, 4.5, 3.0, -1.2, 3.9, -1.7, 3.9, 3.1, -0.6, -1.1, -0.9, -1.2, -2.2]
Indi 27: Fitness: 75Genotype: [-1.8, 4.6, -2.0, -1.4, 4.5, 3.0, -1.2, 3.9, -1.7, 3.9, 3.1, -1.4, -1.1, -0.9, -1.2, -2.1]
Indi 28: Fitness: 76Genotype: [-1.4, -0.6, -2.0, 4.1, 4.4, 2.8, -2.5, 3.3, -1.9, -1.3, 4.1, -1.5, -1.7, 4.7, -2.3, -2.3]
Indi 29: Fitness: 77Genotype: [-1.4, 4.6, -2.0, -1.4, 4.0, -0.4, -2.5, 3.3, -1.9, -1.3, 4.1, -1.5, -1.7, 4.7, -2.3, -2.3]
Indi 30: Fitness: 77Genotype: [-0.1, 4.8, -0.7, 3.1, 4.5, 3.0, -1.2, 3.9, -1.7, 3.9, 3.1, -0.6, -1.1, -0.9, -1.2, -2.1]
Indi 31: Fitness: 77Genotype: [-0.1, 4.8, -0.7, 3.1, 2.7, 3.0, -1.2, 3.9, -1.7, 3.9, 3.1, -1.4, -1.1, -0.9, -1.2, -2.1]
Indi 32: Fitness: 78Genotype: [-1.4, 4.6, -2.0, 4.1, 4.4, 2.8, -2.5, 3.3, -1.9, -1.3, 4.1, -1.5, -1.7, 4.7, -2.3, -2.3]
Indi 33: Fitness: 78Genotype: [-1.4, 4.6, -2.0, 4.1, 4.0, 2.8, -2.5, 3.3, -1.9, -1.3, 4.1, -1.5, -1.7, 4.7, -2.3, -2.3]
Indi 34: Fitness: 79Genotype: [-1.4, 4.6, -2.0, -1.4, 4.0, 2.8, -2.5, 3.3, -1.9, -1.3, 4.1, -1.5, -1.7, 4.7, -2.3, 2.7]
Indi 35: Fitness: 79Genotype: [-1.4, 4.6, -2.0, 4.1, 4.0, 2.8, -2.5, 3.3, -1.9, -1.3, 4.1, -1.5, -1.7, 4.7, -2.3, -2.3]
Indi 36: Fitness: 79Genotype: [-0.1, 4.8, -0.7, 3.1, 3.5, 3.0, -1.8, 3.9, 3.3, 3.9, 3.1, -1.4, -1.1, -0.9, -1.2, -2.1]
Indi 37: Fitness: 80Genotype: [-0.1, 4.8, -0.7, 3.1, 4.5, 3.0, -1.2, 3.9, -1.7, 3.9, 3.1, -1.4, -1.1, -0.9, -1.2, -2.1]
Indi 38: Fitness: 81Genotype: [-1.4, 4.6, -2.0, -1.4, 4.5, 3.0, -1.2, 3.9, -1.7, 3.9, 3.1, -1.4, -1.1, -0.9, -1.2, -2.1]
Indi 39: Fitness: 81Genotype: [-0.1, 4.8, -0.7, 3.1, 3.5, 3.0, -1.8, 3.9, 3.3, 3.9, 3.1, -1.4, -1.1, -0.9, -1.2, -2.1]
