INICIO: Mon Mar 20 01:25:42 BRT 2017
Geração 0:Average: 36.975Melhor fitness: 78Genes: [-1.4, 4.6, -2.0, 4.1, 4.0, 2.8, -2.5, 3.3, -1.9, -1.3, 4.1, -1.5, -1.7, 4.7, -2.3, -2.3]Pior fitness: 2Genes: [-1.9, -0.2, -2.2, -1.4, -2.2, -2.2, 2.9, -0.6, 2.9, 3.9, -0.8, -0.3, -2.1, -0.6, -1.7, -2.4]
Geração 1:Average: 53.575Melhor fitness: 78Genes: [-1.4, 4.6, -2.0, 4.1, 4.0, 2.8, -2.5, 3.3, -1.9, -1.3, 4.1, -1.5, -1.7, 4.7, -2.3, -2.3]Pior fitness: 1Genes: [4.6, -2.2, -0.5, -2.1, 4.5, 3.0, -1.2, 3.9, 3.3, 3.9, 3.1, -1.4, -1.1, -0.9, -1.2, -2.1]
Geração 2:Average: 52.8Melhor fitness: 81Genes: [-0.1, 4.8, -0.7, 3.1, 3.5, 3.0, -1.8, 3.9, 3.3, 3.9, 3.1, -1.4, -1.1, -0.9, -1.2, -2.1]Pior fitness: -33Genes: [-0.1, 4.8, -0.7, 3.1, 4.5, 3.0, -1.2, 3.9, 3.3, 3.9, 3.1, -1.4, -1.1, -1.4, -1.2, -2.1]
Geração 3:Average: 43.7Melhor fitness: 81Genes: [-0.1, 4.8, -0.7, 3.1, 3.5, 3.0, -1.8, 3.9, 3.3, 3.9, 3.1, -1.4, -1.1, -0.9, -1.2, -2.1]Pior fitness: -33Genes: [-1.4, 4.6, -2.0, 4.1, 4.0, 2.8, -2.5, -0.1, -1.9, -1.3, 4.1, -1.5, -1.7, 4.7, -2.3, -2.3]
Geração 4:Average: 57.575Melhor fitness: 81Genes: [-1.4, 4.6, -2.0, -1.4, 4.5, 3.0, -1.2, 3.9, -1.7, 3.9, 3.1, -1.4, -1.1, -0.9, -1.2, -2.1]Pior fitness: -13Genes: [-1.4, 4.6, 4.1, 4.1, 4.0, 2.8, -2.5, 3.3, -1.9, -1.3, 4.1, -1.5, -1.7, 4.7, -2.3, -2.3]
Geração 5:Average: 51.85Melhor fitness: 81Genes: [-0.1, 4.8, -0.7, 3.1, 3.5, 3.0, -1.8, 3.9, 3.3, 3.9, 3.1, -1.4, -1.1, -0.9, -1.2, -2.1]Pior fitness: -11Genes: [-1.4, 4.6, -2.0, -1.4, 4.5, 3.0, -1.2, 3.9, -1.7, 3.9, 3.1, -1.4, -1.1, -0.9, -1.2, -2.1]
Geração 6:Average: 43.25Melhor fitness: 81Genes: [-1.4, 4.6, -2.0, -1.4, 4.5, 3.0, -1.2, 3.9, -1.7, 3.9, 3.1, -1.4, -1.1, -0.9, -1.2, -2.1]Pior fitness: -33Genes: [-1.4, 4.6, -2.0, 4.1, 4.4, 2.8, -2.5, 3.3, 3.3, 3.9, 3.1, -1.4, -1.1, -0.9, -1.2, -2.1]
Geração 7:Average: 43.85Melhor fitness: 81Genes: [-0.1, 4.8, -0.7, 3.1, 3.5, 3.0, -1.8, 3.9, 3.3, 3.9, 3.1, -1.4, -1.1, -0.9, -1.2, -2.1]Pior fitness: -14Genes: [-0.1, 4.8, -0.7, 3.1, 4.5, 3.0, -1.2, 3.9, -1.7, 3.9, 3.1, -1.4, -1.1, -0.9, -1.2, -2.1]
Geração 8:Average: 49.7Melhor fitness: 81Genes: [-1.4, 4.6, -2.0, -1.4, 4.5, 3.0, -1.2, 3.9, -1.7, 3.9, 3.1, -1.4, -1.1, -0.9, -1.2, -2.1]Pior fitness: -6Genes: [-1.4, 4.6, -2.0, 4.1, 4.4, 2.8, -2.5, 3.3, -1.9, 3.9, 3.1, -0.6, -1.1, -0.9, -1.2, -2.1]
Geração 9:Average: 45.825Melhor fitness: 81Genes: [-0.1, 4.8, -0.7, -2.1, 3.5, 3.0, -1.8, 3.9, 3.3, 3.9, 3.1, -1.4, -1.1, -0.9, -1.2, -2.1]Pior fitness: -7Genes: [-1.4, 4.6, -2.0, -1.4, 3.5, 3.0, -1.8, 3.9, 3.3, 3.9, 3.1, -1.4, -1.1, -0.9, -1.2, -2.1]
Geração 10:Average: 47.3Melhor fitness: 81Genes: [-1.4, 4.6, -2.0, -1.4, 4.5, 3.0, -1.2, 3.9, -1.7, 3.9, 3.1, -1.4, -1.1, -0.9, -1.2, -2.1]Pior fitness: -33Genes: [-0.1, 4.8, -0.7, 3.1, 3.5, 3.0, -1.8, 3.9, 3.3, 3.9, 3.1, -1.4, -1.1, -0.9, -1.2, -2.1]
Geração 11:Average: 54.325Melhor fitness: 81Genes: [-0.1, 4.8, -0.7, -2.1, 3.5, 3.0, -1.8, 3.9, 3.3, 3.9, 3.1, -1.4, -1.1, -0.9, -1.2, -2.1]Pior fitness: -33Genes: [-1.4, 4.6, -2.0, -1.4, 3.5, 3.0, -1.8, 3.9, 3.3, 3.9, 3.1, -1.4, -1.1, 2.6, -1.2, -2.1]
Geração 12:Average: 47.8Melhor fitness: 81Genes: [-1.4, 4.6, -2.0, -1.4, 4.5, 3.0, -1.2, 3.9, -1.7, 3.9, 3.1, -1.4, -1.1, -0.9, -1.2, -2.1]Pior fitness: -11Genes: [-0.1, 4.8, -0.7, -2.1, 3.5, 3.0, -1.8, 3.9, 3.3, 3.9, 3.1, -1.4, -1.7, -0.9, -1.2, -2.1]
Geração 13:Average: 45.175Melhor fitness: 81Genes: [-0.1, 4.8, -0.7, -2.1, 3.5, 3.0, -1.8, 3.9, 3.3, 3.9, 3.1, -1.4, -1.1, -0.9, -1.2, -2.1]Pior fitness: -11Genes: [-0.1, 4.8, -0.7, -2.1, 3.5, 3.0, -1.8, 3.9, 3.3, 3.9, 3.1, -1.4, -1.1, -0.9, -1.2, -2.1]
Geração 14:Average: 50.075Melhor fitness: 81Genes: [-0.1, 4.8, -0.3, -2.1, 3.5, 3.0, -1.8, 3.9, 3.3, 3.9, 3.1, -1.4, -1.1, -0.9, -1.2, -2.1]Pior fitness: -14Genes: [-0.1, 4.8, -0.7, 3.1, 3.5, 3.0, -1.8, 3.9, 3.3, 3.9, 3.1, -1.4, -1.1, -0.9, -1.2, -2.1]
Geração 15:Average: 47.8Melhor fitness: 81Genes: [-0.1, 4.8, -0.7, -2.1, 3.5, 3.0, -1.8, 3.9, 3.3, 3.9, 3.1, -1.4, -1.1, -0.9, -1.2, -2.1]Pior fitness: -33Genes: [-0.1, 4.8, -0.7, -2.1, 3.5, 3.0, -1.8, 3.9, 3.3, 3.9, 3.1, -1.4, -1.1, -0.9, -1.2, -0.7]
Geração 16:Average: 42.275Melhor fitness: 81Genes: [-0.1, 4.8, -0.3, -2.1, 3.5, 3.0, -1.8, 3.9, 3.3, 3.9, 3.1, -1.4, -1.1, -0.9, -1.2, -2.1]Pior fitness: -33Genes: [-0.1, -1.8, -0.7, 3.1, 3.5, 3.0, -1.8, 3.9, 3.3, 3.9, 3.1, -1.4, -1.1, -0.9, -2.0, -2.1]
Geração 17:Average: 50.825Melhor fitness: 81Genes: [-0.1, -0.0, -0.7, 3.1, 3.5, 3.0, -1.8, 3.9, 3.3, 3.9, 3.1, -1.4, -1.1, -0.9, -1.2, -2.1]Pior fitness: -33Genes: [-0.1, 4.8, -0.7, 3.1, 3.5, -1.3, -1.8, 3.9, 3.3, 3.9, 3.1, -1.4, 4.4, -0.9, -1.2, -2.1]
Geração 18:Average: 43.55Melhor fitness: 81Genes: [-0.1, 4.8, -0.3, -2.1, 3.5, 3.0, -1.8, 3.9, 3.3, 3.9, 3.1, -1.4, -1.1, -0.9, -1.2, -2.1]Pior fitness: -33Genes: [3.3, 4.8, -0.7, 3.1, 4.5, 3.0, -1.2, 3.9, -1.9, 3.9, 3.1, -0.6, -1.1, -0.9, -1.2, -2.1]
Geração 19:Average: 50.425Melhor fitness: 81Genes: [-0.1, 4.8, -0.7, 3.1, 3.5, 3.0, -1.8, 2.7, 3.3, 4.8, 3.1, -1.4, -1.1, -0.9, -1.2, -2.1]Pior fitness: -10Genes: [-0.1, 4.8, -0.7, 3.1, 3.5, 3.0, -1.8, 3.9, -1.1, 3.9, -2.1, -1.4, -1.1, -0.9, -1.2, -2.1]
Melhor da ultima geracao: Geração 19:Melhor fitness: 81Genes: [-0.1, 4.8, -0.7, 3.1, 3.5, 3.0, -1.8, 2.7, 3.3, 4.8, 3.1, -1.4, -1.1, -0.9, -1.2, -2.1]Melhor de todas as gerações: Geração 19:Fitness: 81Genes: [-0.1, 4.8, -0.7, 3.1, 3.5, 3.0, -1.8, 2.7, 3.3, 4.8, 3.1, -1.4, -1.1, -0.9, -1.2, -2.1]Pior de todas as gerações: Geração 18:Fitness: -33Genes: [3.3, 4.8, -0.7, 3.1, 4.5, 3.0, -1.2, 3.9, -1.9, 3.9, 3.1, -0.6, -1.1, -0.9, -1.2, -2.1]FIM: Mon Mar 20 08:36:13 BRT 2017
