INICIO: Mon Mar 20 07:11:56 BRT 2017
INDIVIDUALS OF LAST GENERATION: 8
Indi 0: Fitness: -6Genotype: [-1.4, 4.6, -2.0, 4.1, 4.4, 2.8, -2.5, 3.3, -1.9, 3.9, 3.1, -0.6, -1.1, -0.9, -1.2, -2.1]
Indi 1: Fitness: -2Genotype: [-1.4, 4.6, -2.0, -1.4, 4.5, 3.0, -1.2, 3.9, -1.9, 3.9, 3.1, -0.6, -1.1, -0.9, -1.2, -2.1]
Indi 2: Fitness: -2Genotype: [-1.4, 4.6, -2.0, 4.1, 4.0, 2.8, -2.5, 3.3, -1.9, -1.3, 4.1, -1.5, -1.7, 4.7, -2.3, -2.3]
Indi 3: Fitness: 0Genotype: [-0.1, 4.8, -0.7, 3.1, 3.5, 3.0, -1.8, 3.9, 3.3, 3.9, 3.1, -1.4, -1.1, -0.9, -1.5, -2.1]
Indi 4: Fitness: 1Genotype: [-0.1, 4.8, -0.7, 3.1, 3.5, 3.0, -1.8, 3.9, 3.3, 3.9, 3.1, -1.4, 4.4, -1.8, -1.2, -2.1]
Indi 5: Fitness: 1Genotype: [-0.1, 4.8, -0.7, 3.1, 4.5, 3.0, -1.2, 3.9, -1.9, -1.3, 4.1, -1.5, -1.7, 4.7, -2.3, -2.3]
Indi 6: Fitness: 4Genotype: [-0.1, 4.8, -0.7, 3.1, 4.5, -1.3, -1.2, 3.9, -1.7, 3.9, 3.1, -1.4, -1.1, -0.9, -1.2, -2.1]
Indi 7: Fitness: 19Genotype: [-0.1, 4.8, -0.7, 3.1, 3.5, 3.0, -1.8, 3.9, 3.3, 3.9, 3.1, -1.4, -1.1, -0.9, -1.2, -2.1]
Indi 8: Fitness: 20Genotype: [-0.1, 4.8, -0.7, 3.1, 3.5, 3.0, -1.8, 3.9, 3.3, 3.9, 3.1, -1.4, 4.4, -0.9, -1.2, -2.1]
Indi 9: Fitness: 29Genotype: [-0.1, 4.8, -0.7, 3.1, 4.5, 3.0, -1.2, 3.9, -1.7, 3.9, -2.3, -1.4, -1.1, -0.9, -1.2, -2.1]
Indi 10: Fitness: 30Genotype: [-0.1, 4.8, -0.7, -0.6, 4.5, 3.0, -1.2, 3.9, -1.9, 3.9, 3.1, -0.6, -1.1, -0.9, -1.2, -2.1]
Indi 11: Fitness: 31Genotype: [-1.4, 4.6, -2.0, -1.4, 4.0, 2.8, -2.5, 3.3, -1.9, -1.3, 4.1, -2.4, -1.7, 4.7, -2.3, 2.7]
Indi 12: Fitness: 32Genotype: [-1.4, 4.6, -2.0, -1.4, 4.5, 2.6, -1.2, 3.9, -1.7, 3.9, 3.1, -1.4, -1.1, -0.9, -1.2, -2.1]
Indi 13: Fitness: 34Genotype: [-1.4, 4.6, -2.0, 4.1, 4.0, 2.8, -2.5, 3.4, -1.9, -1.3, 4.1, -1.5, -1.7, 4.7, -2.3, -2.3]
Indi 14: Fitness: 36Genotype: [-0.1, 4.8, -0.7, 3.1, 4.5, 3.0, -1.2, 3.9, -0.4, 3.9, 3.1, -0.6, -1.1, -0.9, -1.2, -2.1]
Indi 15: Fitness: 36Genotype: [-1.4, 4.6, -2.0, 4.1, 4.0, 2.8, -2.5, 3.3, -1.9, -1.4, 4.1, -1.5, -1.7, 4.7, -2.3, -2.3]
Indi 16: Fitness: 37Genotype: [-1.4, 4.6, -2.0, 4.1, 4.4, 2.8, -2.5, 3.3, -1.9, -1.3, 3.1, -1.5, -1.7, 4.7, -2.3, -2.3]
Indi 17: Fitness: 40Genotype: [-1.4, 4.6, -2.0, -1.4, 4.5, 3.0, -1.2, 3.9, -1.7, 3.9, 3.1, -1.4, -1.1, -0.9, 3.7, -2.1]
Indi 18: Fitness: 40Genotype: [-0.1, 4.8, -0.7, 3.1, 3.5, 3.0, -1.8, 3.9, 3.3, 3.9, 3.1, -1.4, -1.1, -0.9, -1.2, -2.1]
Indi 19: Fitness: 56Genotype: [-0.1, 4.8, -0.7, 3.1, 3.5, 3.0, -1.8, 3.9, 3.3, 3.9, 3.1, -1.4, 4.4, -0.9, -1.2, 2.9]
Indi 20: Fitness: 70Genotype: [-1.4, 4.6, -2.0, 4.1, 4.4, 2.8, -2.5, 3.3, -1.9, -1.3, 4.1, -1.5, -1.7, 4.7, -0.8, -2.3]
Indi 21: Fitness: 72Genotype: [-1.4, 4.9, -2.0, 4.1, 4.0, 2.8, -2.5, 3.3, -1.9, -1.3, 4.1, -1.5, -1.7, 4.7, -2.3, -2.3]
Indi 22: Fitness: 73Genotype: [-1.4, 4.6, -2.0, 4.1, 4.0, 2.8, -2.5, 3.3, -1.9, -1.3, 4.1, -0.7, -1.7, 4.7, -2.3, -2.3]
Indi 23: Fitness: 74Genotype: [-0.1, 4.8, -0.7, 3.1, 3.5, 3.0, -1.8, -1.9, 3.3, 3.9, 3.1, -1.4, -1.1, -0.9, -1.2, -2.1]
Indi 24: Fitness: 76Genotype: [-0.1, -2.4, -0.7, 3.1, 3.5, 3.0, -1.8, 3.9, 3.3, 3.9, 3.1, -1.4, -1.1, -0.9, -1.2, -2.1]
Indi 25: Fitness: 77Genotype: [-1.4, 4.6, -2.0, -1.4, 4.0, 2.8, -2.5, 3.3, -1.9, -1.3, 4.1, -1.5, -1.7, 4.7, -2.3, 2.7]
Indi 26: Fitness: 78Genotype: [-1.4, 4.6, -2.0, 4.1, 4.0, 2.8, -2.5, 3.3, -1.9, -1.3, 4.1, -1.5, -1.7, 4.7, -2.3, -2.3]
Indi 27: Fitness: 78Genotype: [-1.4, 4.6, -2.0, 4.1, 4.4, 2.8, -2.5, 3.3, -1.9, -1.3, 4.1, -1.5, -1.7, 4.7, -2.3, -2.3]
Indi 28: Fitness: 78Genotype: [-1.4, 4.6, -2.0, 4.1, 4.0, 2.8, -2.5, 3.3, 3.3, 3.9, 3.1, -1.4, -1.1, -0.9, -1.2, -2.1]
Indi 29: Fitness: 78Genotype: [-1.4, 4.6, -2.0, 4.1, 4.0, 2.8, -2.5, 3.3, 3.3, 3.9, 3.1, -1.4, -1.1, -0.9, -1.2, -2.1]
Indi 30: Fitness: 79Genotype: [-0.1, 4.8, -0.7, 3.1, 3.5, 3.0, -1.8, 3.9, 3.3, 3.9, 3.1, -1.4, -1.1, -0.9, -1.2, -2.1]
Indi 31: Fitness: 79Genotype: [-1.4, 4.6, -2.0, 4.1, 4.0, 2.8, -2.5, 3.3, -1.9, -1.3, 4.1, -1.5, -1.7, 4.7, -2.3, -2.3]
Indi 32: Fitness: 79Genotype: [-1.4, 4.6, -2.0, -1.4, 4.0, 2.8, -2.5, 3.3, -1.9, -1.3, 4.1, -1.5, -1.7, 4.7, -2.3, 2.7]
Indi 33: Fitness: 79Genotype: [-0.1, 4.8, -0.7, 3.1, 3.5, 3.0, -1.8, 3.9, 3.3, -1.3, 4.1, -1.5, -1.7, 4.7, -2.3, -2.3]
Indi 34: Fitness: 80Genotype: [-0.1, 4.8, -0.7, 3.1, 4.5, 3.0, -1.2, 3.9, -1.7, 3.9, 3.1, -1.4, -1.1, -0.9, -1.2, -2.1]
Indi 35: Fitness: 80Genotype: [-0.1, 4.8, -0.7, 3.1, 3.5, 3.0, -1.8, 3.9, 3.3, 3.9, 3.1, -1.4, 4.4, -0.9, -1.2, -2.1]
Indi 36: Fitness: 80Genotype: [-0.1, 4.8, -0.7, 3.1, 4.5, 3.0, -1.2, 3.9, -1.9, 3.9, 3.1, -0.6, -1.1, -0.9, -1.2, -2.1]
Indi 37: Fitness: 80Genotype: [-0.1, 4.8, -0.7, 3.1, 3.5, 3.0, -1.8, 3.9, -1.1, 3.9, 3.1, -1.4, -1.1, -0.9, -1.2, -2.1]
Indi 38: Fitness: 81Genotype: [-0.1, 4.8, -0.7, 3.1, 3.5, 3.0, -1.8, 3.9, 3.3, 3.9, 3.1, -1.4, -1.1, -0.9, -1.2, -2.1]
Indi 39: Fitness: 81Genotype: [-1.4, 4.6, -2.0, -1.4, 4.5, 3.0, -1.2, 3.9, -1.7, 3.9, 3.1, -1.4, -1.1, -0.9, -1.2, -2.1]
