INICIO: Sun Jan 28 00:51:32 EST 2018
INDIVIDUALS OF LAST GENERATION: 23
Indi 0: Fitness: 15.168484848484848Genotype: [0.0, 1.0, 0.0, 1.5, 1.2, 1.8, 1.7, 0.0, 0.0, 0.0, 1.3, 1.9, 1.1, 1.3]
Indi 1: Fitness: 17.932121212121217Genotype: [0.0, 0.0, 1.9, 0.0, 0.0, 0.0, 1.8, 0.0, 0.0, 1.2, 0.0, 1.3, 0.0, 1.9]
Indi 2: Fitness: 22.29212121212122Genotype: [0.0, 0.0, 0.0, 0.0, 1.9, 1.1, 0.0, 0.0, 0.0, 1.4, 2.0, 1.3, 0.0, 1.8]
Indi 3: Fitness: 23.572121212121225Genotype: [0.0, 1.2, 1.2, 0.0, 1.9, 1.1, 0.0, 0.0, 1.4, 1.4, 2.0, 1.3, 0.0, 1.8]
Indi 4: Fitness: 24.700606060606066Genotype: [2.0, 0.0, 1.9, 0.0, 0.0, 0.0, 1.8, 0.0, 0.0, 1.2, 0.0, 0.0, 1.6, 1.9]
Indi 5: Fitness: 25.023030303030303Genotype: [0.0, 1.0, 0.0, 1.5, 1.2, 1.0, 1.7, 1.2, 0.0, 0.0, 1.3, 1.9, 1.1, 1.3]
Indi 6: Fitness: 25.612121212121224Genotype: [0.0, 1.0, 1.6, 0.0, 1.9, 1.1, 1.0, 0.0, 0.0, 1.4, 2.0, 1.0, 0.0, 1.8]
Indi 7: Fitness: 26.372121212121222Genotype: [2.0, 0.0, 1.6, 0.0, 1.0, 1.2, 0.0, 0.0, 0.0, 1.8, 2.0, 1.3, 0.0, 1.8]
Indi 8: Fitness: 29.212121212121225Genotype: [0.0, 1.0, 0.0, 0.0, 1.9, 1.1, 0.0, 0.0, 0.0, 1.4, 2.0, 1.3, 0.0, 1.8]
Indi 9: Fitness: 37.02060606060607Genotype: [0.0, 1.0, 0.0, 1.8, 1.9, 1.1, 0.0, 0.0, 0.0, 1.4, 2.0, 1.3, 2.0, 1.8]
Indi 10: Fitness: 37.77212121212122Genotype: [2.0, 0.0, 1.6, 0.0, 1.9, 1.1, 1.0, 1.1, 0.0, 1.4, 2.0, 0.0, 0.0, 1.8]
Indi 11: Fitness: 37.94060606060607Genotype: [2.0, 0.0, 1.6, 0.0, 1.9, 1.1, 0.0, 1.5, 0.0, 1.4, 2.0, 1.3, 1.7, 1.8]
Indi 12: Fitness: 38.012121212121215Genotype: [0.0, 1.0, 0.0, 1.5, 1.2, 1.0, 1.7, 0.0, 0.0, 0.0, 0.0, 1.4, 1.1, 0.0]
Indi 13: Fitness: 43.732121212121214Genotype: [0.0, 2.0, 0.0, 1.5, 1.5, 1.0, 1.7, 0.0, 0.0, 0.0, 1.3, 1.9, 0.0, 0.0]
Indi 14: Fitness: 46.252121212121224Genotype: [2.0, 0.0, 1.6, 0.0, 0.0, 1.1, 0.0, 0.0, 0.0, 1.4, 2.0, 0.0, 0.0, 1.8]
Indi 15: Fitness: 47.012121212121215Genotype: [2.0, 0.0, 0.0, 1.5, 1.2, 1.0, 1.7, 0.0, 0.0, 0.0, 1.3, 1.9, 1.1, 0.0]
Indi 16: Fitness: 47.69212121212122Genotype: [0.0, 1.0, 0.0, 0.0, 1.6, 0.0, 1.7, 0.0, 0.0, 0.0, 1.3, 1.9, 0.0, 0.0]
Indi 17: Fitness: 48.09212121212123Genotype: [0.0, 1.0, 0.0, 0.0, 0.0, 0.0, 1.8, 0.0, 0.0, 1.2, 0.0, 0.0, 0.0, 1.9]
Indi 18: Fitness: 48.252121212121224Genotype: [0.0, 0.0, 1.9, 0.0, 0.0, 0.0, 1.8, 0.0, 0.0, 1.2, 0.0, 1.0, 0.0, 1.9]
Indi 19: Fitness: 48.41212121212122Genotype: [2.0, 0.0, 0.0, 0.0, 1.9, 1.1, 0.0, 0.0, 0.0, 1.4, 2.0, 1.3, 0.0, 1.8]
Indi 20: Fitness: 48.77212121212122Genotype: [0.0, 0.0, 0.0, 0.0, 1.9, 1.1, 0.0, 0.0, 0.0, 1.4, 2.0, 1.3, 0.0, 0.0]
Indi 21: Fitness: 48.89212121212122Genotype: [0.0, 0.0, 0.0, 0.0, 0.0, 0.0, 0.0, 0.0, 0.0, 1.2, 0.0, 0.0, 0.0, 1.9]
Indi 22: Fitness: 48.97212121212122Genotype: [2.0, 0.0, 1.2, 0.0, 1.9, 1.1, 0.0, 0.0, 0.0, 1.4, 2.0, 1.3, 0.0, 1.8]
Indi 23: Fitness: 49.292121212121216Genotype: [0.0, 1.0, 0.0, 1.2, 1.9, 1.1, 0.0, 0.0, 0.0, 1.4, 2.0, 1.3, 0.0, 1.3]
Indi 24: Fitness: 49.45212121212122Genotype: [2.0, 0.0, 1.6, 0.0, 1.0, 1.2, 0.0, 0.0, 1.6, 1.4, 2.0, 1.3, 0.0, 0.0]
Indi 25: Fitness: 49.81212121212122Genotype: [2.0, 0.0, 1.9, 0.0, 1.2, 0.0, 1.8, 0.0, 0.0, 1.2, 0.0, 0.0, 0.0, 1.9]
Indi 26: Fitness: 49.85212121212122Genotype: [2.0, 0.0, 1.6, 0.0, 1.9, 1.1, 1.0, 0.0, 0.0, 1.4, 2.0, 1.0, 0.0, 1.8]
Indi 27: Fitness: 49.93212121212122Genotype: [2.0, 0.0, 0.0, 0.0, 1.9, 1.1, 1.0, 0.0, 0.0, 1.4, 2.0, 1.0, 0.0, 1.8]
Indi 28: Fitness: 50.05212121212122Genotype: [2.0, 0.0, 1.2, 0.0, 1.9, 1.1, 1.0, 0.0, 0.0, 1.4, 2.0, 1.0, 0.0, 1.8]
Indi 29: Fitness: 50.33212121212122Genotype: [2.0, 0.0, 1.6, 0.0, 1.9, 1.1, 0.0, 0.0, 0.0, 1.4, 2.0, 1.3, 0.0, 1.5]
Indi 30: Fitness: 50.49212121212121Genotype: [0.0, 1.0, 0.0, 0.0, 1.9, 1.1, 0.0, 0.0, 0.0, 1.4, 2.0, 2.0, 0.0, 1.4]
Indi 31: Fitness: 50.65212121212123Genotype: [0.0, 1.0, 0.0, 1.5, 1.6, 1.0, 1.7, 0.0, 0.0, 0.0, 1.3, 1.9, 0.0, 0.0]
Indi 32: Fitness: 50.69212121212122Genotype: [0.0, 1.0, 0.0, 0.0, 0.0, 0.0, 1.8, 0.0, 0.0, 1.2, 0.0, 0.0, 0.0, 1.9]
Indi 33: Fitness: 50.69212121212122Genotype: [0.0, 1.0, 0.0, 0.0, 1.9, 1.1, 0.0, 0.0, 1.9, 1.4, 2.0, 1.3, 0.0, 1.8]
Indi 34: Fitness: 50.97212121212122Genotype: [2.0, 0.0, 1.9, 0.0, 0.0, 1.3, 1.8, 0.0, 0.0, 1.2, 0.0, 0.0, 0.0, 1.9]
Indi 35: Fitness: 50.97212121212122Genotype: [0.0, 1.0, 1.6, 0.0, 1.9, 1.1, 0.0, 0.0, 2.0, 1.4, 2.0, 1.3, 0.0, 1.8]
Indi 36: Fitness: 51.17212121212122Genotype: [0.0, 1.0, 0.0, 1.5, 1.6, 1.0, 1.7, 0.0, 0.0, 0.0, 1.3, 1.9, 0.0, 0.0]
Indi 37: Fitness: 51.21212121212121Genotype: [0.0, 0.0, 0.0, 0.0, 1.9, 1.1, 0.0, 0.0, 0.0, 1.4, 2.0, 1.3, 0.0, 1.8]
Indi 38: Fitness: 51.212121212121225Genotype: [2.0, 0.0, 1.6, 0.0, 1.0, 1.2, 0.0, 0.0, 0.0, 1.4, 1.5, 1.3, 0.0, 1.8]
Indi 39: Fitness: 51.81212121212123Genotype: [0.0, 1.0, 1.2, 0.0, 1.9, 1.1, 0.0, 0.0, 0.0, 1.4, 2.0, 1.3, 0.0, 1.8]
Indi 40: Fitness: 51.89212121212122Genotype: [2.0, 0.0, 1.6, 0.0, 1.9, 1.1, 0.0, 0.0, 0.0, 1.4, 2.0, 1.3, 0.0, 1.8]
Indi 41: Fitness: 51.89212121212122Genotype: [0.0, 0.0, 1.9, 0.0, 0.0, 0.0, 1.8, 0.0, 0.0, 1.2, 0.0, 0.0, 0.0, 1.9]
Indi 42: Fitness: 51.93212121212122Genotype: [0.0, 1.0, 0.0, 0.0, 1.9, 1.1, 0.0, 0.0, 0.0, 1.4, 2.0, 1.3, 0.0, 1.8]
Indi 43: Fitness: 51.972121212121216Genotype: [0.0, 1.0, 0.0, 0.0, 1.9, 1.1, 0.0, 0.0, 0.0, 1.4, 2.0, 1.3, 0.0, 1.8]
Indi 44: Fitness: 52.012121212121215Genotype: [0.0, 1.0, 0.0, 1.5, 1.6, 1.0, 1.7, 0.0, 0.0, 0.0, 1.3, 1.9, 0.0, 0.0]
Indi 45: Fitness: 52.01212121212122Genotype: [0.0, 1.0, 0.0, 1.5, 1.2, 1.0, 1.7, 0.0, 0.0, 0.0, 1.3, 1.9, 1.1, 0.0]
Indi 46: Fitness: 52.532121212121226Genotype: [0.0, 1.0, 1.2, 0.0, 1.9, 1.1, 0.0, 0.0, 0.0, 1.4, 2.0, 1.3, 0.0, 1.8]
Indi 47: Fitness: 52.612121212121224Genotype: [2.0, 0.0, 1.6, 0.0, 1.0, 1.2, 0.0, 0.0, 0.0, 1.4, 2.0, 1.3, 0.0, 1.8]
Indi 48: Fitness: 52.85212121212122Genotype: [2.0, 0.0, 1.6, 0.0, 1.9, 1.1, 1.0, 0.0, 0.0, 1.4, 2.0, 1.0, 0.0, 1.8]
Indi 49: Fitness: 52.972121212121216Genotype: [2.0, 0.0, 1.9, 0.0, 0.0, 0.0, 1.8, 0.0, 0.0, 1.2, 0.0, 0.0, 0.0, 1.9]
