INICIO: Sun Jan 28 03:45:24 EST 2018
INDIVIDUALS OF LAST GENERATION: 46
Indi 0: Fitness: 15.732121212121223Genotype: [2.0, 0.0, 0.0, 1.9, 1.2, 1.0, 1.7, 0.0, 0.0, 0.0, 1.6, 1.9, 1.5, 0.0]
Indi 1: Fitness: 22.852121212121222Genotype: [0.0, 1.0, 0.0, 1.9, 1.2, 1.0, 1.7, 0.0, 0.0, 0.0, 1.6, 1.9, 1.5, 0.0]
Indi 2: Fitness: 24.17212121212122Genotype: [2.0, 0.0, 0.0, 0.0, 1.0, 1.2, 0.0, 0.0, 0.0, 1.4, 2.0, 1.3, 0.0, 1.8]
Indi 3: Fitness: 25.29212121212122Genotype: [0.0, 1.0, 0.0, 0.0, 0.0, 0.0, 1.4, 0.0, 0.0, 1.2, 1.5, 0.0, 0.0, 1.9]
Indi 4: Fitness: 26.49212121212122Genotype: [0.0, 1.0, 0.0, 1.9, 1.2, 1.0, 1.7, 0.0, 1.5, 0.0, 1.6, 1.9, 1.5, 0.0]
Indi 5: Fitness: 33.532121212121226Genotype: [2.0, 0.0, 1.2, 1.9, 1.2, 1.0, 1.7, 0.0, 0.0, 0.0, 1.6, 1.9, 1.5, 0.0]
Indi 6: Fitness: 35.61212121212122Genotype: [0.0, 1.0, 0.0, 1.9, 1.2, 1.0, 1.3, 0.0, 0.0, 0.0, 1.6, 1.9, 1.4, 0.0]
Indi 7: Fitness: 36.70060606060606Genotype: [0.0, 1.3, 1.2, 1.9, 1.2, 1.0, 1.7, 0.0, 0.0, 0.0, 1.6, 1.9, 1.5, 1.3]
Indi 8: Fitness: 39.252121212121224Genotype: [2.0, 0.0, 1.6, 0.0, 1.9, 1.1, 1.0, 0.0, 0.0, 1.4, 2.0, 1.0, 0.0, 1.6]
Indi 9: Fitness: 40.17212121212121Genotype: [0.0, 1.0, 1.4, 1.9, 1.2, 1.0, 1.7, 1.6, 0.0, 0.0, 1.6, 1.9, 1.5, 0.0]
Indi 10: Fitness: 40.252121212121224Genotype: [0.0, 1.0, 0.0, 1.5, 1.6, 1.6, 1.2, 0.0, 0.0, 0.0, 1.3, 1.9, 1.2, 0.0]
Indi 11: Fitness: 44.65212121212122Genotype: [0.0, 1.0, 0.0, 1.5, 1.6, 1.6, 1.2, 0.0, 0.0, 0.0, 1.3, 0.0, 1.4, 0.0]
Indi 12: Fitness: 46.17212121212121Genotype: [0.0, 1.0, 0.0, 0.0, 1.2, 1.0, 0.0, 0.0, 0.0, 0.0, 0.0, 1.9, 1.4, 0.0]
Indi 13: Fitness: 47.49212121212122Genotype: [0.0, 1.0, 1.2, 0.0, 1.9, 1.1, 0.0, 0.0, 0.0, 1.4, 2.0, 1.3, 0.0, 1.8]
Indi 14: Fitness: 48.852121212121226Genotype: [0.0, 1.0, 1.2, 1.9, 1.2, 1.0, 1.6, 0.0, 0.0, 0.0, 1.6, 1.9, 1.5, 0.0]
Indi 15: Fitness: 49.09212121212122Genotype: [0.0, 1.0, 0.0, 1.5, 1.6, 1.8, 1.2, 0.0, 0.0, 0.0, 1.3, 1.9, 1.2, 0.0]
Indi 16: Fitness: 49.212121212121225Genotype: [0.0, 1.0, 1.2, 0.0, 1.9, 1.1, 0.0, 0.0, 0.0, 1.4, 2.0, 0.0, 0.0, 1.8]
Indi 17: Fitness: 49.372121212121215Genotype: [1.5, 1.0, 1.2, 0.0, 1.9, 1.7, 0.0, 0.0, 0.0, 1.4, 2.0, 1.3, 0.0, 1.8]
Indi 18: Fitness: 49.37212121212122Genotype: [0.0, 1.0, 1.2, 0.0, 1.9, 1.1, 0.0, 0.0, 0.0, 1.4, 2.0, 1.3, 0.0, 1.8]
Indi 19: Fitness: 49.412121212121214Genotype: [1.7, 1.0, 0.0, 0.0, 0.0, 1.9, 1.8, 0.0, 0.0, 1.2, 0.0, 0.0, 0.0, 1.9]
Indi 20: Fitness: 49.65212121212122Genotype: [0.0, 1.0, 0.0, 0.0, 1.2, 1.0, 1.9, 0.0, 0.0, 0.0, 1.5, 1.9, 1.4, 0.0]
Indi 21: Fitness: 50.05212121212122Genotype: [0.0, 1.0, 0.0, 0.0, 1.2, 1.0, 1.7, 0.0, 0.0, 0.0, 1.6, 1.9, 1.4, 0.0]
Indi 22: Fitness: 50.05212121212122Genotype: [0.0, 1.0, 0.0, 0.0, 0.0, 1.3, 1.8, 0.0, 0.0, 1.2, 0.0, 0.0, 0.0, 1.9]
Indi 23: Fitness: 50.092121212121214Genotype: [2.0, 0.0, 1.6, 0.0, 1.9, 1.1, 1.0, 1.0, 0.0, 1.4, 2.0, 1.0, 0.0, 0.0]
Indi 24: Fitness: 50.09212121212123Genotype: [0.0, 1.0, 1.2, 1.9, 1.2, 1.2, 1.7, 0.0, 0.0, 0.0, 1.6, 1.9, 1.5, 0.0]
Indi 25: Fitness: 50.252121212121224Genotype: [0.0, 1.0, 0.0, 1.5, 1.2, 0.0, 1.7, 0.0, 0.0, 0.0, 0.0, 1.9, 1.1, 0.0]
Indi 26: Fitness: 50.292121212121216Genotype: [2.0, 0.0, 1.9, 0.0, 0.0, 0.0, 1.8, 0.0, 0.0, 1.2, 0.0, 0.0, 1.5, 0.0]
Indi 27: Fitness: 50.332121212121216Genotype: [0.0, 0.0, 1.9, 0.0, 0.0, 0.0, 1.8, 0.0, 1.1, 1.2, 0.0, 0.0, 0.0, 1.9]
Indi 28: Fitness: 50.332121212121216Genotype: [2.0, 0.0, 0.0, 0.0, 1.2, 1.0, 1.7, 0.0, 0.0, 0.0, 1.6, 1.9, 1.4, 0.0]
Indi 29: Fitness: 50.57212121212122Genotype: [2.0, 0.0, 1.6, 0.0, 0.0, 1.2, 0.0, 0.0, 0.0, 1.4, 2.0, 1.3, 0.0, 1.8]
Indi 30: Fitness: 50.77212121212121Genotype: [1.9, 0.0, 0.0, 0.0, 0.0, 0.0, 1.8, 0.0, 0.0, 1.2, 0.0, 0.0, 0.0, 1.9]
Indi 31: Fitness: 50.77212121212123Genotype: [0.0, 1.9, 1.2, 0.0, 1.9, 1.1, 1.3, 0.0, 0.0, 1.4, 2.0, 1.3, 0.0, 1.8]
Indi 32: Fitness: 50.81212121212121Genotype: [2.0, 1.3, 1.6, 0.0, 1.9, 1.1, 1.1, 0.0, 0.0, 1.4, 2.0, 1.0, 0.0, 1.8]
Indi 33: Fitness: 50.81212121212122Genotype: [0.0, 1.0, 0.0, 1.5, 1.2, 1.9, 1.7, 0.0, 0.0, 0.0, 0.0, 1.9, 1.1, 0.0]
Indi 34: Fitness: 50.85212121212122Genotype: [0.0, 1.0, 1.2, 1.9, 1.2, 1.0, 1.7, 0.0, 0.0, 0.0, 1.6, 1.9, 1.5, 0.0]
Indi 35: Fitness: 50.97212121212122Genotype: [0.0, 1.0, 1.2, 1.9, 1.2, 1.0, 1.7, 0.0, 0.0, 0.0, 1.6, 1.9, 1.5, 0.0]
Indi 36: Fitness: 51.01212121212122Genotype: [0.0, 1.0, 0.0, 1.9, 1.2, 1.0, 1.7, 0.0, 0.0, 0.0, 1.9, 1.9, 0.0, 0.0]
Indi 37: Fitness: 51.13212121212122Genotype: [1.0, 1.0, 0.0, 1.5, 1.2, 1.0, 1.7, 0.0, 0.0, 0.0, 1.6, 1.9, 1.2, 0.0]
Indi 38: Fitness: 51.65212121212122Genotype: [2.0, 0.0, 1.6, 0.0, 1.0, 1.2, 0.0, 0.0, 0.0, 1.4, 2.0, 1.3, 0.0, 1.8]
Indi 39: Fitness: 51.89212121212122Genotype: [0.0, 1.0, 0.0, 0.0, 0.0, 0.0, 1.8, 0.0, 0.0, 1.2, 0.0, 0.0, 0.0, 1.9]
Indi 40: Fitness: 52.49212121212122Genotype: [0.0, 1.0, 0.0, 1.5, 1.6, 1.6, 1.2, 0.0, 0.0, 0.0, 1.3, 1.9, 1.2, 0.0]
Indi 41: Fitness: 52.532121212121226Genotype: [0.0, 1.0, 1.2, 0.0, 1.9, 1.1, 0.0, 0.0, 0.0, 1.4, 2.0, 1.3, 0.0, 1.8]
Indi 42: Fitness: 52.612121212121224Genotype: [2.0, 0.0, 1.6, 0.0, 1.0, 1.2, 0.0, 0.0, 0.0, 1.4, 2.0, 1.3, 0.0, 1.8]
Indi 43: Fitness: 52.65212121212122Genotype: [0.0, 1.0, 0.0, 0.0, 1.2, 1.0, 1.7, 0.0, 0.0, 0.0, 1.6, 1.9, 1.4, 0.0]
Indi 44: Fitness: 52.65212121212122Genotype: [0.0, 1.0, 0.0, 1.5, 1.2, 1.0, 1.7, 0.0, 0.0, 0.0, 1.6, 1.9, 1.1, 0.0]
Indi 45: Fitness: 52.77212121212121Genotype: [0.0, 1.0, 0.0, 0.0, 0.0, 0.0, 1.8, 0.0, 0.0, 1.2, 0.0, 0.0, 0.0, 1.9]
Indi 46: Fitness: 52.77212121212121Genotype: [0.0, 1.0, 1.2, 1.9, 1.2, 1.0, 1.7, 0.0, 0.0, 0.0, 1.6, 1.9, 1.5, 0.0]
Indi 47: Fitness: 52.85212121212122Genotype: [2.0, 0.0, 1.6, 0.0, 1.9, 1.1, 1.0, 0.0, 0.0, 1.4, 2.0, 1.0, 0.0, 1.8]
Indi 48: Fitness: 52.972121212121216Genotype: [2.0, 0.0, 1.9, 0.0, 0.0, 0.0, 1.8, 0.0, 0.0, 1.2, 0.0, 0.0, 0.0, 1.9]
Indi 49: Fitness: 53.17212121212121Genotype: [0.0, 1.0, 0.0, 1.9, 1.2, 1.0, 1.7, 0.0, 0.0, 0.0, 1.6, 1.9, 1.5, 0.0]
