INICIO: Sat Jan 27 22:14:27 EST 2018
INDIVIDUALS OF LAST GENERATION: 4
Indi 0: Fitness: 14.572121212121221Genotype: [0.0, 1.5, 1.9, 1.6, 1.8, 0.0, 0.0, 0.0, 1.6, 1.2, 0.0, 1.5, 0.0, 1.1]
Indi 1: Fitness: 25.29212121212122Genotype: [0.0, 0.0, 0.0, 1.7, 0.0, 0.0, 1.5, 0.0, 1.2, 0.0, 1.3, 1.9, 1.2, 0.0]
Indi 2: Fitness: 25.65212121212121Genotype: [0.0, 0.0, 0.0, 1.5, 1.2, 1.0, 1.7, 0.0, 0.0, 0.0, 1.3, 1.9, 1.1, 0.0]
Indi 3: Fitness: 27.212121212121225Genotype: [0.0, 1.6, 0.0, 1.5, 1.2, 0.0, 1.7, 0.0, 0.0, 0.0, 1.3, 0.0, 1.1, 0.0]
Indi 4: Fitness: 28.644040404040407Genotype: [0.0, 1.5, 0.0, 0.0, 0.0, 0.0, 1.7, 0.0, 0.0, 1.4, 0.0, 1.8, 1.5, 1.5]
Indi 5: Fitness: 34.012121212121215Genotype: [0.0, 1.5, 1.9, 0.0, 1.9, 1.1, 0.0, 0.0, 0.0, 1.4, 2.0, 1.3, 0.0, 1.8]
Indi 6: Fitness: 37.12161616161616Genotype: [0.0, 1.6, 0.0, 0.0, 1.3, 1.2, 1.2, 0.0, 1.9, 1.7, 1.7, 0.0, 1.8, 1.0]
Indi 7: Fitness: 41.01212121212122Genotype: [0.0, 1.5, 1.9, 1.6, 1.8, 0.0, 1.8, 0.0, 1.6, 1.2, 0.0, 0.0, 0.0, 1.1]
Indi 8: Fitness: 41.37212121212123Genotype: [0.0, 1.5, 1.9, 0.0, 1.8, 0.0, 1.8, 1.7, 1.6, 1.2, 0.0, 0.0, 0.0, 1.9]
Indi 9: Fitness: 43.49212121212122Genotype: [0.0, 1.0, 0.0, 1.5, 1.2, 1.0, 0.0, 0.0, 0.0, 0.0, 1.3, 1.9, 1.1, 0.0]
Indi 10: Fitness: 45.97777777777778Genotype: [0.0, 0.0, 2.0, 0.0, 1.3, 1.2, 1.2, 0.0, 1.9, 1.7, 1.7, 0.0, 2.0, 1.0]
Indi 11: Fitness: 47.707878787878805Genotype: [0.0, 0.0, 0.0, 0.0, 1.3, 1.7, 1.2, 0.0, 1.9, 1.7, 1.7, 0.0, 1.8, 1.0]
Indi 12: Fitness: 47.77212121212121Genotype: [0.0, 0.0, 1.9, 1.6, 1.8, 0.0, 1.8, 0.0, 1.6, 0.0, 0.0, 0.0, 0.0, 1.1]
Indi 13: Fitness: 48.25212121212122Genotype: [0.0, 1.6, 0.0, 1.5, 1.2, 0.0, 1.7, 0.0, 0.0, 0.0, 1.3, 1.9, 1.1, 0.0]
Indi 14: Fitness: 48.612121212121224Genotype: [0.0, 0.0, 1.9, 1.6, 1.8, 0.0, 1.8, 0.0, 1.6, 1.2, 0.0, 0.0, 0.0, 1.1]
Indi 15: Fitness: 48.85212121212122Genotype: [2.0, 0.0, 1.8, 0.0, 1.9, 1.1, 0.0, 0.0, 0.0, 1.4, 2.0, 1.3, 0.0, 1.8]
Indi 16: Fitness: 48.93212121212122Genotype: [0.0, 1.0, 0.0, 1.5, 1.2, 0.0, 1.7, 1.1, 1.2, 0.0, 1.3, 1.9, 1.1, 0.0]
Indi 17: Fitness: 48.97212121212122Genotype: [2.0, 0.0, 1.6, 0.0, 1.9, 1.1, 0.0, 0.0, 0.0, 0.0, 2.0, 1.3, 0.0, 1.8]
Indi 18: Fitness: 49.092121212121214Genotype: [2.0, 0.0, 1.9, 0.0, 1.8, 0.0, 1.8, 0.0, 1.6, 1.2, 0.0, 0.0, 0.0, 1.9]
Indi 19: Fitness: 49.13212121212122Genotype: [2.0, 0.0, 1.6, 1.3, 1.9, 0.0, 0.0, 0.0, 0.0, 1.4, 2.0, 1.3, 0.0, 1.8]
Indi 20: Fitness: 49.17212121212121Genotype: [0.0, 0.0, 1.3, 0.0, 1.2, 0.0, 1.5, 0.0, 1.2, 0.0, 1.3, 1.9, 1.2, 0.0]
Indi 21: Fitness: 49.172121212121226Genotype: [0.0, 1.5, 0.0, 1.5, 1.2, 0.0, 1.7, 0.0, 0.0, 0.0, 1.3, 1.9, 1.1, 0.0]
Indi 22: Fitness: 49.41212121212122Genotype: [0.0, 1.0, 0.0, 1.5, 1.2, 1.0, 1.7, 0.0, 0.0, 0.0, 1.3, 1.9, 1.1, 0.0]
Indi 23: Fitness: 49.45212121212122Genotype: [0.0, 0.0, 0.0, 1.5, 1.2, 0.0, 1.5, 0.0, 1.2, 0.0, 1.1, 1.9, 0.0, 0.0]
Indi 24: Fitness: 49.65212121212122Genotype: [0.0, 1.0, 0.0, 1.5, 0.0, 1.7, 1.7, 0.0, 0.0, 0.0, 1.3, 1.9, 1.1, 0.0]
Indi 25: Fitness: 49.77212121212123Genotype: [0.0, 1.0, 0.0, 1.5, 1.2, 0.0, 0.0, 0.0, 1.2, 0.0, 1.3, 1.9, 1.7, 0.0]
Indi 26: Fitness: 49.85212121212122Genotype: [1.0, 1.5, 0.0, 0.0, 0.0, 0.0, 1.7, 0.0, 0.0, 1.4, 0.0, 1.8, 0.0, 1.5]
Indi 27: Fitness: 49.93212121212122Genotype: [0.0, 2.0, 0.0, 1.5, 1.6, 1.0, 1.7, 0.0, 0.0, 0.0, 1.3, 1.5, 1.1, 0.0]
Indi 28: Fitness: 50.13212121212122Genotype: [0.0, 1.5, 1.9, 0.0, 1.8, 0.0, 1.8, 0.0, 0.0, 1.2, 0.0, 0.0, 0.0, 1.9]
Indi 29: Fitness: 50.41212121212122Genotype: [0.0, 1.5, 0.0, 1.6, 1.8, 0.0, 1.8, 0.0, 1.6, 1.2, 0.0, 0.0, 0.0, 1.2]
Indi 30: Fitness: 50.45212121212122Genotype: [0.0, 1.0, 0.0, 1.5, 1.2, 1.0, 1.7, 0.0, 0.0, 0.0, 1.3, 0.0, 1.1, 0.0]
Indi 31: Fitness: 50.732121212121214Genotype: [0.0, 1.6, 0.0, 1.5, 1.2, 0.0, 1.5, 0.0, 0.0, 0.0, 1.3, 1.9, 1.1, 0.0]
Indi 32: Fitness: 50.77212121212122Genotype: [0.0, 1.0, 0.0, 1.5, 1.2, 1.0, 1.7, 0.0, 0.0, 0.0, 1.3, 1.9, 1.1, 0.0]
Indi 33: Fitness: 50.77212121212122Genotype: [0.0, 0.0, 1.9, 0.0, 1.8, 0.0, 1.8, 0.0, 1.6, 1.2, 0.0, 0.0, 0.0, 1.9]
Indi 34: Fitness: 51.05212121212122Genotype: [2.0, 0.0, 0.0, 1.5, 1.2, 0.0, 1.7, 0.0, 1.2, 0.0, 1.3, 1.9, 1.1, 0.0]
Indi 35: Fitness: 51.09212121212122Genotype: [0.0, 1.0, 1.6, 1.5, 1.6, 1.0, 1.7, 0.0, 0.0, 0.0, 1.3, 1.9, 1.1, 0.0]
Indi 36: Fitness: 51.09212121212122Genotype: [0.0, 1.5, 0.0, 1.6, 0.0, 0.0, 1.7, 0.0, 0.0, 1.4, 0.0, 1.8, 0.0, 1.5]
Indi 37: Fitness: 51.13212121212122Genotype: [0.0, 0.0, 0.0, 1.5, 1.2, 0.0, 1.5, 0.0, 1.2, 0.0, 1.3, 1.9, 1.2, 0.0]
Indi 38: Fitness: 51.13212121212122Genotype: [0.0, 1.6, 0.0, 1.5, 1.2, 0.0, 1.7, 0.0, 0.0, 0.0, 1.3, 1.9, 1.1, 0.0]
Indi 39: Fitness: 51.17212121212121Genotype: [0.0, 1.0, 0.0, 1.6, 1.8, 0.0, 1.8, 0.0, 1.6, 1.2, 0.0, 0.0, 0.0, 1.1]
Indi 40: Fitness: 51.212121212121225Genotype: [0.0, 1.5, 1.9, 1.6, 1.8, 0.0, 1.8, 0.0, 1.6, 1.2, 0.0, 0.0, 0.0, 1.1]
Indi 41: Fitness: 51.292121212121216Genotype: [0.0, 0.0, 0.0, 0.0, 1.3, 1.2, 1.2, 0.0, 1.9, 0.0, 1.7, 0.0, 1.8, 1.0]
Indi 42: Fitness: 51.372121212121215Genotype: [0.0, 0.0, 0.0, 0.0, 1.3, 1.2, 1.2, 0.0, 1.9, 1.7, 1.7, 0.0, 1.8, 1.0]
Indi 43: Fitness: 51.372121212121215Genotype: [0.0, 1.0, 0.0, 1.5, 1.2, 0.0, 1.7, 0.0, 1.2, 0.0, 1.3, 1.9, 1.1, 0.0]
Indi 44: Fitness: 51.45212121212122Genotype: [0.0, 1.0, 0.0, 1.9, 1.2, 0.0, 0.0, 0.0, 1.2, 0.0, 1.3, 1.9, 1.1, 0.0]
Indi 45: Fitness: 51.53212121212122Genotype: [0.0, 1.5, 0.0, 0.0, 0.0, 0.0, 1.7, 0.0, 0.0, 1.4, 0.0, 1.8, 0.0, 1.5]
Indi 46: Fitness: 51.612121212121224Genotype: [0.0, 1.5, 1.9, 0.0, 1.8, 0.0, 1.8, 0.0, 1.6, 1.2, 0.0, 0.0, 0.0, 1.9]
Indi 47: Fitness: 51.732121212121214Genotype: [0.0, 1.0, 0.0, 1.5, 1.6, 1.0, 1.7, 0.0, 0.0, 0.0, 1.3, 1.9, 1.1, 0.0]
Indi 48: Fitness: 51.89212121212122Genotype: [2.0, 0.0, 1.6, 0.0, 1.9, 1.1, 0.0, 0.0, 0.0, 1.4, 2.0, 1.3, 0.0, 1.8]
Indi 49: Fitness: 52.01212121212122Genotype: [0.0, 1.0, 0.0, 1.5, 1.2, 1.0, 1.7, 0.0, 0.0, 0.0, 1.3, 1.9, 1.1, 0.0]
