INICIO: Sun Jan 28 03:24:37 EST 2018
INDIVIDUALS OF LAST GENERATION: 43
Indi 0: Fitness: 24.21212121212122Genotype: [0.0, 1.0, 1.2, 1.9, 1.2, 1.0, 1.7, 0.0, 0.0, 0.0, 1.6, 1.9, 1.5, 0.0]
Indi 1: Fitness: 25.332121212121223Genotype: [0.0, 0.0, 0.0, 0.0, 0.0, 0.0, 1.8, 0.0, 0.0, 1.2, 0.0, 0.0, 0.0, 1.9]
Indi 2: Fitness: 26.21212121212121Genotype: [2.0, 0.0, 1.2, 1.9, 1.2, 1.0, 1.7, 0.0, 0.0, 0.0, 1.6, 1.9, 1.5, 0.0]
Indi 3: Fitness: 32.05212121212122Genotype: [2.0, 0.0, 1.9, 0.0, 0.0, 0.0, 1.7, 0.0, 0.0, 0.0, 0.0, 0.0, 0.0, 1.9]
Indi 4: Fitness: 33.980606060606064Genotype: [1.1, 1.0, 0.0, 1.9, 1.2, 1.0, 1.7, 0.0, 0.0, 0.0, 1.6, 1.9, 1.5, 1.4]
Indi 5: Fitness: 36.221414141414144Genotype: [0.0, 1.0, 0.0, 1.5, 1.2, 1.5, 1.7, 0.0, 0.0, 0.0, 1.6, 1.9, 1.1, 1.4]
Indi 6: Fitness: 37.492121212121226Genotype: [2.0, 0.0, 1.9, 0.0, 0.0, 0.0, 1.8, 0.0, 0.0, 1.2, 0.0, 1.4, 0.0, 1.9]
Indi 7: Fitness: 38.97212121212122Genotype: [0.0, 1.0, 1.2, 0.0, 1.2, 1.0, 1.7, 0.0, 0.0, 0.0, 1.6, 1.9, 1.5, 0.0]
Indi 8: Fitness: 39.85212121212122Genotype: [0.0, 1.0, 0.0, 0.0, 1.1, 0.0, 1.8, 0.0, 0.0, 1.2, 0.0, 0.0, 0.0, 1.9]
Indi 9: Fitness: 43.33212121212122Genotype: [0.0, 1.0, 0.0, 1.5, 1.6, 1.6, 1.2, 0.0, 0.0, 1.8, 1.3, 1.9, 1.0, 0.0]
Indi 10: Fitness: 44.13212121212122Genotype: [0.0, 1.0, 0.0, 1.9, 1.2, 1.0, 1.7, 1.7, 0.0, 0.0, 1.6, 1.5, 1.5, 0.0]
Indi 11: Fitness: 46.53212121212122Genotype: [0.0, 1.0, 1.6, 0.0, 1.9, 1.1, 1.0, 0.0, 0.0, 1.4, 2.0, 1.0, 0.0, 1.8]
Indi 12: Fitness: 47.252121212121224Genotype: [0.0, 1.0, 1.2, 1.9, 1.2, 1.0, 1.7, 0.0, 1.3, 0.0, 0.0, 1.9, 1.5, 0.0]
Indi 13: Fitness: 47.45212121212122Genotype: [0.0, 0.0, 0.0, 1.5, 1.2, 1.0, 1.7, 0.0, 0.0, 0.0, 1.6, 1.9, 1.1, 0.0]
Indi 14: Fitness: 47.93212121212122Genotype: [0.0, 0.0, 1.6, 0.0, 1.9, 1.1, 1.0, 0.0, 0.0, 1.4, 2.0, 1.0, 0.0, 1.8]
Indi 15: Fitness: 49.012121212121215Genotype: [2.0, 1.4, 1.6, 0.0, 1.0, 1.2, 0.0, 0.0, 0.0, 1.4, 2.0, 1.3, 0.0, 1.8]
Indi 16: Fitness: 49.05212121212122Genotype: [2.0, 0.0, 1.6, 0.0, 0.0, 1.2, 0.0, 0.0, 1.3, 1.4, 2.0, 1.3, 0.0, 1.8]
Indi 17: Fitness: 49.05212121212122Genotype: [2.0, 0.0, 1.6, 0.0, 1.0, 1.2, 0.0, 0.0, 0.0, 1.4, 2.0, 1.3, 0.0, 1.1]
Indi 18: Fitness: 49.21212121212122Genotype: [0.0, 1.0, 0.0, 0.0, 1.4, 1.1, 1.0, 0.0, 0.0, 1.4, 2.0, 1.0, 0.0, 1.8]
Indi 19: Fitness: 49.25212121212122Genotype: [2.0, 0.0, 1.9, 0.0, 0.0, 0.0, 1.8, 0.0, 0.0, 1.2, 2.0, 0.0, 0.0, 1.9]
Indi 20: Fitness: 49.332121212121216Genotype: [2.0, 1.8, 1.6, 0.0, 1.9, 1.1, 0.0, 0.0, 0.0, 1.4, 2.0, 1.0, 0.0, 1.8]
Indi 21: Fitness: 49.572121212121225Genotype: [0.0, 1.0, 1.6, 0.0, 1.9, 1.1, 1.0, 0.0, 0.0, 1.4, 2.0, 1.0, 0.0, 1.8]
Indi 22: Fitness: 49.69212121212122Genotype: [2.0, 0.0, 1.6, 0.0, 1.9, 1.1, 1.0, 0.0, 0.0, 1.4, 2.0, 1.0, 0.0, 1.8]
Indi 23: Fitness: 49.732121212121214Genotype: [2.0, 0.0, 1.6, 0.0, 1.9, 1.1, 1.0, 0.0, 0.0, 1.4, 2.0, 1.0, 0.0, 1.8]
Indi 24: Fitness: 49.73212121212122Genotype: [0.0, 1.0, 0.0, 1.5, 1.2, 1.0, 1.9, 0.0, 0.0, 0.0, 1.6, 1.0, 1.1, 0.0]
Indi 25: Fitness: 49.85212121212122Genotype: [0.0, 1.0, 1.2, 0.0, 1.9, 1.1, 0.0, 1.6, 0.0, 1.4, 2.0, 1.3, 0.0, 1.8]
Indi 26: Fitness: 50.25212121212122Genotype: [0.0, 1.0, 1.2, 1.9, 1.2, 1.0, 1.7, 0.0, 0.0, 0.0, 1.6, 1.9, 1.5, 0.0]
Indi 27: Fitness: 50.33212121212122Genotype: [0.0, 0.0, 1.6, 0.0, 1.9, 1.1, 1.0, 0.0, 0.0, 1.4, 2.0, 0.0, 0.0, 1.8]
Indi 28: Fitness: 50.372121212121215Genotype: [0.0, 1.0, 1.2, 1.9, 1.2, 1.0, 1.7, 1.8, 0.0, 0.0, 0.0, 1.9, 1.5, 0.0]
Indi 29: Fitness: 50.37212121212122Genotype: [0.0, 1.0, 0.0, 0.0, 0.0, 0.0, 1.8, 1.4, 0.0, 1.2, 1.4, 0.0, 0.0, 1.9]
Indi 30: Fitness: 50.572121212121225Genotype: [0.0, 1.0, 0.0, 0.0, 0.0, 0.0, 1.8, 0.0, 0.0, 1.2, 0.0, 0.0, 0.0, 1.9]
Indi 31: Fitness: 50.61212121212121Genotype: [0.0, 1.0, 1.2, 0.0, 0.0, 1.1, 0.0, 0.0, 0.0, 1.4, 2.0, 1.3, 0.0, 1.8]
Indi 32: Fitness: 50.61212121212122Genotype: [2.0, 0.0, 1.6, 0.0, 1.9, 1.1, 1.0, 0.0, 0.0, 1.4, 2.0, 1.0, 0.0, 1.8]
Indi 33: Fitness: 50.612121212121224Genotype: [0.0, 1.0, 1.6, 0.0, 1.0, 1.2, 0.0, 0.0, 0.0, 1.4, 2.0, 1.3, 0.0, 1.8]
Indi 34: Fitness: 50.81212121212121Genotype: [0.0, 1.0, 1.2, 0.0, 0.0, 0.0, 1.8, 0.0, 0.0, 1.2, 0.0, 0.0, 0.0, 1.9]
Indi 35: Fitness: 50.85212121212122Genotype: [0.0, 1.0, 1.2, 0.0, 0.0, 1.1, 0.0, 0.0, 0.0, 1.4, 2.0, 1.3, 0.0, 1.8]
Indi 36: Fitness: 51.292121212121216Genotype: [0.0, 0.0, 1.6, 0.0, 1.9, 1.1, 1.0, 0.0, 0.0, 1.4, 2.0, 1.0, 0.0, 1.8]
Indi 37: Fitness: 51.33212121212121Genotype: [0.0, 1.0, 0.0, 1.5, 1.6, 1.6, 1.2, 0.0, 0.0, 0.0, 1.8, 1.9, 1.2, 0.0]
Indi 38: Fitness: 51.77212121212121Genotype: [0.0, 0.0, 0.0, 1.5, 1.6, 1.6, 1.2, 0.0, 2.0, 0.0, 1.3, 1.9, 1.2, 0.0]
Indi 39: Fitness: 52.45212121212122Genotype: [0.0, 1.0, 1.6, 0.0, 1.9, 1.1, 1.0, 0.0, 0.0, 1.4, 2.0, 1.0, 0.0, 1.8]
Indi 40: Fitness: 52.49212121212122Genotype: [0.0, 1.0, 0.0, 1.5, 1.6, 1.6, 1.2, 0.0, 0.0, 0.0, 1.3, 1.9, 1.2, 0.0]
Indi 41: Fitness: 52.532121212121226Genotype: [0.0, 1.0, 1.2, 0.0, 1.9, 1.1, 0.0, 0.0, 0.0, 1.4, 2.0, 1.3, 0.0, 1.8]
Indi 42: Fitness: 52.612121212121224Genotype: [2.0, 0.0, 1.6, 0.0, 1.0, 1.2, 0.0, 0.0, 0.0, 1.4, 2.0, 1.3, 0.0, 1.8]
Indi 43: Fitness: 52.65212121212122Genotype: [0.0, 1.0, 0.0, 1.5, 1.2, 1.0, 1.7, 0.0, 0.0, 0.0, 1.6, 1.9, 1.1, 0.0]
Indi 44: Fitness: 52.65212121212122Genotype: [0.0, 1.0, 0.0, 0.0, 1.2, 1.0, 1.7, 0.0, 0.0, 0.0, 1.6, 1.9, 1.4, 0.0]
Indi 45: Fitness: 52.77212121212121Genotype: [0.0, 1.0, 1.2, 1.9, 1.2, 1.0, 1.7, 0.0, 0.0, 0.0, 1.6, 1.9, 1.5, 0.0]
Indi 46: Fitness: 52.77212121212121Genotype: [0.0, 1.0, 0.0, 0.0, 0.0, 0.0, 1.8, 0.0, 0.0, 1.2, 0.0, 0.0, 0.0, 1.9]
Indi 47: Fitness: 52.85212121212122Genotype: [2.0, 0.0, 1.6, 0.0, 1.9, 1.1, 1.0, 0.0, 0.0, 1.4, 2.0, 1.0, 0.0, 1.8]
Indi 48: Fitness: 52.972121212121216Genotype: [2.0, 0.0, 1.9, 0.0, 0.0, 0.0, 1.8, 0.0, 0.0, 1.2, 0.0, 0.0, 0.0, 1.9]
Indi 49: Fitness: 53.17212121212121Genotype: [0.0, 1.0, 0.0, 1.9, 1.2, 1.0, 1.7, 0.0, 0.0, 0.0, 1.6, 1.9, 1.5, 0.0]
