INICIO: Sat Jan 27 22:29:52 EST 2018
INDIVIDUALS OF LAST GENERATION: 6
Indi 0: Fitness: 15.852121212121222Genotype: [2.0, 0.0, 1.6, 0.0, 1.9, 1.1, 0.0, 1.5, 0.0, 1.4, 2.0, 1.3, 0.0, 1.8]
Indi 1: Fitness: 21.57212121212122Genotype: [0.0, 0.0, 0.0, 0.0, 0.0, 0.0, 1.7, 1.4, 0.0, 1.4, 0.0, 1.8, 0.0, 1.5]
Indi 2: Fitness: 26.372121212121225Genotype: [0.0, 1.0, 1.5, 1.5, 1.2, 0.0, 1.7, 1.0, 1.2, 0.0, 1.3, 1.9, 1.1, 0.0]
Indi 3: Fitness: 26.81212121212122Genotype: [0.0, 1.0, 0.0, 1.5, 1.6, 1.0, 1.7, 0.0, 0.0, 0.0, 1.3, 1.1, 1.1, 0.0]
Indi 4: Fitness: 27.49212121212122Genotype: [0.0, 1.0, 0.0, 1.5, 1.2, 2.0, 1.8, 0.0, 0.0, 0.0, 1.3, 1.9, 1.1, 0.0]
Indi 5: Fitness: 28.52767676767677Genotype: [0.0, 1.0, 0.0, 1.5, 1.2, 1.0, 1.7, 0.0, 0.0, 0.0, 1.3, 1.9, 0.0, 2.0]
Indi 6: Fitness: 30.892121212121218Genotype: [1.7, 0.0, 1.6, 0.0, 1.9, 1.1, 0.0, 0.0, 0.0, 1.4, 2.0, 1.3, 0.0, 1.8]
Indi 7: Fitness: 31.21212121212121Genotype: [0.0, 1.0, 0.0, 0.0, 1.2, 0.0, 1.7, 0.0, 1.2, 0.0, 0.0, 1.9, 1.1, 0.0]
Indi 8: Fitness: 34.65212121212122Genotype: [0.0, 1.0, 0.0, 1.5, 1.2, 1.6, 1.7, 0.0, 0.0, 0.0, 1.3, 1.9, 1.1, 0.0]
Indi 9: Fitness: 35.37212121212122Genotype: [0.0, 1.5, 0.0, 1.5, 1.2, 1.0, 1.7, 0.0, 0.0, 0.0, 1.3, 1.9, 1.1, 0.0]
Indi 10: Fitness: 35.70060606060606Genotype: [0.0, 1.0, 0.0, 1.5, 1.2, 0.0, 1.7, 0.0, 0.0, 0.0, 1.3, 1.9, 1.1, 2.0]
Indi 11: Fitness: 35.90060606060606Genotype: [0.0, 1.5, 1.5, 0.0, 1.8, 0.0, 1.8, 0.0, 1.6, 1.2, 0.0, 0.0, 1.8, 1.9]
Indi 12: Fitness: 36.06060606060607Genotype: [1.3, 0.0, 0.0, 0.0, 1.3, 1.2, 1.2, 1.6, 1.9, 1.7, 1.7, 0.0, 1.8, 1.0]
Indi 13: Fitness: 44.45212121212121Genotype: [0.0, 1.0, 0.0, 1.5, 1.2, 0.0, 1.7, 0.0, 1.2, 0.0, 1.3, 1.9, 1.1, 0.0]
Indi 14: Fitness: 46.012121212121215Genotype: [0.0, 0.0, 0.0, 1.5, 1.2, 1.0, 1.7, 0.0, 0.0, 0.0, 1.3, 1.9, 1.1, 0.0]
Indi 15: Fitness: 46.05212121212122Genotype: [0.0, 0.0, 0.0, 0.0, 0.0, 1.2, 1.2, 0.0, 1.9, 1.7, 1.7, 2.0, 1.8, 1.0]
Indi 16: Fitness: 46.972121212121216Genotype: [0.0, 1.0, 0.0, 1.5, 1.6, 1.0, 1.7, 0.0, 0.0, 0.0, 1.3, 1.9, 1.1, 0.0]
Indi 17: Fitness: 48.09212121212122Genotype: [0.0, 0.0, 0.0, 1.5, 1.2, 1.0, 1.7, 0.0, 0.0, 0.0, 1.3, 1.9, 1.1, 0.0]
Indi 18: Fitness: 48.13212121212122Genotype: [0.0, 1.8, 0.0, 1.5, 1.6, 1.3, 1.7, 0.0, 0.0, 0.0, 1.3, 1.9, 1.1, 0.0]
Indi 19: Fitness: 48.41212121212122Genotype: [0.0, 0.0, 0.0, 1.9, 1.2, 0.0, 0.0, 1.8, 1.2, 0.0, 1.3, 1.9, 1.1, 0.0]
Indi 20: Fitness: 48.572121212121225Genotype: [0.0, 0.0, 0.0, 0.0, 1.9, 1.1, 0.0, 0.0, 0.0, 1.4, 2.0, 1.3, 0.0, 1.8]
Indi 21: Fitness: 48.61212121212122Genotype: [0.0, 1.5, 1.9, 0.0, 1.8, 0.0, 1.8, 0.0, 1.6, 1.1, 0.0, 0.0, 0.0, 1.9]
Indi 22: Fitness: 49.13212121212122Genotype: [0.0, 1.0, 0.0, 1.5, 1.2, 1.0, 1.7, 0.0, 0.0, 0.0, 1.3, 1.9, 1.1, 0.0]
Indi 23: Fitness: 49.21212121212121Genotype: [0.0, 1.5, 0.0, 0.0, 0.0, 0.0, 1.7, 0.0, 0.0, 1.4, 0.0, 1.8, 0.0, 1.5]
Indi 24: Fitness: 49.21212121212122Genotype: [0.0, 1.0, 0.0, 1.5, 1.6, 1.0, 1.7, 0.0, 0.0, 0.0, 1.3, 0.0, 1.1, 0.0]
Indi 25: Fitness: 49.21212121212122Genotype: [0.0, 1.5, 1.9, 2.0, 1.8, 0.0, 1.8, 0.0, 1.6, 1.2, 0.0, 0.0, 0.0, 1.9]
Indi 26: Fitness: 49.41212121212122Genotype: [0.0, 0.0, 1.6, 0.0, 1.3, 1.1, 0.0, 0.0, 0.0, 1.4, 2.0, 1.3, 0.0, 1.8]
Indi 27: Fitness: 49.53212121212122Genotype: [0.0, 1.0, 0.0, 1.5, 1.2, 1.0, 1.7, 0.0, 0.0, 1.7, 1.3, 1.9, 1.1, 0.0]
Indi 28: Fitness: 49.53212121212122Genotype: [0.0, 1.0, 0.0, 1.9, 1.2, 0.0, 0.0, 0.0, 1.2, 0.0, 1.3, 1.9, 1.1, 0.0]
Indi 29: Fitness: 49.85212121212122Genotype: [0.0, 1.0, 0.0, 1.5, 1.2, 1.0, 1.7, 0.0, 0.0, 0.0, 1.3, 1.9, 1.1, 0.0]
Indi 30: Fitness: 50.01212121212122Genotype: [0.0, 1.5, 0.0, 0.0, 0.0, 0.0, 1.7, 0.0, 0.0, 1.4, 0.0, 1.8, 0.0, 1.5]
Indi 31: Fitness: 50.052121212121214Genotype: [0.0, 0.0, 0.0, 0.0, 0.0, 1.2, 1.2, 0.0, 1.9, 1.7, 1.7, 0.0, 1.8, 0.0]
Indi 32: Fitness: 50.17212121212121Genotype: [0.0, 1.0, 0.0, 0.0, 1.9, 1.1, 0.0, 0.0, 0.0, 1.4, 2.0, 1.3, 0.0, 1.8]
Indi 33: Fitness: 50.25212121212122Genotype: [2.0, 1.9, 2.0, 0.0, 1.9, 1.1, 0.0, 0.0, 0.0, 1.4, 2.0, 1.3, 0.0, 1.8]
Indi 34: Fitness: 50.332121212121216Genotype: [0.0, 0.0, 1.6, 0.0, 1.9, 1.1, 0.0, 0.0, 0.0, 1.4, 2.0, 1.3, 0.0, 1.8]
Indi 35: Fitness: 50.492121212121226Genotype: [0.0, 1.0, 0.0, 1.5, 1.2, 1.0, 1.7, 1.1, 0.0, 0.0, 1.3, 1.9, 1.1, 0.0]
Indi 36: Fitness: 50.65212121212122Genotype: [0.0, 1.5, 0.0, 0.0, 0.0, 0.0, 1.7, 0.0, 0.0, 1.4, 0.0, 1.8, 0.0, 1.5]
Indi 37: Fitness: 51.01212121212122Genotype: [0.0, 0.0, 0.0, 1.9, 1.2, 0.0, 0.0, 0.0, 0.0, 0.0, 1.3, 1.9, 1.1, 0.0]
Indi 38: Fitness: 51.13212121212122Genotype: [0.0, 1.0, 0.0, 0.0, 1.8, 0.0, 1.8, 0.0, 1.6, 1.2, 0.0, 0.0, 0.0, 1.9]
Indi 39: Fitness: 51.332121212121216Genotype: [0.0, 0.0, 1.6, 0.0, 1.9, 1.1, 0.0, 0.0, 0.0, 1.4, 2.0, 1.3, 0.0, 1.8]
Indi 40: Fitness: 51.332121212121216Genotype: [0.0, 1.0, 0.0, 1.5, 1.2, 1.0, 1.7, 0.0, 0.0, 0.0, 1.3, 1.9, 1.1, 0.0]
Indi 41: Fitness: 51.372121212121215Genotype: [0.0, 0.0, 0.0, 0.0, 1.3, 1.2, 1.2, 0.0, 1.9, 1.7, 1.7, 0.0, 1.8, 1.0]
Indi 42: Fitness: 51.372121212121215Genotype: [0.0, 1.0, 0.0, 1.5, 1.2, 0.0, 1.7, 0.0, 1.2, 0.0, 1.3, 1.9, 1.1, 0.0]
Indi 43: Fitness: 51.45212121212122Genotype: [0.0, 1.0, 0.0, 1.9, 1.2, 0.0, 0.0, 0.0, 1.2, 0.0, 1.3, 1.9, 1.1, 0.0]
Indi 44: Fitness: 51.53212121212122Genotype: [0.0, 1.5, 0.0, 0.0, 0.0, 0.0, 1.7, 0.0, 0.0, 1.4, 0.0, 1.8, 0.0, 1.5]
Indi 45: Fitness: 51.532121212121226Genotype: [2.0, 0.0, 1.6, 0.0, 1.9, 1.1, 0.0, 0.0, 0.0, 1.4, 2.0, 1.3, 0.0, 1.8]
Indi 46: Fitness: 51.612121212121224Genotype: [0.0, 1.5, 1.9, 0.0, 1.8, 0.0, 1.8, 0.0, 1.6, 1.2, 0.0, 0.0, 0.0, 1.9]
Indi 47: Fitness: 51.732121212121214Genotype: [0.0, 1.0, 0.0, 1.5, 1.6, 1.0, 1.7, 0.0, 0.0, 0.0, 1.3, 1.9, 1.1, 0.0]
Indi 48: Fitness: 51.89212121212122Genotype: [2.0, 0.0, 1.6, 0.0, 1.9, 1.1, 0.0, 0.0, 0.0, 1.4, 2.0, 1.3, 0.0, 1.8]
Indi 49: Fitness: 52.01212121212122Genotype: [0.0, 1.0, 0.0, 1.5, 1.2, 1.0, 1.7, 0.0, 0.0, 0.0, 1.3, 1.9, 1.1, 0.0]
