INICIO: Sat Jan 27 23:00:23 EST 2018
INDIVIDUALS OF LAST GENERATION: 10
Indi 0: Fitness: 12.012121212121224Genotype: [2.0, 0.0, 1.6, 0.0, 1.9, 1.1, 0.0, 1.9, 0.0, 1.4, 2.0, 1.3, 0.0, 1.8]
Indi 1: Fitness: 21.180606060606063Genotype: [0.0, 1.4, 0.0, 1.9, 1.2, 0.0, 0.0, 0.0, 1.2, 0.0, 1.3, 1.9, 1.1, 1.9]
Indi 2: Fitness: 25.41212121212122Genotype: [2.0, 0.0, 1.6, 0.0, 0.0, 1.1, 0.0, 0.0, 0.0, 1.4, 2.0, 1.6, 0.0, 1.8]
Indi 3: Fitness: 25.57212121212122Genotype: [0.0, 1.0, 0.0, 1.4, 1.9, 1.1, 0.0, 0.0, 0.0, 1.4, 2.0, 1.3, 0.0, 1.8]
Indi 4: Fitness: 26.652121212121216Genotype: [0.0, 0.0, 0.0, 0.0, 1.9, 1.1, 0.0, 0.0, 0.0, 1.4, 2.0, 1.3, 0.0, 1.8]
Indi 5: Fitness: 31.49212121212122Genotype: [2.0, 0.0, 1.6, 0.0, 1.9, 1.1, 0.0, 1.2, 0.0, 1.4, 2.0, 1.3, 0.0, 1.8]
Indi 6: Fitness: 32.865454545454554Genotype: [0.0, 1.0, 0.0, 1.9, 1.2, 0.0, 0.0, 0.0, 1.2, 0.0, 1.3, 1.9, 1.1, 1.4]
Indi 7: Fitness: 35.692121212121215Genotype: [0.0, 1.0, 0.0, 1.5, 1.2, 1.0, 1.7, 0.0, 0.0, 0.0, 1.3, 1.9, 1.1, 0.0]
Indi 8: Fitness: 36.372121212121215Genotype: [0.0, 0.0, 0.0, 1.7, 1.6, 1.0, 1.7, 0.0, 0.0, 0.0, 1.3, 1.9, 1.1, 0.0]
Indi 9: Fitness: 36.41212121212122Genotype: [0.0, 1.0, 0.0, 1.5, 1.2, 1.0, 1.7, 0.0, 0.0, 0.0, 1.3, 1.9, 1.1, 0.0]
Indi 10: Fitness: 36.900606060606066Genotype: [2.0, 0.0, 1.6, 0.0, 1.9, 0.0, 0.0, 0.0, 0.0, 1.4, 2.0, 1.3, 1.8, 1.8]
Indi 11: Fitness: 38.05212121212122Genotype: [0.0, 1.4, 0.0, 0.0, 0.0, 0.0, 1.7, 0.0, 0.0, 1.4, 0.0, 1.8, 0.0, 1.5]
Indi 12: Fitness: 38.57212121212122Genotype: [0.0, 1.0, 0.0, 0.0, 1.9, 1.1, 0.0, 0.0, 1.8, 1.4, 2.0, 1.3, 0.0, 1.7]
Indi 13: Fitness: 39.45212121212122Genotype: [2.0, 0.0, 1.6, 0.0, 0.0, 0.0, 0.0, 0.0, 0.0, 1.4, 2.0, 1.6, 0.0, 1.8]
Indi 14: Fitness: 41.45212121212122Genotype: [0.0, 1.0, 0.0, 0.0, 1.8, 0.0, 1.8, 0.0, 1.6, 1.2, 0.0, 0.0, 0.0, 1.9]
Indi 15: Fitness: 43.13212121212122Genotype: [2.0, 0.0, 1.6, 0.0, 1.9, 1.1, 0.0, 0.0, 0.0, 1.4, 2.0, 0.0, 0.0, 1.8]
Indi 16: Fitness: 44.052121212121214Genotype: [0.0, 1.5, 1.9, 0.0, 1.9, 1.1, 0.0, 0.0, 0.0, 1.4, 2.0, 1.3, 0.0, 1.8]
Indi 17: Fitness: 47.01212121212122Genotype: [0.0, 1.0, 0.0, 1.9, 1.2, 0.0, 0.0, 0.0, 1.2, 0.0, 1.3, 1.9, 1.1, 0.0]
Indi 18: Fitness: 47.05212121212123Genotype: [0.0, 1.5, 0.0, 0.0, 0.0, 0.0, 1.7, 0.0, 1.1, 1.4, 0.0, 1.8, 0.0, 1.5]
Indi 19: Fitness: 47.85212121212122Genotype: [0.0, 1.0, 0.0, 0.0, 1.1, 1.1, 0.0, 0.0, 0.0, 1.4, 2.0, 1.3, 0.0, 1.8]
Indi 20: Fitness: 48.332121212121216Genotype: [0.0, 1.0, 0.0, 0.0, 1.9, 1.1, 0.0, 0.0, 0.0, 1.4, 2.0, 1.3, 0.0, 1.8]
Indi 21: Fitness: 48.492121212121226Genotype: [0.0, 1.0, 0.0, 0.0, 1.9, 1.1, 0.0, 0.0, 0.0, 1.4, 2.0, 1.3, 0.0, 1.8]
Indi 22: Fitness: 48.732121212121214Genotype: [2.0, 0.0, 1.6, 0.0, 1.9, 1.4, 0.0, 0.0, 0.0, 1.4, 2.0, 1.3, 0.0, 0.0]
Indi 23: Fitness: 48.73212121212123Genotype: [2.0, 0.0, 1.6, 0.0, 0.0, 0.0, 0.0, 0.0, 0.0, 1.4, 2.0, 1.6, 0.0, 1.8]
Indi 24: Fitness: 48.77212121212122Genotype: [2.0, 0.0, 1.6, 0.0, 1.9, 1.1, 0.0, 0.0, 1.5, 1.4, 2.0, 1.3, 0.0, 1.8]
Indi 25: Fitness: 48.93212121212121Genotype: [0.0, 1.0, 0.0, 1.5, 1.6, 1.0, 1.7, 0.0, 0.0, 0.0, 1.3, 1.8, 1.1, 0.0]
Indi 26: Fitness: 49.01212121212122Genotype: [0.0, 1.5, 1.9, 0.0, 1.8, 0.0, 1.8, 0.0, 1.6, 1.2, 0.0, 0.0, 0.0, 1.5]
Indi 27: Fitness: 49.17212121212122Genotype: [2.0, 0.0, 1.6, 0.0, 1.9, 1.1, 0.0, 0.0, 0.0, 1.4, 2.0, 1.3, 0.0, 1.8]
Indi 28: Fitness: 49.29212121212122Genotype: [0.0, 1.5, 0.0, 0.0, 1.8, 0.0, 1.8, 0.0, 1.6, 1.2, 0.0, 0.0, 0.0, 1.9]
Indi 29: Fitness: 49.612121212121224Genotype: [0.0, 1.5, 1.9, 0.0, 1.8, 0.0, 1.8, 0.0, 1.6, 1.2, 0.0, 0.0, 0.0, 1.9]
Indi 30: Fitness: 49.612121212121224Genotype: [0.0, 1.5, 0.0, 0.0, 0.0, 1.1, 0.0, 0.0, 0.0, 1.4, 2.0, 1.6, 0.0, 1.8]
Indi 31: Fitness: 49.89212121212122Genotype: [0.0, 1.0, 0.0, 0.0, 1.2, 1.0, 1.7, 0.0, 0.0, 0.0, 1.3, 1.9, 1.1, 0.0]
Indi 32: Fitness: 49.93212121212121Genotype: [0.0, 1.0, 0.0, 0.0, 1.4, 1.1, 0.0, 0.0, 0.0, 1.4, 2.0, 0.0, 0.0, 1.8]
Indi 33: Fitness: 49.972121212121216Genotype: [0.0, 1.0, 0.0, 0.0, 1.8, 0.0, 1.8, 0.0, 1.6, 1.2, 0.0, 0.0, 0.0, 1.9]
Indi 34: Fitness: 50.01212121212122Genotype: [0.0, 0.0, 1.6, 0.0, 0.0, 1.1, 0.0, 1.4, 0.0, 1.4, 2.0, 1.6, 0.0, 1.8]
Indi 35: Fitness: 50.212121212121225Genotype: [0.0, 0.0, 1.3, 1.5, 1.6, 1.0, 1.7, 0.0, 0.0, 0.0, 1.3, 1.9, 1.1, 0.0]
Indi 36: Fitness: 50.252121212121224Genotype: [0.0, 1.0, 0.0, 1.9, 1.2, 0.0, 0.0, 0.0, 1.2, 0.0, 1.3, 1.9, 1.1, 0.0]
Indi 37: Fitness: 50.41212121212122Genotype: [0.0, 1.5, 0.0, 0.0, 0.0, 0.0, 0.0, 0.0, 0.0, 1.4, 0.0, 1.7, 0.0, 1.5]
Indi 38: Fitness: 50.89212121212122Genotype: [2.0, 0.0, 1.9, 0.0, 1.8, 0.0, 1.8, 0.0, 1.6, 1.2, 0.0, 0.0, 0.0, 1.9]
Indi 39: Fitness: 51.09212121212122Genotype: [0.0, 1.0, 0.0, 1.5, 1.2, 1.0, 1.7, 0.0, 0.0, 0.0, 1.3, 0.0, 1.1, 0.0]
Indi 40: Fitness: 51.41212121212122Genotype: [0.0, 1.0, 0.0, 0.0, 1.9, 1.1, 0.0, 0.0, 0.0, 1.4, 2.0, 1.3, 0.0, 1.8]
Indi 41: Fitness: 51.41212121212122Genotype: [2.0, 0.0, 1.6, 0.0, 0.0, 1.1, 0.0, 0.0, 0.0, 1.4, 2.0, 1.6, 0.0, 1.8]
Indi 42: Fitness: 51.45212121212122Genotype: [0.0, 1.0, 0.0, 1.9, 1.2, 0.0, 0.0, 0.0, 1.2, 0.0, 1.3, 1.9, 1.1, 0.0]
Indi 43: Fitness: 51.53212121212122Genotype: [0.0, 1.5, 0.0, 0.0, 0.0, 0.0, 1.7, 0.0, 0.0, 1.4, 0.0, 1.8, 0.0, 1.5]
Indi 44: Fitness: 51.532121212121226Genotype: [2.0, 0.0, 1.6, 0.0, 1.9, 1.1, 0.0, 0.0, 0.0, 1.4, 2.0, 1.3, 0.0, 1.8]
Indi 45: Fitness: 51.612121212121224Genotype: [0.0, 1.5, 1.9, 0.0, 1.8, 0.0, 1.8, 0.0, 1.6, 1.2, 0.0, 0.0, 0.0, 1.9]
Indi 46: Fitness: 51.732121212121214Genotype: [0.0, 1.0, 0.0, 1.5, 1.6, 1.0, 1.7, 0.0, 0.0, 0.0, 1.3, 1.9, 1.1, 0.0]
Indi 47: Fitness: 51.89212121212122Genotype: [2.0, 0.0, 1.6, 0.0, 1.9, 1.1, 0.0, 0.0, 0.0, 1.4, 2.0, 1.3, 0.0, 1.8]
Indi 48: Fitness: 51.93212121212122Genotype: [0.0, 1.0, 0.0, 0.0, 1.9, 1.1, 0.0, 0.0, 0.0, 1.4, 2.0, 1.3, 0.0, 1.8]
Indi 49: Fitness: 52.01212121212122Genotype: [0.0, 1.0, 0.0, 1.5, 1.2, 1.0, 1.7, 0.0, 0.0, 0.0, 1.3, 1.9, 1.1, 0.0]
