INICIO: Sun Jan 28 02:21:44 EST 2018
INDIVIDUALS OF LAST GENERATION: 34
Indi 0: Fitness: 19.10060606060606Genotype: [2.0, 0.0, 1.6, 0.0, 1.0, 1.2, 1.9, 0.0, 0.0, 1.4, 2.0, 1.3, 1.5, 1.8]
Indi 1: Fitness: 23.17212121212122Genotype: [2.0, 0.0, 1.6, 0.0, 1.1, 1.1, 1.0, 0.0, 0.0, 1.4, 2.0, 1.0, 0.0, 1.8]
Indi 2: Fitness: 25.09212121212122Genotype: [0.0, 1.0, 0.0, 1.5, 1.6, 1.6, 1.2, 0.0, 0.0, 0.0, 1.3, 1.9, 1.9, 0.0]
Indi 3: Fitness: 25.652121212121223Genotype: [2.0, 0.0, 1.9, 0.0, 0.0, 0.0, 1.8, 0.0, 0.0, 1.2, 2.0, 0.0, 0.0, 1.9]
Indi 4: Fitness: 26.05212121212122Genotype: [0.0, 1.0, 1.6, 0.0, 1.9, 0.0, 1.0, 0.0, 0.0, 1.4, 0.0, 1.0, 0.0, 1.8]
Indi 5: Fitness: 27.412121212121225Genotype: [0.0, 1.0, 0.0, 1.5, 1.5, 1.0, 0.0, 0.0, 0.0, 0.0, 1.3, 1.9, 1.2, 0.0]
Indi 6: Fitness: 34.292121212121216Genotype: [0.0, 1.0, 1.2, 0.0, 1.9, 1.1, 0.0, 1.8, 0.0, 1.4, 2.0, 1.3, 0.0, 1.2]
Indi 7: Fitness: 36.012121212121215Genotype: [0.0, 1.0, 0.0, 1.9, 1.2, 1.0, 1.7, 0.0, 0.0, 1.2, 1.6, 1.9, 1.5, 0.0]
Indi 8: Fitness: 36.412121212121214Genotype: [2.0, 0.0, 1.6, 0.0, 1.0, 1.2, 0.0, 1.9, 0.0, 0.0, 2.0, 1.3, 0.0, 1.8]
Indi 9: Fitness: 37.162828282828286Genotype: [2.0, 0.0, 1.6, 0.0, 1.9, 1.1, 1.0, 0.0, 0.0, 1.4, 2.0, 1.0, 1.3, 1.5]
Indi 10: Fitness: 40.53212121212122Genotype: [2.0, 0.0, 1.9, 1.5, 0.0, 0.0, 1.8, 0.0, 0.0, 1.8, 0.0, 0.0, 0.0, 1.9]
Indi 11: Fitness: 43.81212121212123Genotype: [0.0, 1.0, 0.0, 1.2, 1.6, 1.6, 1.2, 0.0, 1.2, 0.0, 1.3, 1.9, 1.2, 0.0]
Indi 12: Fitness: 46.332121212121216Genotype: [0.0, 1.0, 1.2, 0.0, 1.9, 1.1, 0.0, 0.0, 0.0, 1.4, 2.0, 1.3, 0.0, 1.8]
Indi 13: Fitness: 47.77212121212121Genotype: [2.0, 0.0, 1.6, 0.0, 1.9, 1.1, 1.0, 0.0, 0.0, 1.4, 2.0, 1.0, 0.0, 1.8]
Indi 14: Fitness: 47.89212121212122Genotype: [0.0, 1.0, 1.6, 1.1, 1.9, 1.1, 1.0, 0.0, 0.0, 1.4, 1.6, 1.0, 0.0, 1.8]
Indi 15: Fitness: 48.69212121212122Genotype: [2.0, 0.0, 0.0, 1.5, 1.2, 1.0, 1.7, 0.0, 0.0, 0.0, 1.6, 1.9, 1.1, 0.0]
Indi 16: Fitness: 48.89212121212122Genotype: [2.0, 0.0, 1.2, 0.0, 1.9, 1.1, 0.0, 0.0, 0.0, 1.4, 2.0, 1.3, 0.0, 1.8]
Indi 17: Fitness: 48.93212121212122Genotype: [2.0, 0.0, 1.6, 0.0, 1.9, 1.1, 1.2, 0.0, 0.0, 1.4, 0.0, 1.0, 0.0, 1.8]
Indi 18: Fitness: 48.93212121212123Genotype: [0.0, 1.0, 1.6, 1.5, 1.3, 1.0, 1.7, 0.0, 0.0, 0.0, 1.6, 1.9, 1.1, 0.0]
Indi 19: Fitness: 49.01212121212122Genotype: [0.0, 1.0, 0.0, 1.5, 1.2, 1.0, 1.7, 0.0, 0.0, 0.0, 1.6, 1.9, 1.1, 0.0]
Indi 20: Fitness: 49.292121212121216Genotype: [0.0, 1.0, 0.0, 0.0, 0.0, 1.1, 0.0, 0.0, 0.0, 1.4, 2.0, 1.3, 0.0, 1.8]
Indi 21: Fitness: 49.332121212121216Genotype: [0.0, 1.0, 0.0, 1.5, 1.6, 1.0, 1.7, 0.0, 0.0, 0.0, 1.3, 1.9, 1.2, 0.0]
Indi 22: Fitness: 49.57212121212122Genotype: [0.0, 1.0, 1.6, 0.0, 1.9, 1.1, 1.0, 0.0, 0.0, 1.4, 2.0, 1.0, 0.0, 1.8]
Indi 23: Fitness: 49.61212121212122Genotype: [0.0, 1.0, 0.0, 1.5, 1.6, 1.6, 1.2, 0.0, 0.0, 0.0, 1.3, 1.9, 1.2, 0.0]
Indi 24: Fitness: 49.732121212121214Genotype: [0.0, 1.0, 0.0, 0.0, 0.0, 0.0, 1.8, 0.0, 0.0, 1.2, 0.0, 0.0, 0.0, 1.4]
Indi 25: Fitness: 49.732121212121214Genotype: [0.0, 1.0, 0.0, 1.5, 1.6, 1.3, 1.4, 0.0, 0.0, 0.0, 1.3, 1.9, 1.2, 0.0]
Indi 26: Fitness: 49.73212121212122Genotype: [0.0, 1.0, 0.0, 1.9, 1.2, 1.0, 0.0, 0.0, 0.0, 1.3, 1.6, 1.9, 1.5, 0.0]
Indi 27: Fitness: 50.012121212121215Genotype: [0.0, 1.0, 1.6, 0.0, 1.9, 1.1, 1.0, 0.0, 0.0, 1.4, 2.0, 1.0, 0.0, 1.8]
Indi 28: Fitness: 50.57212121212122Genotype: [0.0, 1.0, 0.0, 1.5, 1.2, 1.0, 1.7, 0.0, 0.0, 0.0, 1.6, 1.9, 1.1, 0.0]
Indi 29: Fitness: 50.61212121212121Genotype: [0.0, 1.0, 1.4, 0.0, 0.0, 0.0, 1.8, 0.0, 0.0, 1.2, 0.0, 1.2, 0.0, 1.9]
Indi 30: Fitness: 50.61212121212122Genotype: [2.0, 0.0, 1.6, 0.0, 1.0, 1.2, 0.0, 0.0, 0.0, 1.4, 2.0, 1.3, 0.0, 1.8]
Indi 31: Fitness: 50.732121212121214Genotype: [0.0, 1.0, 1.6, 0.0, 1.9, 1.1, 1.0, 0.0, 1.8, 1.4, 2.0, 1.0, 0.0, 1.4]
Indi 32: Fitness: 50.93212121212122Genotype: [0.0, 1.0, 0.0, 1.5, 1.6, 1.0, 1.7, 1.9, 0.0, 0.0, 1.3, 1.9, 1.2, 0.0]
Indi 33: Fitness: 51.01212121212122Genotype: [0.0, 1.3, 0.0, 0.0, 0.0, 0.0, 1.8, 0.0, 0.0, 1.2, 0.0, 0.0, 0.0, 1.4]
Indi 34: Fitness: 51.05212121212122Genotype: [0.0, 1.9, 0.0, 1.5, 1.2, 1.0, 0.0, 0.0, 0.0, 0.0, 1.6, 1.9, 1.1, 0.0]
Indi 35: Fitness: 51.612121212121224Genotype: [0.0, 1.0, 0.0, 1.5, 1.2, 1.0, 1.7, 0.0, 0.0, 0.0, 0.0, 1.9, 1.1, 0.0]
Indi 36: Fitness: 51.81212121212123Genotype: [2.0, 0.0, 1.9, 0.0, 0.0, 0.0, 0.0, 0.0, 0.0, 1.2, 0.0, 0.0, 0.0, 0.0]
Indi 37: Fitness: 51.85212121212122Genotype: [0.0, 0.0, 1.2, 0.0, 1.9, 1.1, 0.0, 0.0, 0.0, 1.4, 2.0, 1.3, 0.0, 1.8]
Indi 38: Fitness: 52.172121212121226Genotype: [0.0, 1.0, 0.0, 1.5, 1.6, 1.0, 1.7, 0.0, 0.0, 0.0, 1.3, 1.9, 1.2, 0.0]
Indi 39: Fitness: 52.332121212121216Genotype: [0.0, 1.0, 1.6, 0.0, 0.0, 0.0, 1.8, 0.0, 0.0, 1.2, 0.0, 0.0, 0.0, 1.9]
Indi 40: Fitness: 52.45212121212122Genotype: [0.0, 1.0, 1.6, 0.0, 1.9, 1.1, 1.0, 0.0, 0.0, 1.4, 2.0, 1.0, 0.0, 1.8]
Indi 41: Fitness: 52.49212121212122Genotype: [0.0, 1.0, 0.0, 1.5, 1.6, 1.6, 1.2, 0.0, 0.0, 0.0, 1.3, 1.9, 1.2, 0.0]
Indi 42: Fitness: 52.532121212121226Genotype: [0.0, 1.0, 1.2, 0.0, 1.9, 1.1, 0.0, 0.0, 0.0, 1.4, 2.0, 1.3, 0.0, 1.8]
Indi 43: Fitness: 52.612121212121224Genotype: [2.0, 0.0, 1.6, 0.0, 1.0, 1.2, 0.0, 0.0, 0.0, 1.4, 2.0, 1.3, 0.0, 1.8]
Indi 44: Fitness: 52.65212121212122Genotype: [0.0, 1.0, 0.0, 1.5, 1.2, 1.0, 1.7, 0.0, 0.0, 0.0, 1.6, 1.9, 1.1, 0.0]
Indi 45: Fitness: 52.77212121212121Genotype: [0.0, 1.0, 0.0, 0.0, 0.0, 0.0, 1.8, 0.0, 0.0, 1.2, 0.0, 0.0, 0.0, 1.9]
Indi 46: Fitness: 52.77212121212121Genotype: [0.0, 1.0, 1.2, 1.9, 1.2, 1.0, 1.7, 0.0, 0.0, 0.0, 1.6, 1.9, 1.5, 0.0]
Indi 47: Fitness: 52.85212121212122Genotype: [2.0, 0.0, 1.6, 0.0, 1.9, 1.1, 1.0, 0.0, 0.0, 1.4, 2.0, 1.0, 0.0, 1.8]
Indi 48: Fitness: 52.972121212121216Genotype: [2.0, 0.0, 1.9, 0.0, 0.0, 0.0, 1.8, 0.0, 0.0, 1.2, 0.0, 0.0, 0.0, 1.9]
Indi 49: Fitness: 53.17212121212121Genotype: [0.0, 1.0, 0.0, 1.9, 1.2, 1.0, 1.7, 0.0, 0.0, 0.0, 1.6, 1.9, 1.5, 0.0]
