INICIO: Sat Jan 27 23:42:20 EST 2018
INDIVIDUALS OF LAST GENERATION: 14
Indi 0: Fitness: 8.172121212121223Genotype: [2.0, 0.0, 1.6, 0.0, 1.9, 1.1, 1.0, 0.0, 0.0, 0.0, 2.0, 1.0, 0.0, 1.8]
Indi 1: Fitness: 15.900606060606066Genotype: [0.0, 0.0, 1.9, 0.0, 0.0, 0.0, 0.0, 0.0, 0.0, 1.2, 0.0, 0.0, 1.5, 1.9]
Indi 2: Fitness: 23.052121212121218Genotype: [2.0, 0.0, 1.6, 0.0, 1.9, 1.1, 0.0, 0.0, 0.0, 1.4, 2.0, 1.3, 0.0, 1.8]
Indi 3: Fitness: 24.612121212121217Genotype: [0.0, 1.0, 0.0, 1.5, 1.6, 1.0, 1.7, 0.0, 0.0, 1.9, 1.3, 1.9, 1.1, 0.0]
Indi 4: Fitness: 24.732121212121218Genotype: [0.0, 1.5, 0.0, 1.5, 1.6, 1.0, 1.7, 0.0, 0.0, 1.4, 1.3, 1.9, 1.1, 0.0]
Indi 5: Fitness: 28.820606060606064Genotype: [2.0, 0.0, 1.6, 0.0, 1.0, 1.3, 0.0, 0.0, 0.0, 1.4, 2.0, 1.3, 1.1, 1.8]
Indi 6: Fitness: 29.69212121212122Genotype: [2.0, 0.0, 1.9, 0.0, 0.0, 0.0, 0.0, 0.0, 0.0, 1.2, 0.0, 0.0, 0.0, 1.9]
Indi 7: Fitness: 30.612121212121217Genotype: [0.0, 1.0, 0.0, 1.5, 1.0, 1.0, 1.7, 0.0, 0.0, 0.0, 1.3, 1.0, 1.1, 0.0]
Indi 8: Fitness: 33.73212121212122Genotype: [0.0, 0.0, 1.9, 1.8, 0.0, 0.0, 1.8, 0.0, 0.0, 1.2, 0.0, 0.0, 0.0, 1.4]
Indi 9: Fitness: 36.620606060606065Genotype: [0.0, 1.0, 0.0, 1.5, 1.2, 1.0, 1.7, 0.0, 0.0, 0.0, 1.3, 1.9, 1.1, 1.9]
Indi 10: Fitness: 36.77212121212121Genotype: [0.0, 0.0, 0.0, 0.0, 1.9, 1.1, 0.0, 0.0, 0.0, 1.4, 2.0, 1.3, 0.0, 1.8]
Indi 11: Fitness: 36.85212121212122Genotype: [0.0, 1.0, 0.0, 0.0, 1.9, 1.1, 0.0, 0.0, 0.0, 1.4, 2.0, 1.3, 0.0, 1.8]
Indi 12: Fitness: 39.17212121212122Genotype: [0.0, 1.0, 0.0, 0.0, 1.9, 0.0, 0.0, 0.0, 0.0, 1.4, 2.0, 1.3, 0.0, 1.8]
Indi 13: Fitness: 41.21212121212122Genotype: [0.0, 1.3, 1.9, 0.0, 0.0, 0.0, 1.8, 0.0, 0.0, 1.2, 0.0, 0.0, 0.0, 1.9]
Indi 14: Fitness: 42.892121212121225Genotype: [2.0, 0.0, 0.0, 0.0, 1.9, 1.1, 1.0, 0.0, 0.0, 1.4, 2.0, 1.0, 0.0, 1.8]
Indi 15: Fitness: 46.21212121212122Genotype: [2.0, 0.0, 0.0, 0.0, 1.9, 1.1, 0.0, 0.0, 0.0, 1.4, 1.8, 1.3, 0.0, 1.8]
Indi 16: Fitness: 47.45212121212121Genotype: [2.0, 0.0, 0.0, 1.5, 1.6, 1.0, 1.7, 0.0, 0.0, 0.0, 1.3, 1.9, 1.1, 0.0]
Indi 17: Fitness: 48.09212121212122Genotype: [2.0, 0.0, 0.0, 1.5, 1.6, 1.0, 1.7, 0.0, 0.0, 0.0, 1.3, 1.9, 1.1, 0.0]
Indi 18: Fitness: 48.292121212121216Genotype: [2.0, 1.8, 1.9, 0.0, 0.0, 0.0, 1.8, 0.0, 0.0, 1.2, 0.0, 0.0, 0.0, 1.9]
Indi 19: Fitness: 48.372121212121215Genotype: [0.0, 1.0, 0.0, 0.0, 1.9, 1.1, 0.0, 0.0, 0.0, 1.4, 2.0, 1.3, 0.0, 1.7]
Indi 20: Fitness: 48.57212121212122Genotype: [2.0, 0.0, 1.6, 0.0, 1.9, 1.1, 0.0, 0.0, 0.0, 1.4, 2.0, 1.3, 0.0, 1.8]
Indi 21: Fitness: 48.61212121212122Genotype: [0.0, 1.0, 0.0, 0.0, 1.9, 1.1, 0.0, 1.0, 0.0, 0.0, 2.0, 1.3, 0.0, 1.8]
Indi 22: Fitness: 48.61212121212122Genotype: [0.0, 0.0, 1.9, 0.0, 0.0, 0.0, 1.8, 0.0, 0.0, 1.2, 0.0, 0.0, 0.0, 1.9]
Indi 23: Fitness: 48.972121212121216Genotype: [0.0, 0.0, 0.0, 1.5, 1.2, 1.0, 1.7, 0.0, 0.0, 0.0, 1.3, 1.9, 1.1, 0.0]
Indi 24: Fitness: 48.972121212121216Genotype: [0.0, 1.5, 1.9, 0.0, 0.0, 0.0, 1.8, 0.0, 0.0, 1.2, 0.0, 0.0, 0.0, 1.6]
Indi 25: Fitness: 49.13212121212122Genotype: [0.0, 1.0, 0.0, 0.0, 1.9, 1.1, 0.0, 0.0, 0.0, 1.4, 2.0, 1.3, 0.0, 1.8]
Indi 26: Fitness: 49.17212121212121Genotype: [2.0, 0.0, 1.6, 0.0, 1.9, 1.1, 0.0, 0.0, 1.7, 1.7, 2.0, 1.3, 0.0, 1.8]
Indi 27: Fitness: 49.292121212121216Genotype: [2.0, 0.0, 1.6, 0.0, 1.9, 1.1, 1.0, 0.0, 0.0, 1.4, 1.7, 1.0, 0.0, 1.8]
Indi 28: Fitness: 49.532121212121226Genotype: [2.0, 0.0, 1.9, 0.0, 0.0, 0.0, 1.8, 0.0, 0.0, 1.7, 0.0, 0.0, 0.0, 1.9]
Indi 29: Fitness: 49.69212121212122Genotype: [0.0, 1.0, 0.0, 1.5, 1.2, 1.0, 1.7, 0.0, 0.0, 0.0, 1.3, 1.9, 1.1, 0.0]
Indi 30: Fitness: 49.73212121212122Genotype: [0.0, 1.0, 0.0, 0.0, 1.9, 1.0, 0.0, 0.0, 0.0, 1.4, 2.0, 1.3, 0.0, 1.8]
Indi 31: Fitness: 49.81212121212123Genotype: [0.0, 1.0, 0.0, 0.0, 1.9, 1.1, 1.3, 0.0, 0.0, 1.4, 2.0, 1.3, 0.0, 0.0]
Indi 32: Fitness: 50.052121212121214Genotype: [0.0, 1.0, 0.0, 1.5, 1.5, 1.0, 1.1, 0.0, 0.0, 0.0, 1.3, 1.9, 1.1, 0.0]
Indi 33: Fitness: 50.09212121212122Genotype: [0.0, 1.5, 1.9, 0.0, 1.9, 1.1, 0.0, 0.0, 0.0, 1.4, 2.0, 1.3, 0.0, 1.8]
Indi 34: Fitness: 50.29212121212122Genotype: [2.0, 0.0, 1.6, 0.0, 1.9, 1.1, 0.0, 0.0, 0.0, 1.4, 2.0, 1.3, 0.0, 1.8]
Indi 35: Fitness: 50.412121212121214Genotype: [0.0, 1.5, 1.9, 0.0, 0.0, 0.0, 0.0, 0.0, 0.0, 1.2, 0.0, 0.0, 0.0, 1.9]
Indi 36: Fitness: 50.612121212121224Genotype: [0.0, 0.0, 1.6, 0.0, 1.0, 1.2, 0.0, 0.0, 0.0, 1.4, 2.0, 1.3, 0.0, 1.8]
Indi 37: Fitness: 51.21212121212121Genotype: [1.1, 0.0, 1.6, 0.0, 1.0, 1.2, 0.0, 1.6, 0.0, 1.4, 2.0, 1.3, 0.0, 1.8]
Indi 38: Fitness: 51.41212121212122Genotype: [0.0, 1.0, 1.6, 0.0, 1.9, 1.1, 1.0, 0.0, 0.0, 1.4, 2.0, 1.0, 0.0, 1.8]
Indi 39: Fitness: 51.732121212121214Genotype: [0.0, 1.0, 0.0, 1.5, 1.6, 1.0, 1.7, 0.0, 0.0, 0.0, 1.3, 1.9, 1.1, 0.0]
Indi 40: Fitness: 51.81212121212123Genotype: [0.0, 1.5, 1.9, 0.0, 0.0, 0.0, 1.8, 0.0, 0.0, 1.2, 0.0, 0.0, 0.0, 1.9]
Indi 41: Fitness: 51.89212121212122Genotype: [0.0, 0.0, 1.9, 0.0, 0.0, 0.0, 1.8, 0.0, 0.0, 1.2, 0.0, 0.0, 0.0, 1.9]
Indi 42: Fitness: 51.89212121212122Genotype: [2.0, 0.0, 1.6, 0.0, 1.9, 1.1, 0.0, 0.0, 0.0, 1.4, 2.0, 1.3, 0.0, 1.8]
Indi 43: Fitness: 51.93212121212122Genotype: [0.0, 1.0, 0.0, 0.0, 1.9, 1.1, 0.0, 0.0, 0.0, 1.4, 2.0, 1.3, 0.0, 1.8]
Indi 44: Fitness: 51.972121212121216Genotype: [0.0, 1.0, 0.0, 0.0, 1.9, 1.1, 0.0, 0.0, 0.0, 1.4, 2.0, 1.3, 0.0, 1.8]
Indi 45: Fitness: 52.012121212121215Genotype: [0.0, 1.0, 0.0, 1.5, 1.6, 1.0, 1.7, 0.0, 0.0, 0.0, 1.3, 1.9, 0.0, 0.0]
Indi 46: Fitness: 52.01212121212122Genotype: [0.0, 1.0, 0.0, 1.5, 1.2, 1.0, 1.7, 0.0, 0.0, 0.0, 1.3, 1.9, 1.1, 0.0]
Indi 47: Fitness: 52.612121212121224Genotype: [2.0, 0.0, 1.6, 0.0, 1.0, 1.2, 0.0, 0.0, 0.0, 1.4, 2.0, 1.3, 0.0, 1.8]
Indi 48: Fitness: 52.85212121212122Genotype: [2.0, 0.0, 1.6, 0.0, 1.9, 1.1, 1.0, 0.0, 0.0, 1.4, 2.0, 1.0, 0.0, 1.8]
Indi 49: Fitness: 52.972121212121216Genotype: [2.0, 0.0, 1.9, 0.0, 0.0, 0.0, 1.8, 0.0, 0.0, 1.2, 0.0, 0.0, 0.0, 1.9]
