INICIO: Sun Jan 28 03:03:48 EST 2018
INDIVIDUALS OF LAST GENERATION: 40
Indi 0: Fitness: 14.01212121212122Genotype: [1.3, 0.0, 1.6, 0.0, 1.9, 1.1, 1.0, 0.0, 0.0, 1.4, 2.0, 1.4, 0.0, 1.8]
Indi 1: Fitness: 24.092121212121214Genotype: [2.0, 1.5, 1.9, 0.0, 0.0, 0.0, 1.8, 0.0, 0.0, 1.2, 0.0, 0.0, 0.0, 2.0]
Indi 2: Fitness: 25.892121212121225Genotype: [0.0, 1.0, 0.0, 1.9, 1.2, 1.0, 1.7, 0.0, 0.0, 0.0, 1.6, 0.0, 0.0, 0.0]
Indi 3: Fitness: 26.852121212121222Genotype: [0.0, 1.0, 0.0, 1.5, 1.2, 1.0, 1.7, 0.0, 0.0, 0.0, 1.6, 1.8, 1.1, 0.0]
Indi 4: Fitness: 27.932121212121224Genotype: [0.0, 1.0, 0.0, 1.5, 1.3, 1.6, 1.2, 0.0, 0.0, 0.0, 1.3, 0.0, 1.2, 0.0]
Indi 5: Fitness: 28.932121212121217Genotype: [0.0, 1.0, 1.2, 1.7, 1.2, 1.0, 1.7, 0.0, 0.0, 0.0, 1.6, 1.9, 1.5, 0.0]
Indi 6: Fitness: 30.772121212121213Genotype: [0.0, 1.0, 0.0, 1.5, 1.6, 1.6, 1.2, 0.0, 0.0, 0.0, 1.3, 1.9, 1.2, 0.0]
Indi 7: Fitness: 34.93212121212122Genotype: [1.2, 1.0, 0.0, 1.5, 0.0, 1.6, 1.2, 0.0, 0.0, 0.0, 1.3, 1.9, 1.2, 0.0]
Indi 8: Fitness: 35.93212121212122Genotype: [0.0, 1.0, 1.2, 1.1, 1.2, 1.0, 1.7, 0.0, 0.0, 1.3, 1.6, 1.9, 1.5, 0.0]
Indi 9: Fitness: 36.46060606060606Genotype: [0.0, 0.0, 1.6, 0.0, 1.9, 1.1, 1.0, 0.0, 0.0, 1.4, 2.0, 1.0, 1.6, 1.8]
Indi 10: Fitness: 37.17212121212122Genotype: [2.0, 0.0, 1.6, 0.0, 1.0, 1.2, 0.0, 1.6, 0.0, 1.4, 2.0, 1.3, 0.0, 1.8]
Indi 11: Fitness: 37.65212121212122Genotype: [2.0, 0.0, 1.6, 0.0, 1.9, 1.2, 0.0, 0.0, 0.0, 1.4, 2.0, 1.3, 0.0, 1.8]
Indi 12: Fitness: 40.932121212121224Genotype: [0.0, 1.0, 1.1, 1.9, 1.2, 1.0, 1.7, 0.0, 0.0, 0.0, 1.6, 1.9, 0.0, 0.0]
Indi 13: Fitness: 46.05212121212122Genotype: [0.0, 1.8, 0.0, 0.0, 0.0, 0.0, 1.8, 0.0, 0.0, 1.2, 1.7, 0.0, 0.0, 1.9]
Indi 14: Fitness: 46.89212121212122Genotype: [2.0, 0.0, 1.2, 1.9, 1.2, 1.0, 1.7, 0.0, 0.0, 0.0, 1.6, 1.9, 1.5, 0.0]
Indi 15: Fitness: 48.252121212121224Genotype: [0.0, 1.0, 0.0, 1.9, 1.2, 1.0, 1.7, 0.0, 0.0, 0.0, 1.6, 1.9, 1.5, 0.0]
Indi 16: Fitness: 48.33212121212123Genotype: [0.0, 1.0, 0.0, 1.5, 1.2, 1.0, 1.7, 0.0, 0.0, 0.0, 1.6, 1.9, 1.1, 0.0]
Indi 17: Fitness: 48.37212121212122Genotype: [0.0, 1.0, 1.2, 0.0, 1.9, 1.1, 0.0, 0.0, 0.0, 1.4, 2.0, 1.3, 0.0, 1.8]
Indi 18: Fitness: 48.45212121212121Genotype: [2.0, 0.0, 1.9, 1.2, 0.0, 1.9, 1.8, 0.0, 0.0, 1.2, 0.0, 0.0, 0.0, 1.9]
Indi 19: Fitness: 48.77212121212122Genotype: [1.9, 1.0, 0.0, 0.0, 0.0, 0.0, 0.0, 0.0, 0.0, 1.2, 0.0, 0.0, 0.0, 1.9]
Indi 20: Fitness: 48.77212121212123Genotype: [0.0, 1.0, 0.0, 1.5, 1.2, 1.3, 1.7, 0.0, 0.0, 0.0, 0.0, 1.9, 1.1, 0.0]
Indi 21: Fitness: 49.05212121212122Genotype: [0.0, 1.0, 1.6, 0.0, 1.0, 1.2, 0.0, 0.0, 0.0, 1.4, 2.0, 1.3, 0.0, 1.8]
Indi 22: Fitness: 49.09212121212122Genotype: [2.0, 0.0, 1.9, 0.0, 0.0, 0.0, 1.8, 1.5, 0.0, 1.2, 0.0, 0.0, 0.0, 1.9]
Indi 23: Fitness: 49.09212121212122Genotype: [0.0, 1.0, 1.2, 0.0, 1.9, 0.0, 0.0, 0.0, 0.0, 1.4, 1.8, 1.3, 0.0, 1.8]
Indi 24: Fitness: 49.41212121212122Genotype: [0.0, 1.0, 1.2, 0.0, 1.9, 1.1, 0.0, 0.0, 0.0, 1.4, 0.0, 1.3, 0.0, 1.8]
Indi 25: Fitness: 49.532121212121226Genotype: [2.0, 1.2, 1.6, 0.0, 1.0, 1.2, 0.0, 0.0, 0.0, 1.4, 0.0, 1.3, 0.0, 1.8]
Indi 26: Fitness: 49.57212121212122Genotype: [0.0, 1.0, 0.0, 1.9, 1.2, 1.0, 1.7, 0.0, 0.0, 0.0, 0.0, 1.9, 1.5, 0.0]
Indi 27: Fitness: 49.732121212121214Genotype: [2.0, 0.0, 1.6, 0.0, 1.9, 1.1, 1.0, 0.0, 0.0, 1.4, 2.0, 1.0, 0.0, 1.8]
Indi 28: Fitness: 49.73212121212123Genotype: [0.0, 1.0, 1.6, 1.5, 1.2, 1.3, 1.7, 0.0, 0.0, 0.0, 1.6, 1.9, 1.1, 0.0]
Indi 29: Fitness: 49.81212121212122Genotype: [2.0, 0.0, 1.6, 0.0, 1.9, 1.1, 1.0, 0.0, 0.0, 1.4, 0.0, 1.0, 0.0, 1.8]
Indi 30: Fitness: 50.17212121212122Genotype: [2.0, 0.0, 1.6, 0.0, 0.0, 1.1, 1.0, 0.0, 0.0, 1.4, 2.0, 1.0, 0.0, 1.8]
Indi 31: Fitness: 50.612121212121224Genotype: [0.0, 1.0, 0.0, 1.5, 1.6, 1.1, 1.2, 0.0, 1.2, 0.0, 1.3, 1.9, 1.2, 0.0]
Indi 32: Fitness: 50.65212121212122Genotype: [0.0, 1.0, 0.0, 1.5, 1.2, 1.0, 1.7, 0.0, 0.0, 0.0, 1.6, 1.9, 1.1, 0.0]
Indi 33: Fitness: 50.69212121212122Genotype: [0.0, 1.0, 1.6, 0.0, 1.9, 1.1, 1.0, 0.0, 0.0, 1.2, 2.0, 1.0, 0.0, 1.8]
Indi 34: Fitness: 50.81212121212123Genotype: [0.0, 1.0, 0.0, 0.0, 1.4, 0.0, 1.8, 0.0, 0.0, 1.2, 0.0, 0.0, 0.0, 1.9]
Indi 35: Fitness: 50.81212121212123Genotype: [0.0, 1.0, 1.6, 0.0, 1.8, 1.1, 1.0, 0.0, 0.0, 1.8, 2.0, 1.0, 0.0, 1.8]
Indi 36: Fitness: 50.89212121212122Genotype: [2.0, 0.0, 0.0, 1.5, 1.2, 1.0, 1.7, 0.0, 0.0, 0.0, 1.6, 1.9, 1.1, 0.0]
Indi 37: Fitness: 51.012121212121215Genotype: [0.0, 1.0, 0.0, 1.5, 1.6, 1.6, 1.2, 0.0, 0.0, 0.0, 1.3, 1.9, 1.2, 0.0]
Indi 38: Fitness: 51.25212121212121Genotype: [0.0, 1.0, 1.2, 1.9, 1.2, 1.0, 1.7, 0.0, 0.0, 1.1, 1.4, 1.9, 1.5, 0.0]
Indi 39: Fitness: 52.252121212121224Genotype: [0.0, 1.0, 0.0, 0.0, 0.0, 0.0, 1.8, 0.0, 0.0, 1.2, 0.0, 0.0, 0.0, 1.9]
Indi 40: Fitness: 52.45212121212122Genotype: [0.0, 1.0, 1.6, 0.0, 1.9, 1.1, 1.0, 0.0, 0.0, 1.4, 2.0, 1.0, 0.0, 1.8]
Indi 41: Fitness: 52.49212121212122Genotype: [0.0, 1.0, 0.0, 1.5, 1.6, 1.6, 1.2, 0.0, 0.0, 0.0, 1.3, 1.9, 1.2, 0.0]
Indi 42: Fitness: 52.532121212121226Genotype: [0.0, 1.0, 1.2, 0.0, 1.9, 1.1, 0.0, 0.0, 0.0, 1.4, 2.0, 1.3, 0.0, 1.8]
Indi 43: Fitness: 52.612121212121224Genotype: [2.0, 0.0, 1.6, 0.0, 1.0, 1.2, 0.0, 0.0, 0.0, 1.4, 2.0, 1.3, 0.0, 1.8]
Indi 44: Fitness: 52.65212121212122Genotype: [0.0, 1.0, 0.0, 1.5, 1.2, 1.0, 1.7, 0.0, 0.0, 0.0, 1.6, 1.9, 1.1, 0.0]
Indi 45: Fitness: 52.77212121212121Genotype: [0.0, 1.0, 0.0, 0.0, 0.0, 0.0, 1.8, 0.0, 0.0, 1.2, 0.0, 0.0, 0.0, 1.9]
Indi 46: Fitness: 52.77212121212121Genotype: [0.0, 1.0, 1.2, 1.9, 1.2, 1.0, 1.7, 0.0, 0.0, 0.0, 1.6, 1.9, 1.5, 0.0]
Indi 47: Fitness: 52.85212121212122Genotype: [2.0, 0.0, 1.6, 0.0, 1.9, 1.1, 1.0, 0.0, 0.0, 1.4, 2.0, 1.0, 0.0, 1.8]
Indi 48: Fitness: 52.972121212121216Genotype: [2.0, 0.0, 1.9, 0.0, 0.0, 0.0, 1.8, 0.0, 0.0, 1.2, 0.0, 0.0, 0.0, 1.9]
Indi 49: Fitness: 53.17212121212121Genotype: [0.0, 1.0, 0.0, 1.9, 1.2, 1.0, 1.7, 0.0, 0.0, 0.0, 1.6, 1.9, 1.5, 0.0]
