INICIO: Sun Jan 28 00:58:46 EST 2018
INDIVIDUALS OF LAST GENERATION: 24
Indi 0: Fitness: 20.97212121212122Genotype: [0.0, 1.0, 1.6, 0.0, 1.9, 1.1, 1.0, 0.0, 0.0, 1.4, 2.0, 1.0, 0.0, 1.8]
Indi 1: Fitness: 30.25212121212122Genotype: [2.0, 0.0, 1.6, 0.0, 1.0, 1.2, 0.0, 1.5, 0.0, 1.4, 2.0, 1.3, 0.0, 1.8]
Indi 2: Fitness: 30.412121212121225Genotype: [0.0, 0.0, 1.2, 0.0, 1.9, 1.1, 0.0, 0.0, 0.0, 1.4, 2.0, 1.3, 0.0, 0.0]
Indi 3: Fitness: 30.97212121212122Genotype: [0.0, 0.0, 1.9, 0.0, 0.0, 0.0, 0.0, 0.0, 0.0, 1.1, 0.0, 0.0, 0.0, 1.9]
Indi 4: Fitness: 33.89212121212122Genotype: [0.0, 0.0, 0.0, 1.5, 1.2, 1.0, 1.7, 0.0, 0.0, 0.0, 1.3, 1.9, 1.1, 0.0]
Indi 5: Fitness: 34.45212121212123Genotype: [0.0, 1.0, 1.2, 0.0, 1.9, 1.1, 0.0, 0.0, 0.0, 1.4, 2.0, 1.3, 0.0, 1.4]
Indi 6: Fitness: 36.42060606060606Genotype: [0.0, 1.0, 0.0, 1.5, 1.2, 0.0, 1.7, 0.0, 0.0, 0.0, 1.3, 1.9, 1.1, 1.9]
Indi 7: Fitness: 37.06060606060606Genotype: [0.0, 0.0, 0.0, 0.0, 1.9, 1.1, 0.0, 0.0, 0.0, 1.4, 2.0, 1.3, 1.6, 1.8]
Indi 8: Fitness: 37.89212121212122Genotype: [0.0, 1.0, 1.2, 0.0, 1.6, 1.6, 0.0, 0.0, 0.0, 1.4, 2.0, 1.3, 0.0, 1.8]
Indi 9: Fitness: 38.93212121212122Genotype: [2.0, 0.0, 1.9, 0.0, 0.0, 1.0, 1.8, 0.0, 0.0, 1.2, 0.0, 0.0, 0.0, 1.9]
Indi 10: Fitness: 45.652121212121216Genotype: [0.0, 1.0, 0.0, 0.0, 0.0, 1.1, 0.0, 0.0, 0.0, 1.4, 2.0, 1.3, 0.0, 1.8]
Indi 11: Fitness: 47.81212121212121Genotype: [2.0, 0.0, 1.6, 0.0, 1.9, 1.1, 0.0, 0.0, 0.0, 1.4, 2.0, 1.3, 0.0, 1.8]
Indi 12: Fitness: 47.89212121212121Genotype: [2.0, 0.0, 1.6, 0.0, 1.9, 1.7, 1.0, 0.0, 0.0, 1.4, 0.0, 1.0, 0.0, 1.8]
Indi 13: Fitness: 48.09212121212123Genotype: [2.0, 0.0, 1.6, 1.5, 1.0, 1.2, 0.0, 0.0, 0.0, 1.4, 0.0, 1.3, 0.0, 1.8]
Indi 14: Fitness: 48.492121212121226Genotype: [0.0, 0.0, 1.9, 0.0, 0.0, 0.0, 1.8, 0.0, 0.0, 1.2, 0.0, 0.0, 0.0, 1.8]
Indi 15: Fitness: 48.61212121212122Genotype: [2.0, 0.0, 1.6, 0.0, 1.9, 1.1, 1.0, 0.0, 0.0, 1.2, 2.0, 1.0, 0.0, 1.8]
Indi 16: Fitness: 48.69212121212122Genotype: [2.0, 0.0, 1.9, 0.0, 0.0, 0.0, 1.8, 1.5, 1.8, 1.2, 0.0, 0.0, 0.0, 1.9]
Indi 17: Fitness: 48.69212121212122Genotype: [0.0, 1.0, 0.0, 0.0, 1.9, 1.1, 0.0, 1.1, 0.0, 1.4, 2.0, 1.3, 0.0, 1.4]
Indi 18: Fitness: 48.85212121212122Genotype: [0.0, 1.0, 0.0, 1.5, 1.5, 1.0, 0.0, 0.0, 0.0, 0.0, 1.3, 1.9, 0.0, 0.0]
Indi 19: Fitness: 48.97212121212122Genotype: [2.0, 0.0, 1.9, 0.0, 0.0, 0.0, 1.8, 0.0, 0.0, 1.2, 0.0, 0.0, 0.0, 1.9]
Indi 20: Fitness: 49.01212121212122Genotype: [1.0, 1.0, 0.0, 1.5, 1.6, 1.6, 1.7, 0.0, 0.0, 0.0, 1.3, 1.9, 0.0, 0.0]
Indi 21: Fitness: 49.13212121212123Genotype: [2.0, 0.0, 1.6, 0.0, 1.0, 1.2, 0.0, 0.0, 1.2, 1.4, 0.0, 1.3, 0.0, 1.8]
Indi 22: Fitness: 49.45212121212122Genotype: [2.0, 0.0, 1.3, 0.0, 1.9, 1.1, 0.0, 0.0, 0.0, 1.4, 2.0, 1.3, 0.0, 1.8]
Indi 23: Fitness: 49.53212121212122Genotype: [2.0, 0.0, 1.9, 0.0, 0.0, 0.0, 1.8, 0.0, 0.0, 1.2, 0.0, 1.6, 0.0, 1.9]
Indi 24: Fitness: 49.61212121212122Genotype: [0.0, 1.0, 1.6, 0.0, 1.9, 1.1, 1.0, 0.0, 0.0, 1.4, 2.0, 1.0, 0.0, 1.8]
Indi 25: Fitness: 49.69212121212122Genotype: [1.0, 0.0, 1.9, 0.0, 0.0, 0.0, 1.8, 0.0, 0.0, 1.2, 1.9, 0.0, 0.0, 1.9]
Indi 26: Fitness: 49.77212121212123Genotype: [0.0, 1.0, 0.0, 0.0, 1.9, 1.1, 0.0, 0.0, 0.0, 1.4, 1.2, 1.7, 0.0, 1.8]
Indi 27: Fitness: 49.77212121212123Genotype: [2.0, 0.0, 1.6, 0.0, 1.9, 1.6, 0.0, 0.0, 0.0, 1.4, 2.0, 1.3, 0.0, 1.8]
Indi 28: Fitness: 49.81212121212122Genotype: [2.0, 0.0, 1.6, 0.0, 1.9, 1.1, 1.0, 0.0, 0.0, 1.4, 2.0, 1.0, 0.0, 0.0]
Indi 29: Fitness: 49.89212121212122Genotype: [0.0, 1.0, 0.0, 0.0, 1.9, 0.0, 0.0, 0.0, 0.0, 1.4, 2.0, 1.3, 0.0, 1.8]
Indi 30: Fitness: 49.93212121212122Genotype: [2.0, 0.0, 0.0, 1.5, 1.2, 1.0, 1.7, 0.0, 0.0, 0.0, 1.3, 1.9, 1.1, 0.0]
Indi 31: Fitness: 50.252121212121224Genotype: [2.0, 0.0, 1.6, 0.0, 1.9, 1.1, 1.0, 0.0, 0.0, 1.4, 2.0, 1.0, 0.0, 1.8]
Indi 32: Fitness: 50.292121212121216Genotype: [0.0, 1.0, 0.0, 1.5, 1.2, 0.0, 1.7, 0.0, 0.0, 0.0, 1.3, 1.1, 1.1, 0.0]
Indi 33: Fitness: 50.372121212121215Genotype: [1.1, 0.0, 1.6, 0.0, 1.9, 1.1, 0.0, 1.1, 0.0, 1.4, 2.0, 1.3, 0.0, 1.8]
Indi 34: Fitness: 50.532121212121226Genotype: [0.0, 1.0, 0.0, 1.5, 1.6, 1.0, 1.7, 0.0, 0.0, 0.0, 1.3, 1.9, 0.0, 1.8]
Indi 35: Fitness: 51.17212121212121Genotype: [0.0, 1.0, 0.0, 0.0, 1.9, 1.1, 0.0, 0.0, 0.0, 1.4, 2.0, 1.3, 0.0, 1.8]
Indi 36: Fitness: 51.45212121212121Genotype: [0.0, 1.0, 0.0, 0.0, 1.2, 1.0, 1.7, 0.0, 0.0, 0.0, 1.3, 1.4, 1.1, 0.0]
Indi 37: Fitness: 51.85212121212122Genotype: [0.0, 1.0, 0.0, 1.5, 1.6, 1.0, 1.7, 0.0, 0.0, 0.0, 1.3, 1.9, 0.0, 0.0]
Indi 38: Fitness: 51.89212121212122Genotype: [0.0, 0.0, 1.9, 0.0, 0.0, 0.0, 1.8, 0.0, 0.0, 1.2, 0.0, 0.0, 0.0, 1.9]
Indi 39: Fitness: 51.89212121212122Genotype: [2.0, 0.0, 1.6, 0.0, 1.9, 1.1, 0.0, 0.0, 0.0, 1.4, 2.0, 1.3, 0.0, 1.8]
Indi 40: Fitness: 51.93212121212122Genotype: [0.0, 1.0, 0.0, 0.0, 1.9, 1.1, 0.0, 0.0, 0.0, 1.4, 2.0, 1.3, 0.0, 1.8]
Indi 41: Fitness: 51.972121212121216Genotype: [0.0, 1.0, 0.0, 0.0, 1.9, 1.1, 0.0, 0.0, 0.0, 1.4, 2.0, 1.3, 0.0, 1.8]
Indi 42: Fitness: 52.012121212121215Genotype: [0.0, 1.0, 0.0, 1.5, 1.6, 1.0, 1.7, 0.0, 0.0, 0.0, 1.3, 1.9, 0.0, 0.0]
Indi 43: Fitness: 52.01212121212122Genotype: [0.0, 1.0, 0.0, 1.5, 1.2, 1.0, 1.7, 0.0, 0.0, 0.0, 1.3, 1.9, 1.1, 0.0]
Indi 44: Fitness: 52.17212121212121Genotype: [0.0, 1.0, 0.0, 0.0, 1.9, 1.1, 0.0, 0.0, 0.0, 1.4, 2.0, 1.3, 0.0, 1.8]
Indi 45: Fitness: 52.532121212121226Genotype: [0.0, 1.0, 1.2, 0.0, 1.9, 1.1, 0.0, 0.0, 0.0, 1.4, 2.0, 1.3, 0.0, 1.8]
Indi 46: Fitness: 52.612121212121224Genotype: [2.0, 0.0, 1.6, 0.0, 1.0, 1.2, 0.0, 0.0, 0.0, 1.4, 2.0, 1.3, 0.0, 1.8]
Indi 47: Fitness: 52.77212121212121Genotype: [0.0, 1.0, 0.0, 0.0, 0.0, 0.0, 1.8, 0.0, 0.0, 1.2, 0.0, 0.0, 0.0, 1.9]
Indi 48: Fitness: 52.85212121212122Genotype: [2.0, 0.0, 1.6, 0.0, 1.9, 1.1, 1.0, 0.0, 0.0, 1.4, 2.0, 1.0, 0.0, 1.8]
Indi 49: Fitness: 52.972121212121216Genotype: [2.0, 0.0, 1.9, 0.0, 0.0, 0.0, 1.8, 0.0, 0.0, 1.2, 0.0, 0.0, 0.0, 1.9]
