INICIO: Sat Jan 27 23:13:40 EST 2018
INDIVIDUALS OF LAST GENERATION: 11
Indi 0: Fitness: 19.732121212121225Genotype: [0.0, 1.0, 0.0, 1.8, 1.2, 1.0, 1.7, 1.3, 0.0, 0.0, 1.3, 1.9, 1.1, 0.0]
Indi 1: Fitness: 23.892121212121218Genotype: [0.0, 1.0, 0.0, 1.5, 1.6, 1.0, 1.7, 0.0, 0.0, 0.0, 1.3, 1.9, 1.1, 0.0]
Indi 2: Fitness: 24.17212121212122Genotype: [0.0, 1.5, 1.9, 0.0, 1.8, 0.0, 1.8, 0.0, 1.6, 1.2, 0.0, 0.0, 0.0, 1.9]
Indi 3: Fitness: 24.932121212121217Genotype: [0.0, 1.5, 0.0, 0.0, 0.0, 1.7, 1.7, 0.0, 0.0, 1.4, 0.0, 1.8, 0.0, 1.5]
Indi 4: Fitness: 26.25212121212122Genotype: [0.0, 1.0, 0.0, 0.0, 0.0, 1.1, 0.0, 0.0, 0.0, 1.4, 2.0, 1.6, 0.0, 1.8]
Indi 5: Fitness: 29.212121212121218Genotype: [0.0, 1.0, 0.0, 1.9, 1.2, 1.6, 0.0, 0.0, 1.2, 0.0, 1.3, 1.9, 1.1, 0.0]
Indi 6: Fitness: 32.49212121212122Genotype: [2.0, 0.0, 1.6, 2.0, 0.0, 1.1, 0.0, 0.0, 0.0, 1.4, 2.0, 1.3, 0.0, 1.8]
Indi 7: Fitness: 34.13212121212122Genotype: [0.0, 1.5, 1.9, 0.0, 1.8, 0.0, 1.8, 0.0, 1.0, 1.2, 0.0, 1.0, 0.0, 1.9]
Indi 8: Fitness: 35.21212121212121Genotype: [0.0, 1.0, 0.0, 0.0, 1.9, 0.0, 1.3, 0.0, 0.0, 1.4, 2.0, 1.3, 0.0, 1.8]
Indi 9: Fitness: 35.212121212121225Genotype: [2.0, 0.0, 1.6, 0.0, 0.0, 1.1, 0.0, 0.0, 0.0, 1.0, 2.0, 1.6, 0.0, 1.3]
Indi 10: Fitness: 35.37212121212122Genotype: [0.0, 1.0, 0.0, 1.5, 1.6, 1.0, 1.7, 0.0, 0.0, 0.0, 1.3, 1.9, 1.1, 0.0]
Indi 11: Fitness: 36.06060606060606Genotype: [0.0, 1.6, 0.0, 0.0, 0.0, 0.0, 1.7, 0.0, 0.0, 1.4, 0.0, 1.8, 2.0, 1.5]
Indi 12: Fitness: 40.93212121212122Genotype: [1.1, 0.0, 1.6, 0.0, 1.9, 1.1, 0.0, 1.3, 0.0, 1.4, 2.0, 1.3, 0.0, 1.8]
Indi 13: Fitness: 42.292121212121216Genotype: [0.0, 1.0, 0.0, 0.0, 0.0, 0.0, 1.7, 0.0, 0.0, 1.4, 0.0, 1.8, 0.0, 1.5]
Indi 14: Fitness: 44.49212121212122Genotype: [2.0, 0.0, 1.9, 0.0, 1.8, 0.0, 1.8, 0.0, 1.6, 1.2, 0.0, 0.0, 0.0, 1.9]
Indi 15: Fitness: 45.81212121212122Genotype: [0.0, 1.0, 0.0, 1.5, 1.2, 1.0, 1.7, 0.0, 1.9, 1.6, 1.3, 1.9, 1.1, 0.0]
Indi 16: Fitness: 47.45212121212122Genotype: [0.0, 1.0, 0.0, 0.0, 1.9, 1.1, 0.0, 0.0, 0.0, 1.4, 2.0, 1.8, 0.0, 1.1]
Indi 17: Fitness: 47.49212121212122Genotype: [1.5, 1.0, 1.4, 1.9, 1.2, 0.0, 0.0, 0.0, 1.2, 0.0, 1.3, 1.9, 1.1, 0.0]
Indi 18: Fitness: 48.532121212121226Genotype: [0.0, 1.5, 0.0, 1.1, 0.0, 0.0, 1.7, 0.0, 0.0, 1.9, 0.0, 1.8, 0.0, 1.5]
Indi 19: Fitness: 48.77212121212123Genotype: [2.0, 0.0, 1.6, 0.0, 0.0, 0.0, 0.0, 1.8, 0.0, 1.4, 2.0, 1.6, 0.0, 1.8]
Indi 20: Fitness: 48.81212121212122Genotype: [2.0, 0.0, 1.6, 0.0, 0.0, 1.1, 0.0, 0.0, 1.4, 1.4, 2.0, 1.3, 0.0, 1.8]
Indi 21: Fitness: 48.85212121212122Genotype: [0.0, 1.0, 0.0, 1.9, 1.2, 0.0, 0.0, 0.0, 1.2, 0.0, 1.3, 1.9, 1.1, 0.0]
Indi 22: Fitness: 49.09212121212122Genotype: [0.0, 1.4, 1.9, 0.0, 1.8, 0.0, 1.8, 0.0, 1.6, 1.2, 1.3, 0.0, 0.0, 1.9]
Indi 23: Fitness: 49.13212121212122Genotype: [0.0, 1.0, 0.0, 1.5, 1.6, 1.0, 1.7, 0.0, 0.0, 0.0, 0.0, 1.9, 1.4, 0.0]
Indi 24: Fitness: 49.292121212121216Genotype: [0.0, 1.0, 0.0, 1.5, 1.6, 1.0, 1.7, 0.0, 0.0, 0.0, 1.3, 1.9, 1.1, 0.0]
Indi 25: Fitness: 49.45212121212121Genotype: [0.0, 1.0, 0.0, 1.5, 1.2, 0.0, 1.7, 0.0, 0.0, 0.0, 1.3, 1.3, 1.1, 0.0]
Indi 26: Fitness: 49.65212121212122Genotype: [0.0, 1.0, 0.0, 1.9, 1.2, 0.0, 0.0, 1.7, 1.2, 0.0, 1.3, 1.9, 1.1, 0.0]
Indi 27: Fitness: 49.69212121212122Genotype: [2.0, 0.0, 1.6, 0.0, 1.9, 1.1, 0.0, 0.0, 0.0, 1.4, 2.0, 1.3, 0.0, 1.8]
Indi 28: Fitness: 49.81212121212121Genotype: [2.0, 0.0, 1.6, 0.0, 1.9, 1.1, 0.0, 0.0, 0.0, 1.4, 2.0, 1.3, 0.0, 1.8]
Indi 29: Fitness: 49.81212121212123Genotype: [0.0, 1.0, 0.0, 0.0, 1.9, 1.9, 0.0, 0.0, 1.3, 1.4, 2.0, 1.3, 0.0, 1.8]
Indi 30: Fitness: 49.93212121212122Genotype: [2.0, 0.0, 1.6, 1.0, 1.6, 1.1, 0.0, 0.0, 0.0, 1.4, 2.0, 1.3, 0.0, 1.8]
Indi 31: Fitness: 50.13212121212123Genotype: [2.0, 0.0, 1.6, 0.0, 0.0, 1.1, 0.0, 0.0, 0.0, 1.4, 2.0, 1.3, 0.0, 1.8]
Indi 32: Fitness: 50.372121212121215Genotype: [0.0, 1.5, 1.9, 0.0, 0.0, 1.1, 0.0, 0.0, 0.0, 1.4, 2.0, 1.6, 0.0, 1.8]
Indi 33: Fitness: 50.41212121212122Genotype: [0.0, 1.0, 0.0, 1.5, 1.6, 1.0, 1.7, 0.0, 0.0, 0.0, 1.3, 1.9, 1.1, 0.0]
Indi 34: Fitness: 50.41212121212122Genotype: [2.0, 0.0, 1.6, 0.0, 0.0, 1.1, 0.0, 0.0, 0.0, 1.4, 2.0, 0.0, 0.0, 1.8]
Indi 35: Fitness: 50.77212121212122Genotype: [0.0, 1.0, 0.0, 0.0, 0.0, 0.0, 0.0, 0.0, 0.0, 1.4, 2.0, 1.3, 0.0, 1.8]
Indi 36: Fitness: 50.81212121212121Genotype: [0.0, 1.0, 0.0, 0.0, 0.0, 1.1, 0.0, 0.0, 1.1, 1.4, 2.0, 1.3, 0.0, 1.8]
Indi 37: Fitness: 51.372121212121215Genotype: [2.0, 0.0, 0.0, 0.0, 1.9, 1.1, 0.0, 0.0, 0.0, 1.4, 2.0, 1.3, 0.0, 1.8]
Indi 38: Fitness: 51.372121212121215Genotype: [0.0, 1.6, 0.0, 0.0, 1.9, 1.1, 0.0, 0.0, 0.0, 0.0, 2.0, 1.3, 0.0, 1.8]
Indi 39: Fitness: 51.41212121212122Genotype: [2.0, 0.0, 1.6, 0.0, 0.0, 1.1, 0.0, 0.0, 0.0, 1.4, 2.0, 1.6, 0.0, 1.8]
Indi 40: Fitness: 51.41212121212122Genotype: [0.0, 1.0, 0.0, 0.0, 1.9, 1.1, 0.0, 0.0, 0.0, 1.4, 2.0, 1.3, 0.0, 1.8]
Indi 41: Fitness: 51.45212121212122Genotype: [0.0, 1.0, 0.0, 1.9, 1.2, 0.0, 0.0, 0.0, 1.2, 0.0, 1.3, 1.9, 1.1, 0.0]
Indi 42: Fitness: 51.53212121212122Genotype: [0.0, 1.5, 0.0, 0.0, 0.0, 0.0, 1.7, 0.0, 0.0, 1.4, 0.0, 1.8, 0.0, 1.5]
Indi 43: Fitness: 51.532121212121226Genotype: [2.0, 0.0, 1.6, 0.0, 1.9, 1.1, 0.0, 0.0, 0.0, 1.4, 2.0, 1.3, 0.0, 1.8]
Indi 44: Fitness: 51.612121212121224Genotype: [0.0, 1.5, 1.9, 0.0, 1.8, 0.0, 1.8, 0.0, 1.6, 1.2, 0.0, 0.0, 0.0, 1.9]
Indi 45: Fitness: 51.732121212121214Genotype: [0.0, 1.0, 0.0, 1.5, 1.6, 1.0, 1.7, 0.0, 0.0, 0.0, 1.3, 1.9, 1.1, 0.0]
Indi 46: Fitness: 51.81212121212123Genotype: [0.0, 1.5, 1.9, 0.0, 0.0, 0.0, 1.8, 0.0, 0.0, 1.2, 0.0, 0.0, 0.0, 1.9]
Indi 47: Fitness: 51.89212121212122Genotype: [2.0, 0.0, 1.6, 0.0, 1.9, 1.1, 0.0, 0.0, 0.0, 1.4, 2.0, 1.3, 0.0, 1.8]
Indi 48: Fitness: 51.93212121212122Genotype: [0.0, 1.0, 0.0, 0.0, 1.9, 1.1, 0.0, 0.0, 0.0, 1.4, 2.0, 1.3, 0.0, 1.8]
Indi 49: Fitness: 52.01212121212122Genotype: [0.0, 1.0, 0.0, 1.5, 1.2, 1.0, 1.7, 0.0, 0.0, 0.0, 1.3, 1.9, 1.1, 0.0]
