INICIO: Sat Jan 27 23:49:42 EST 2018
INDIVIDUALS OF LAST GENERATION: 15
Indi 0: Fitness: 25.852121212121222Genotype: [2.0, 0.0, 1.6, 1.6, 1.9, 1.1, 1.0, 1.1, 0.0, 1.4, 2.0, 1.0, 0.0, 1.8]
Indi 1: Fitness: 34.88242424242425Genotype: [0.0, 1.5, 1.9, 0.0, 0.0, 0.0, 1.8, 0.0, 0.0, 1.2, 0.0, 0.0, 1.2, 1.9]
Indi 2: Fitness: 35.18060606060606Genotype: [2.0, 0.0, 1.9, 0.0, 0.0, 0.0, 1.8, 0.0, 0.0, 1.2, 0.0, 0.0, 1.9, 1.9]
Indi 3: Fitness: 35.38060606060606Genotype: [2.0, 0.0, 1.6, 0.0, 1.0, 1.2, 0.0, 0.0, 0.0, 1.4, 1.8, 1.3, 1.5, 1.8]
Indi 4: Fitness: 35.41212121212122Genotype: [0.0, 1.0, 0.0, 1.5, 1.6, 1.0, 0.0, 0.0, 0.0, 0.0, 1.3, 1.9, 1.8, 0.0]
Indi 5: Fitness: 35.85212121212122Genotype: [0.0, 1.5, 1.9, 0.0, 0.0, 0.0, 1.8, 0.0, 0.0, 1.2, 0.0, 0.0, 0.0, 1.9]
Indi 6: Fitness: 36.300606060606064Genotype: [1.0, 0.0, 1.6, 0.0, 1.0, 1.2, 0.0, 0.0, 0.0, 1.4, 2.0, 1.3, 1.8, 1.8]
Indi 7: Fitness: 36.332121212121216Genotype: [0.0, 1.0, 0.0, 1.5, 1.2, 1.0, 1.7, 0.0, 0.0, 0.0, 1.3, 1.9, 1.1, 0.0]
Indi 8: Fitness: 37.34060606060606Genotype: [0.0, 1.0, 0.0, 0.0, 1.6, 1.1, 0.0, 0.0, 0.0, 1.4, 2.0, 1.3, 1.0, 1.8]
Indi 9: Fitness: 38.372121212121215Genotype: [0.0, 1.0, 0.0, 0.0, 1.9, 1.1, 0.0, 0.0, 0.0, 1.0, 2.0, 1.3, 0.0, 0.0]
Indi 10: Fitness: 41.65212121212123Genotype: [0.0, 1.0, 0.0, 1.5, 1.2, 1.0, 1.7, 0.0, 0.0, 0.0, 1.3, 1.9, 1.1, 0.0]
Indi 11: Fitness: 43.69212121212122Genotype: [0.0, 1.0, 0.0, 1.5, 1.6, 1.0, 1.7, 0.0, 0.0, 0.0, 1.3, 1.9, 0.0, 0.0]
Indi 12: Fitness: 44.57212121212122Genotype: [2.0, 0.0, 1.6, 0.0, 1.9, 1.1, 1.0, 0.0, 0.0, 1.4, 2.0, 0.0, 0.0, 1.8]
Indi 13: Fitness: 46.97212121212122Genotype: [2.0, 0.0, 1.0, 0.0, 1.9, 1.1, 0.0, 1.7, 0.0, 1.4, 2.0, 1.3, 0.0, 1.8]
Indi 14: Fitness: 47.85212121212122Genotype: [0.0, 1.0, 0.0, 0.0, 1.9, 1.1, 0.0, 0.0, 0.0, 1.4, 2.0, 1.3, 0.0, 1.8]
Indi 15: Fitness: 48.292121212121216Genotype: [0.0, 1.4, 0.0, 0.0, 1.9, 1.1, 0.0, 0.0, 0.0, 1.4, 2.0, 1.6, 0.0, 1.8]
Indi 16: Fitness: 48.37212121212122Genotype: [0.0, 0.0, 0.0, 1.5, 1.6, 1.0, 1.7, 0.0, 0.0, 0.0, 1.3, 1.9, 0.0, 0.0]
Indi 17: Fitness: 48.41212121212122Genotype: [2.0, 0.0, 1.9, 0.0, 0.0, 0.0, 1.8, 0.0, 0.0, 1.2, 0.0, 0.0, 0.0, 1.9]
Indi 18: Fitness: 48.45212121212122Genotype: [0.0, 1.5, 1.9, 0.0, 1.9, 1.1, 0.0, 0.0, 0.0, 1.4, 2.0, 1.3, 0.0, 1.8]
Indi 19: Fitness: 48.972121212121216Genotype: [0.0, 0.0, 1.9, 0.0, 0.0, 0.0, 0.0, 0.0, 0.0, 1.2, 0.0, 0.0, 0.0, 1.9]
Indi 20: Fitness: 49.052121212121214Genotype: [0.0, 1.0, 0.0, 0.0, 0.0, 0.0, 1.8, 0.0, 0.0, 1.2, 0.0, 0.0, 0.0, 1.9]
Indi 21: Fitness: 49.37212121212122Genotype: [2.0, 1.4, 1.6, 0.0, 1.9, 1.1, 0.0, 0.0, 0.0, 1.4, 2.0, 0.0, 0.0, 1.8]
Indi 22: Fitness: 49.41212121212122Genotype: [2.0, 0.0, 1.6, 0.0, 1.0, 1.2, 0.0, 0.0, 0.0, 1.4, 2.0, 1.3, 0.0, 1.8]
Indi 23: Fitness: 49.45212121212122Genotype: [0.0, 1.0, 0.0, 1.5, 0.0, 1.0, 1.7, 0.0, 0.0, 1.4, 1.3, 1.9, 1.1, 0.0]
Indi 24: Fitness: 49.57212121212122Genotype: [0.0, 1.5, 1.9, 0.0, 0.0, 0.0, 1.8, 0.0, 0.0, 1.2, 2.0, 0.0, 0.0, 1.9]
Indi 25: Fitness: 49.77212121212121Genotype: [2.0, 0.0, 0.0, 1.5, 1.2, 1.0, 1.7, 0.0, 0.0, 0.0, 1.3, 1.9, 1.1, 0.0]
Indi 26: Fitness: 49.77212121212123Genotype: [2.0, 0.0, 1.9, 0.0, 0.0, 1.7, 1.8, 0.0, 1.5, 1.2, 0.0, 0.0, 0.0, 1.9]
Indi 27: Fitness: 49.77212121212123Genotype: [2.0, 0.0, 0.0, 0.0, 1.9, 1.1, 0.0, 0.0, 0.0, 1.4, 2.0, 1.3, 0.0, 1.8]
Indi 28: Fitness: 49.85212121212122Genotype: [0.0, 1.0, 0.0, 0.0, 1.9, 1.1, 0.0, 0.0, 0.0, 1.4, 2.0, 0.0, 0.0, 1.8]
Indi 29: Fitness: 49.972121212121216Genotype: [1.2, 0.0, 1.6, 1.2, 1.9, 1.1, 0.0, 0.0, 0.0, 1.4, 2.0, 1.3, 0.0, 1.8]
Indi 30: Fitness: 50.09212121212122Genotype: [0.0, 1.0, 0.0, 1.5, 1.6, 1.9, 1.7, 0.0, 0.0, 0.0, 1.8, 1.9, 0.0, 0.0]
Indi 31: Fitness: 50.17212121212122Genotype: [2.0, 0.0, 1.6, 0.0, 1.0, 0.0, 0.0, 0.0, 0.0, 1.4, 2.0, 1.3, 0.0, 1.8]
Indi 32: Fitness: 50.45212121212122Genotype: [1.9, 0.0, 1.9, 0.0, 0.0, 1.2, 1.8, 0.0, 0.0, 1.2, 0.0, 0.0, 0.0, 1.9]
Indi 33: Fitness: 50.53212121212122Genotype: [2.0, 0.0, 1.5, 1.8, 0.0, 0.0, 1.8, 0.0, 0.0, 1.2, 0.0, 0.0, 0.0, 1.9]
Indi 34: Fitness: 50.57212121212122Genotype: [0.0, 0.0, 0.0, 0.0, 1.9, 1.1, 0.0, 0.0, 0.0, 0.0, 2.0, 1.3, 0.0, 1.8]
Indi 35: Fitness: 50.81212121212123Genotype: [0.0, 1.0, 0.0, 0.0, 0.0, 0.0, 1.8, 0.0, 0.0, 1.2, 0.0, 0.0, 0.0, 1.9]
Indi 36: Fitness: 51.37212121212123Genotype: [0.0, 1.0, 0.0, 1.5, 1.6, 1.0, 1.3, 0.0, 0.0, 0.0, 1.3, 1.9, 0.0, 0.0]
Indi 37: Fitness: 51.612121212121224Genotype: [0.0, 0.0, 1.9, 0.0, 0.0, 0.0, 1.8, 0.0, 0.0, 1.2, 0.0, 0.0, 0.0, 1.9]
Indi 38: Fitness: 51.81212121212123Genotype: [0.0, 1.5, 1.9, 0.0, 0.0, 0.0, 1.8, 0.0, 0.0, 1.2, 0.0, 0.0, 0.0, 1.9]
Indi 39: Fitness: 51.81212121212123Genotype: [1.0, 0.0, 1.1, 0.0, 1.9, 1.1, 1.0, 0.0, 0.0, 1.4, 2.0, 1.0, 0.0, 1.8]
Indi 40: Fitness: 51.81212121212123Genotype: [0.0, 1.0, 1.6, 0.0, 1.9, 1.1, 0.0, 0.0, 0.0, 1.4, 2.0, 1.3, 0.0, 1.8]
Indi 41: Fitness: 51.89212121212122Genotype: [2.0, 0.0, 1.6, 0.0, 1.9, 1.1, 0.0, 0.0, 0.0, 1.4, 2.0, 1.3, 0.0, 1.8]
Indi 42: Fitness: 51.89212121212122Genotype: [0.0, 0.0, 1.9, 0.0, 0.0, 0.0, 1.8, 0.0, 0.0, 1.2, 0.0, 0.0, 0.0, 1.9]
Indi 43: Fitness: 51.93212121212122Genotype: [0.0, 1.0, 0.0, 0.0, 1.9, 1.1, 0.0, 0.0, 0.0, 1.4, 2.0, 1.3, 0.0, 1.8]
Indi 44: Fitness: 51.972121212121216Genotype: [0.0, 1.0, 0.0, 0.0, 1.9, 1.1, 0.0, 0.0, 0.0, 1.4, 2.0, 1.3, 0.0, 1.8]
Indi 45: Fitness: 52.012121212121215Genotype: [0.0, 1.0, 0.0, 1.5, 1.6, 1.0, 1.7, 0.0, 0.0, 0.0, 1.3, 1.9, 0.0, 0.0]
Indi 46: Fitness: 52.01212121212122Genotype: [0.0, 1.0, 0.0, 1.5, 1.2, 1.0, 1.7, 0.0, 0.0, 0.0, 1.3, 1.9, 1.1, 0.0]
Indi 47: Fitness: 52.612121212121224Genotype: [2.0, 0.0, 1.6, 0.0, 1.0, 1.2, 0.0, 0.0, 0.0, 1.4, 2.0, 1.3, 0.0, 1.8]
Indi 48: Fitness: 52.85212121212122Genotype: [2.0, 0.0, 1.6, 0.0, 1.9, 1.1, 1.0, 0.0, 0.0, 1.4, 2.0, 1.0, 0.0, 1.8]
Indi 49: Fitness: 52.972121212121216Genotype: [2.0, 0.0, 1.9, 0.0, 0.0, 0.0, 1.8, 0.0, 0.0, 1.2, 0.0, 0.0, 0.0, 1.9]
