INICIO: Sun Jan 28 01:06:09 EST 2018
INDIVIDUALS OF LAST GENERATION: 25
Indi 0: Fitness: 25.09212121212122Genotype: [2.0, 0.0, 0.0, 0.0, 1.0, 0.0, 0.0, 0.0, 0.0, 1.4, 2.0, 1.3, 0.0, 1.8]
Indi 1: Fitness: 25.172121212121215Genotype: [0.0, 1.0, 0.0, 1.5, 1.6, 0.0, 1.7, 0.0, 0.0, 0.0, 1.3, 1.9, 1.9, 0.0]
Indi 2: Fitness: 27.340606060606056Genotype: [0.0, 1.0, 0.0, 0.0, 1.9, 1.1, 0.0, 0.0, 0.0, 1.4, 2.0, 1.3, 1.7, 1.8]
Indi 3: Fitness: 27.53212121212122Genotype: [0.0, 1.0, 0.0, 0.0, 0.0, 0.0, 1.8, 0.0, 0.0, 1.2, 0.0, 0.0, 0.0, 1.9]
Indi 4: Fitness: 30.85212121212121Genotype: [0.0, 1.0, 1.2, 0.0, 1.9, 1.1, 0.0, 0.0, 0.0, 1.4, 2.0, 1.3, 0.0, 1.8]
Indi 5: Fitness: 35.45212121212121Genotype: [0.0, 0.0, 1.6, 0.0, 1.0, 1.2, 0.0, 0.0, 0.0, 1.4, 2.0, 1.3, 0.0, 0.0]
Indi 6: Fitness: 35.65212121212122Genotype: [0.0, 1.0, 1.6, 0.0, 1.9, 1.1, 1.0, 0.0, 0.0, 1.4, 2.0, 1.0, 0.0, 1.8]
Indi 7: Fitness: 36.85212121212122Genotype: [1.2, 0.0, 1.6, 0.0, 1.9, 1.1, 1.0, 0.0, 0.0, 0.0, 2.0, 1.0, 0.0, 1.8]
Indi 8: Fitness: 38.292121212121216Genotype: [1.1, 1.0, 0.0, 1.9, 0.0, 0.0, 1.8, 0.0, 0.0, 1.2, 0.0, 0.0, 0.0, 1.9]
Indi 9: Fitness: 39.252121212121224Genotype: [0.0, 1.0, 0.0, 0.0, 1.9, 1.2, 0.0, 0.0, 0.0, 1.4, 2.0, 1.7, 0.0, 1.8]
Indi 10: Fitness: 39.49212121212122Genotype: [0.0, 1.0, 0.0, 0.0, 1.9, 1.1, 0.0, 0.0, 0.0, 1.5, 2.0, 1.3, 0.0, 1.8]
Indi 11: Fitness: 40.89212121212122Genotype: [0.0, 1.0, 1.2, 1.8, 0.0, 1.1, 0.0, 0.0, 0.0, 1.4, 2.0, 1.3, 0.0, 1.8]
Indi 12: Fitness: 41.21212121212122Genotype: [2.0, 1.1, 1.6, 0.0, 1.9, 1.1, 1.0, 0.0, 0.0, 1.4, 2.0, 1.0, 0.0, 1.8]
Indi 13: Fitness: 42.05212121212122Genotype: [0.0, 1.0, 0.0, 0.0, 0.0, 0.0, 0.0, 0.0, 0.0, 1.8, 0.0, 0.0, 0.0, 1.9]
Indi 14: Fitness: 45.85212121212122Genotype: [0.0, 1.0, 1.6, 0.0, 1.0, 1.2, 0.0, 0.0, 0.0, 1.4, 2.0, 1.3, 0.0, 1.8]
Indi 15: Fitness: 46.73212121212122Genotype: [0.0, 1.0, 0.0, 1.5, 0.0, 1.0, 1.7, 0.0, 0.0, 0.0, 1.3, 1.9, 1.1, 0.0]
Indi 16: Fitness: 47.01212121212122Genotype: [2.0, 0.0, 1.8, 0.0, 0.0, 0.0, 1.8, 0.0, 0.0, 1.2, 0.0, 0.0, 0.0, 1.9]
Indi 17: Fitness: 48.09212121212123Genotype: [0.0, 1.0, 1.3, 0.0, 1.9, 1.1, 0.0, 0.0, 0.0, 1.4, 2.0, 1.3, 0.0, 1.8]
Indi 18: Fitness: 48.17212121212121Genotype: [0.0, 1.0, 0.0, 0.0, 1.9, 1.1, 0.0, 0.0, 0.0, 0.0, 2.0, 1.3, 0.0, 1.8]
Indi 19: Fitness: 48.65212121212122Genotype: [2.0, 0.0, 1.6, 0.0, 1.0, 1.2, 0.0, 0.0, 0.0, 1.4, 2.0, 1.3, 0.0, 1.8]
Indi 20: Fitness: 48.85212121212122Genotype: [2.0, 0.0, 1.6, 0.0, 1.9, 1.1, 1.0, 0.0, 0.0, 1.4, 2.0, 1.1, 0.0, 1.2]
Indi 21: Fitness: 48.85212121212122Genotype: [0.0, 1.0, 0.0, 0.0, 0.0, 0.0, 1.8, 0.0, 0.0, 1.2, 0.0, 0.0, 0.0, 1.9]
Indi 22: Fitness: 48.89212121212122Genotype: [0.0, 0.0, 0.0, 1.5, 1.6, 1.0, 1.7, 0.0, 0.0, 0.0, 1.7, 1.9, 0.0, 0.0]
Indi 23: Fitness: 49.17212121212122Genotype: [0.0, 1.0, 1.7, 1.5, 1.6, 1.0, 1.6, 0.0, 0.0, 0.0, 1.3, 1.9, 0.0, 0.0]
Indi 24: Fitness: 49.292121212121216Genotype: [2.0, 0.0, 0.0, 0.0, 1.9, 1.1, 0.0, 0.0, 0.0, 1.4, 2.0, 1.3, 0.0, 1.8]
Indi 25: Fitness: 49.53212121212122Genotype: [0.0, 1.0, 0.0, 1.5, 0.0, 1.0, 1.7, 0.0, 0.0, 0.0, 1.3, 0.0, 1.1, 0.0]
Indi 26: Fitness: 49.57212121212122Genotype: [2.0, 0.0, 0.0, 1.5, 1.6, 1.0, 1.7, 0.0, 0.0, 0.0, 1.3, 1.9, 0.0, 0.0]
Indi 27: Fitness: 49.732121212121214Genotype: [0.0, 1.0, 1.2, 0.0, 1.9, 1.1, 0.0, 0.0, 0.0, 1.4, 2.0, 1.3, 0.0, 1.8]
Indi 28: Fitness: 49.732121212121214Genotype: [0.0, 1.0, 0.0, 0.0, 1.9, 1.1, 0.0, 0.0, 0.0, 1.4, 2.0, 0.0, 0.0, 1.8]
Indi 29: Fitness: 49.77212121212123Genotype: [0.0, 0.0, 1.9, 0.0, 0.0, 0.0, 1.8, 1.8, 0.0, 1.2, 0.0, 0.0, 0.0, 1.9]
Indi 30: Fitness: 49.81212121212123Genotype: [0.0, 1.0, 1.3, 0.0, 1.9, 1.1, 1.9, 0.0, 0.0, 1.4, 2.0, 1.3, 0.0, 1.8]
Indi 31: Fitness: 49.93212121212122Genotype: [0.0, 1.0, 0.0, 1.5, 1.6, 1.0, 1.7, 0.0, 0.0, 0.0, 1.3, 1.9, 0.0, 0.0]
Indi 32: Fitness: 50.252121212121224Genotype: [0.0, 1.0, 0.0, 0.0, 1.9, 1.1, 2.0, 0.0, 1.2, 1.4, 2.0, 1.3, 0.0, 1.8]
Indi 33: Fitness: 50.49212121212122Genotype: [2.0, 1.3, 1.9, 0.0, 0.0, 0.0, 1.8, 0.0, 0.0, 1.2, 1.8, 0.0, 0.0, 1.9]
Indi 34: Fitness: 50.73212121212122Genotype: [0.0, 0.0, 0.0, 0.0, 1.9, 1.1, 0.0, 1.0, 0.0, 1.4, 2.0, 1.3, 0.0, 1.8]
Indi 35: Fitness: 50.85212121212122Genotype: [0.0, 1.0, 0.0, 1.5, 1.6, 1.0, 1.7, 0.0, 0.0, 0.0, 1.3, 1.9, 0.0, 0.0]
Indi 36: Fitness: 50.89212121212122Genotype: [0.0, 1.0, 1.2, 0.0, 1.9, 1.1, 0.0, 0.0, 2.0, 1.4, 2.0, 1.3, 0.0, 1.8]
Indi 37: Fitness: 50.97212121212122Genotype: [1.2, 0.0, 1.6, 0.0, 1.0, 1.2, 0.0, 0.0, 0.0, 1.4, 2.0, 1.3, 0.0, 1.8]
Indi 38: Fitness: 51.01212121212122Genotype: [0.0, 1.7, 0.0, 0.0, 1.9, 1.1, 0.0, 0.0, 0.0, 1.4, 2.0, 1.3, 0.0, 1.8]
Indi 39: Fitness: 51.93212121212122Genotype: [0.0, 1.0, 0.0, 0.0, 1.9, 1.1, 0.0, 0.0, 0.0, 1.4, 2.0, 1.3, 0.0, 1.8]
Indi 40: Fitness: 51.972121212121216Genotype: [0.0, 1.0, 0.0, 0.0, 1.9, 1.1, 0.0, 0.0, 0.0, 1.4, 2.0, 1.3, 0.0, 1.8]
Indi 41: Fitness: 52.012121212121215Genotype: [0.0, 1.0, 0.0, 1.5, 1.6, 1.0, 1.7, 0.0, 0.0, 0.0, 1.3, 1.9, 0.0, 0.0]
Indi 42: Fitness: 52.01212121212122Genotype: [0.0, 1.0, 0.0, 1.5, 1.2, 1.0, 1.7, 0.0, 0.0, 0.0, 1.3, 1.9, 1.1, 0.0]
Indi 43: Fitness: 52.17212121212121Genotype: [0.0, 1.0, 0.0, 0.0, 1.9, 1.1, 0.0, 0.0, 0.0, 1.4, 2.0, 1.3, 0.0, 1.8]
Indi 44: Fitness: 52.532121212121226Genotype: [0.0, 1.0, 1.2, 0.0, 1.9, 1.1, 0.0, 0.0, 0.0, 1.4, 2.0, 1.3, 0.0, 1.8]
Indi 45: Fitness: 52.612121212121224Genotype: [2.0, 0.0, 1.6, 0.0, 1.0, 1.2, 0.0, 0.0, 0.0, 1.4, 2.0, 1.3, 0.0, 1.8]
Indi 46: Fitness: 52.65212121212122Genotype: [0.0, 1.0, 0.0, 1.5, 1.2, 1.0, 1.7, 0.0, 0.0, 0.0, 1.6, 1.9, 1.1, 0.0]
Indi 47: Fitness: 52.77212121212121Genotype: [0.0, 1.0, 0.0, 0.0, 0.0, 0.0, 1.8, 0.0, 0.0, 1.2, 0.0, 0.0, 0.0, 1.9]
Indi 48: Fitness: 52.85212121212122Genotype: [2.0, 0.0, 1.6, 0.0, 1.9, 1.1, 1.0, 0.0, 0.0, 1.4, 2.0, 1.0, 0.0, 1.8]
Indi 49: Fitness: 52.972121212121216Genotype: [2.0, 0.0, 1.9, 0.0, 0.0, 0.0, 1.8, 0.0, 0.0, 1.2, 0.0, 0.0, 0.0, 1.9]
