INICIO: Sun Jan 28 00:12:45 EST 2018
INDIVIDUALS OF LAST GENERATION: 18
Indi 0: Fitness: 23.252121212121217Genotype: [0.0, 1.0, 0.0, 1.5, 1.2, 1.0, 0.0, 1.5, 0.0, 0.0, 1.3, 1.9, 1.1, 0.0]
Indi 1: Fitness: 24.17212121212122Genotype: [2.0, 0.0, 1.6, 0.0, 1.0, 1.2, 0.0, 0.0, 0.0, 1.4, 2.0, 1.3, 0.0, 1.8]
Indi 2: Fitness: 25.420606060606058Genotype: [0.0, 1.0, 0.0, 0.0, 1.9, 1.1, 0.0, 0.0, 0.0, 1.4, 2.0, 1.3, 1.9, 1.8]
Indi 3: Fitness: 28.932121212121217Genotype: [0.0, 1.0, 1.6, 0.0, 1.0, 1.2, 0.0, 0.0, 0.0, 1.4, 2.0, 1.3, 0.0, 1.8]
Indi 4: Fitness: 35.86060606060606Genotype: [2.0, 0.0, 1.6, 0.0, 1.9, 1.1, 1.0, 0.0, 1.1, 1.4, 2.0, 1.0, 1.8, 1.8]
Indi 5: Fitness: 36.14060606060606Genotype: [2.0, 0.0, 1.9, 0.0, 0.0, 0.0, 1.8, 0.0, 1.1, 1.2, 0.0, 0.0, 1.5, 1.9]
Indi 6: Fitness: 37.09212121212123Genotype: [2.0, 0.0, 1.6, 0.0, 1.9, 1.1, 0.0, 0.0, 0.0, 1.4, 2.0, 1.3, 0.0, 1.8]
Indi 7: Fitness: 38.97212121212122Genotype: [0.0, 1.0, 0.0, 0.0, 1.9, 1.1, 0.0, 0.0, 0.0, 1.4, 2.0, 1.3, 0.0, 1.8]
Indi 8: Fitness: 39.81212121212121Genotype: [1.6, 1.0, 0.0, 1.5, 1.2, 1.0, 1.7, 0.0, 0.0, 0.0, 1.3, 1.9, 0.0, 0.0]
Indi 9: Fitness: 42.45212121212122Genotype: [2.0, 0.0, 1.6, 0.0, 1.0, 1.2, 0.0, 0.0, 0.0, 1.4, 2.0, 1.3, 0.0, 0.0]
Indi 10: Fitness: 42.69212121212122Genotype: [0.0, 1.0, 0.0, 0.0, 1.9, 1.1, 0.0, 0.0, 0.0, 1.4, 2.0, 1.0, 0.0, 1.8]
Indi 11: Fitness: 47.732121212121214Genotype: [0.0, 0.0, 1.9, 0.0, 0.0, 0.0, 1.1, 0.0, 0.0, 1.2, 0.0, 0.0, 0.0, 1.9]
Indi 12: Fitness: 47.77212121212122Genotype: [0.0, 1.0, 1.6, 0.0, 1.9, 1.1, 0.0, 0.0, 0.0, 1.3, 2.0, 1.3, 0.0, 1.8]
Indi 13: Fitness: 47.89212121212122Genotype: [2.0, 0.0, 1.9, 0.0, 0.0, 0.0, 1.8, 0.0, 0.0, 1.2, 0.0, 0.0, 0.0, 1.9]
Indi 14: Fitness: 47.932121212121224Genotype: [2.0, 0.0, 1.6, 1.6, 1.3, 1.1, 0.0, 0.0, 0.0, 1.4, 2.0, 1.3, 0.0, 1.8]
Indi 15: Fitness: 48.25212121212122Genotype: [2.0, 0.0, 1.2, 0.0, 1.0, 1.2, 0.0, 0.0, 0.0, 0.0, 2.0, 1.3, 0.0, 1.8]
Indi 16: Fitness: 48.49212121212122Genotype: [0.0, 0.0, 0.0, 1.5, 1.6, 1.0, 1.7, 0.0, 0.0, 1.8, 1.3, 1.9, 0.0, 0.0]
Indi 17: Fitness: 48.65212121212122Genotype: [2.0, 0.0, 1.9, 1.9, 0.0, 0.0, 1.8, 1.0, 0.0, 1.2, 0.0, 0.0, 0.0, 1.9]
Indi 18: Fitness: 48.97212121212122Genotype: [0.0, 1.0, 0.0, 0.0, 1.9, 1.1, 0.0, 0.0, 0.0, 1.4, 2.0, 1.3, 0.0, 1.8]
Indi 19: Fitness: 48.97212121212122Genotype: [0.0, 1.0, 0.0, 0.0, 1.9, 1.1, 0.0, 0.0, 0.0, 1.4, 2.0, 1.3, 0.0, 1.8]
Indi 20: Fitness: 49.052121212121214Genotype: [0.0, 0.0, 1.9, 0.0, 0.0, 0.0, 1.8, 0.0, 0.0, 1.2, 0.0, 1.3, 0.0, 1.9]
Indi 21: Fitness: 49.09212121212122Genotype: [0.0, 1.0, 0.0, 0.0, 1.7, 1.1, 0.0, 1.5, 0.0, 1.4, 2.0, 1.3, 0.0, 1.8]
Indi 22: Fitness: 49.572121212121225Genotype: [2.0, 0.0, 1.6, 0.0, 1.9, 1.1, 0.0, 0.0, 0.0, 1.4, 0.0, 1.3, 0.0, 1.8]
Indi 23: Fitness: 49.65212121212122Genotype: [0.0, 1.0, 0.0, 0.0, 1.9, 1.1, 0.0, 0.0, 1.5, 1.4, 2.0, 1.3, 0.0, 1.8]
Indi 24: Fitness: 49.732121212121214Genotype: [0.0, 0.0, 1.9, 0.0, 0.0, 0.0, 0.0, 1.1, 0.0, 1.2, 0.0, 0.0, 0.0, 1.9]
Indi 25: Fitness: 49.77212121212121Genotype: [0.0, 1.0, 0.0, 1.5, 1.6, 1.0, 0.0, 0.0, 0.0, 0.0, 1.3, 1.9, 0.0, 0.0]
Indi 26: Fitness: 49.81212121212122Genotype: [0.0, 0.0, 1.6, 0.0, 1.0, 1.2, 0.0, 0.0, 0.0, 1.4, 2.0, 1.3, 0.0, 1.8]
Indi 27: Fitness: 50.05212121212122Genotype: [2.0, 0.0, 1.6, 0.0, 1.9, 0.0, 1.0, 0.0, 0.0, 1.9, 2.0, 1.0, 0.0, 1.8]
Indi 28: Fitness: 50.17212121212121Genotype: [0.0, 1.0, 1.6, 0.0, 1.0, 1.2, 0.0, 0.0, 0.0, 1.4, 2.0, 1.3, 0.0, 1.8]
Indi 29: Fitness: 50.21212121212121Genotype: [0.0, 1.0, 0.0, 1.5, 0.0, 1.0, 1.7, 0.0, 0.0, 1.2, 1.3, 1.9, 1.1, 0.0]
Indi 30: Fitness: 50.49212121212122Genotype: [0.0, 1.0, 0.0, 0.0, 1.9, 1.1, 0.0, 0.0, 0.0, 1.4, 2.0, 1.3, 0.0, 1.5]
Indi 31: Fitness: 50.53212121212122Genotype: [0.0, 1.0, 1.6, 0.0, 1.9, 1.1, 0.0, 0.0, 0.0, 1.4, 2.0, 1.3, 0.0, 1.8]
Indi 32: Fitness: 50.81212121212122Genotype: [2.0, 0.0, 1.9, 0.0, 0.0, 0.0, 1.8, 0.0, 0.0, 1.2, 1.1, 0.0, 0.0, 1.9]
Indi 33: Fitness: 50.81212121212122Genotype: [0.0, 1.0, 1.6, 1.5, 1.6, 1.0, 1.7, 0.0, 0.0, 0.0, 1.3, 1.9, 0.0, 0.0]
Indi 34: Fitness: 50.892121212121225Genotype: [2.0, 0.0, 1.6, 0.0, 1.0, 1.2, 0.0, 0.0, 0.0, 1.4, 2.0, 1.3, 0.0, 1.8]
Indi 35: Fitness: 50.93212121212122Genotype: [2.0, 0.0, 1.6, 0.0, 1.9, 1.1, 1.0, 0.0, 0.0, 1.4, 2.0, 1.0, 0.0, 1.8]
Indi 36: Fitness: 50.93212121212122Genotype: [2.0, 0.0, 0.0, 0.0, 0.0, 1.1, 1.0, 0.0, 0.0, 1.4, 2.0, 1.0, 0.0, 1.8]
Indi 37: Fitness: 51.01212121212122Genotype: [0.0, 1.0, 1.7, 0.0, 1.9, 1.1, 0.0, 0.0, 0.0, 1.4, 1.6, 1.3, 0.0, 1.8]
Indi 38: Fitness: 51.292121212121216Genotype: [0.0, 0.0, 1.6, 0.0, 1.9, 1.1, 0.0, 0.0, 0.0, 1.4, 2.0, 1.2, 0.0, 1.8]
Indi 39: Fitness: 51.77212121212121Genotype: [2.0, 0.0, 1.6, 0.0, 1.9, 1.1, 0.0, 0.0, 0.0, 1.4, 2.0, 1.3, 0.0, 1.8]
Indi 40: Fitness: 51.81212121212123Genotype: [0.0, 1.0, 1.6, 0.0, 1.9, 1.1, 0.0, 0.0, 0.0, 1.4, 2.0, 1.3, 0.0, 1.8]
Indi 41: Fitness: 51.89212121212122Genotype: [0.0, 0.0, 1.9, 0.0, 0.0, 0.0, 1.8, 0.0, 0.0, 1.2, 0.0, 0.0, 0.0, 1.9]
Indi 42: Fitness: 51.89212121212122Genotype: [2.0, 0.0, 1.6, 0.0, 1.9, 1.1, 0.0, 0.0, 0.0, 1.4, 2.0, 1.3, 0.0, 1.8]
Indi 43: Fitness: 51.93212121212122Genotype: [0.0, 1.0, 0.0, 0.0, 1.9, 1.1, 0.0, 0.0, 0.0, 1.4, 2.0, 1.3, 0.0, 1.8]
Indi 44: Fitness: 51.972121212121216Genotype: [0.0, 1.0, 0.0, 0.0, 1.9, 1.1, 0.0, 0.0, 0.0, 1.4, 2.0, 1.3, 0.0, 1.8]
Indi 45: Fitness: 52.012121212121215Genotype: [0.0, 1.0, 0.0, 1.5, 1.6, 1.0, 1.7, 0.0, 0.0, 0.0, 1.3, 1.9, 0.0, 0.0]
Indi 46: Fitness: 52.01212121212122Genotype: [0.0, 1.0, 0.0, 1.5, 1.2, 1.0, 1.7, 0.0, 0.0, 0.0, 1.3, 1.9, 1.1, 0.0]
Indi 47: Fitness: 52.612121212121224Genotype: [2.0, 0.0, 1.6, 0.0, 1.0, 1.2, 0.0, 0.0, 0.0, 1.4, 2.0, 1.3, 0.0, 1.8]
Indi 48: Fitness: 52.85212121212122Genotype: [2.0, 0.0, 1.6, 0.0, 1.9, 1.1, 1.0, 0.0, 0.0, 1.4, 2.0, 1.0, 0.0, 1.8]
Indi 49: Fitness: 52.972121212121216Genotype: [2.0, 0.0, 1.9, 0.0, 0.0, 0.0, 1.8, 0.0, 0.0, 1.2, 0.0, 0.0, 0.0, 1.9]
