INICIO: Sun Jan 28 01:15:27 EST 2018
INDIVIDUALS OF LAST GENERATION: 26
Indi 0: Fitness: 23.892121212121214Genotype: [0.0, 1.0, 0.0, 1.5, 1.2, 1.0, 1.7, 0.0, 0.0, 0.0, 1.3, 1.1, 1.1, 0.0]
Indi 1: Fitness: 23.892121212121218Genotype: [2.0, 0.0, 1.2, 0.0, 1.9, 1.1, 0.0, 0.0, 0.0, 1.4, 2.0, 1.3, 0.0, 1.8]
Indi 2: Fitness: 25.172121212121226Genotype: [0.0, 1.0, 0.0, 0.0, 0.0, 0.0, 1.8, 0.0, 0.0, 1.2, 0.0, 0.0, 0.0, 1.9]
Indi 3: Fitness: 25.972121212121216Genotype: [0.0, 1.0, 0.0, 1.5, 1.2, 1.0, 1.7, 0.0, 0.0, 0.0, 1.3, 1.9, 1.1, 0.0]
Indi 4: Fitness: 34.372121212121215Genotype: [0.0, 1.0, 0.0, 0.0, 1.4, 1.1, 0.0, 0.0, 0.0, 1.4, 2.0, 1.3, 0.0, 1.8]
Indi 5: Fitness: 34.81212121212121Genotype: [2.0, 0.0, 1.6, 0.0, 1.0, 1.2, 0.0, 0.0, 0.0, 1.4, 0.0, 1.3, 0.0, 1.7]
Indi 6: Fitness: 35.57212121212122Genotype: [2.0, 0.0, 1.6, 0.0, 0.0, 1.2, 0.0, 0.0, 0.0, 1.4, 2.0, 1.3, 0.0, 1.3]
Indi 7: Fitness: 35.93212121212122Genotype: [0.0, 1.0, 1.6, 0.0, 1.9, 1.1, 1.0, 0.0, 0.0, 1.4, 2.0, 1.0, 0.0, 1.8]
Indi 8: Fitness: 36.05212121212122Genotype: [1.3, 1.0, 0.0, 0.0, 1.9, 1.1, 0.0, 0.0, 0.0, 1.4, 2.0, 1.3, 0.0, 1.8]
Indi 9: Fitness: 37.45212121212122Genotype: [0.0, 1.0, 1.6, 0.0, 1.9, 1.1, 1.0, 0.0, 0.0, 1.4, 2.0, 1.0, 0.0, 1.8]
Indi 10: Fitness: 37.74060606060606Genotype: [0.0, 1.0, 0.0, 1.5, 1.2, 1.0, 1.7, 0.0, 0.0, 0.0, 1.6, 1.9, 1.1, 1.8]
Indi 11: Fitness: 38.09212121212122Genotype: [2.0, 0.0, 0.0, 1.5, 1.6, 1.0, 1.7, 0.0, 0.0, 0.0, 1.3, 1.9, 0.0, 0.0]
Indi 12: Fitness: 42.372121212121215Genotype: [2.0, 0.0, 1.9, 0.0, 0.0, 0.0, 1.6, 0.0, 0.0, 0.0, 0.0, 0.0, 0.0, 1.9]
Indi 13: Fitness: 45.87313131313132Genotype: [0.0, 1.0, 0.0, 0.0, 1.9, 1.1, 1.8, 0.0, 0.0, 1.4, 2.0, 1.3, 0.0, 1.9]
Indi 14: Fitness: 46.45212121212122Genotype: [2.0, 0.0, 1.9, 0.0, 0.0, 0.0, 1.8, 1.3, 1.4, 1.2, 0.0, 0.0, 0.0, 1.9]
Indi 15: Fitness: 47.93212121212123Genotype: [0.0, 1.0, 0.0, 0.0, 1.9, 1.1, 0.0, 0.0, 0.0, 1.4, 2.0, 1.3, 0.0, 1.8]
Indi 16: Fitness: 48.252121212121224Genotype: [2.0, 0.0, 1.6, 0.0, 1.9, 1.1, 1.0, 0.0, 0.0, 1.4, 2.0, 1.0, 0.0, 1.4]
Indi 17: Fitness: 48.81212121212123Genotype: [0.0, 1.0, 0.0, 0.0, 1.2, 1.0, 1.7, 0.0, 0.0, 0.0, 1.6, 1.9, 1.1, 0.0]
Indi 18: Fitness: 48.97212121212122Genotype: [0.0, 1.0, 0.0, 0.0, 0.0, 1.1, 0.0, 0.0, 0.0, 1.4, 2.0, 1.9, 0.0, 1.8]
Indi 19: Fitness: 49.252121212121224Genotype: [0.0, 1.0, 1.2, 0.0, 1.9, 1.1, 0.0, 0.0, 0.0, 0.0, 2.0, 1.3, 0.0, 1.2]
Indi 20: Fitness: 49.45212121212121Genotype: [0.0, 1.0, 0.0, 1.5, 1.6, 1.1, 1.7, 0.0, 0.0, 0.0, 1.3, 1.9, 0.0, 0.0]
Indi 21: Fitness: 49.45212121212122Genotype: [0.0, 1.0, 0.0, 0.0, 1.9, 0.0, 0.0, 0.0, 0.0, 1.4, 2.0, 1.3, 0.0, 0.0]
Indi 22: Fitness: 49.49212121212122Genotype: [0.0, 1.0, 0.0, 1.5, 1.6, 1.0, 1.7, 0.0, 0.0, 0.0, 1.3, 1.9, 0.0, 0.0]
Indi 23: Fitness: 49.53212121212121Genotype: [0.0, 1.0, 0.0, 1.5, 1.6, 1.0, 1.7, 0.0, 0.0, 0.0, 1.3, 1.5, 1.7, 0.0]
Indi 24: Fitness: 49.61212121212122Genotype: [0.0, 1.0, 0.0, 0.0, 1.9, 1.1, 0.0, 0.0, 0.0, 1.4, 2.0, 1.3, 0.0, 1.8]
Indi 25: Fitness: 49.732121212121214Genotype: [0.0, 0.0, 0.0, 0.0, 0.0, 0.0, 1.8, 0.0, 0.0, 1.3, 0.0, 0.0, 0.0, 1.9]
Indi 26: Fitness: 49.93212121212122Genotype: [2.0, 0.0, 1.9, 0.0, 0.0, 0.0, 1.8, 0.0, 0.0, 1.2, 0.0, 1.1, 0.0, 1.9]
Indi 27: Fitness: 50.01212121212122Genotype: [0.0, 1.0, 1.6, 0.0, 1.0, 1.2, 0.0, 0.0, 0.0, 1.4, 2.0, 1.3, 0.0, 1.8]
Indi 28: Fitness: 50.21212121212122Genotype: [0.0, 0.0, 1.2, 0.0, 1.9, 1.1, 0.0, 0.0, 0.0, 1.4, 2.0, 1.3, 0.0, 1.8]
Indi 29: Fitness: 50.41212121212122Genotype: [2.0, 0.0, 1.6, 0.0, 1.1, 1.1, 1.0, 0.0, 0.0, 0.0, 2.0, 1.0, 0.0, 1.8]
Indi 30: Fitness: 50.41212121212122Genotype: [0.0, 1.0, 0.0, 0.0, 1.9, 1.1, 0.0, 0.0, 0.0, 1.4, 1.3, 1.3, 0.0, 1.8]
Indi 31: Fitness: 50.45212121212122Genotype: [2.0, 0.0, 0.0, 0.0, 1.9, 1.1, 0.0, 0.0, 0.0, 1.4, 2.0, 1.3, 0.0, 1.8]
Indi 32: Fitness: 50.49212121212122Genotype: [2.0, 0.0, 1.6, 1.4, 1.9, 1.1, 1.0, 0.0, 0.0, 1.5, 2.0, 1.0, 0.0, 1.8]
Indi 33: Fitness: 50.49212121212122Genotype: [0.0, 1.0, 0.0, 1.5, 1.2, 1.0, 1.7, 0.0, 0.0, 0.0, 1.3, 1.9, 1.1, 0.0]
Indi 34: Fitness: 50.61212121212121Genotype: [0.0, 1.0, 0.0, 1.5, 1.2, 1.0, 1.7, 0.0, 0.0, 0.0, 1.6, 1.9, 1.1, 0.0]
Indi 35: Fitness: 50.69212121212122Genotype: [2.0, 0.0, 0.0, 0.0, 1.0, 1.2, 0.0, 0.0, 0.0, 1.8, 2.0, 1.3, 0.0, 1.8]
Indi 36: Fitness: 50.97212121212122Genotype: [0.0, 1.0, 1.5, 0.0, 0.0, 0.0, 1.8, 0.0, 0.0, 1.2, 0.0, 0.0, 0.0, 1.9]
Indi 37: Fitness: 51.21212121212121Genotype: [0.0, 1.0, 0.0, 1.4, 1.2, 1.0, 1.7, 0.0, 0.0, 0.0, 1.3, 1.9, 1.1, 0.0]
Indi 38: Fitness: 51.332121212121216Genotype: [0.0, 1.0, 0.0, 1.5, 1.6, 1.0, 1.7, 0.0, 0.0, 0.0, 1.3, 1.9, 0.0, 0.0]
Indi 39: Fitness: 51.972121212121216Genotype: [0.0, 1.0, 0.0, 0.0, 1.9, 1.1, 0.0, 0.0, 0.0, 1.4, 2.0, 1.3, 0.0, 1.8]
Indi 40: Fitness: 52.012121212121215Genotype: [0.0, 1.0, 0.0, 1.5, 1.6, 1.0, 1.7, 0.0, 0.0, 0.0, 1.3, 1.9, 0.0, 0.0]
Indi 41: Fitness: 52.01212121212122Genotype: [0.0, 1.0, 0.0, 1.5, 1.2, 1.0, 1.7, 0.0, 0.0, 0.0, 1.3, 1.9, 1.1, 0.0]
Indi 42: Fitness: 52.17212121212121Genotype: [0.0, 1.0, 0.0, 0.0, 1.9, 1.1, 0.0, 0.0, 0.0, 1.4, 2.0, 1.3, 0.0, 1.8]
Indi 43: Fitness: 52.172121212121226Genotype: [0.0, 1.0, 0.0, 1.5, 1.6, 1.0, 1.7, 0.0, 0.0, 0.0, 1.3, 1.9, 1.2, 0.0]
Indi 44: Fitness: 52.532121212121226Genotype: [0.0, 1.0, 1.2, 0.0, 1.9, 1.1, 0.0, 0.0, 0.0, 1.4, 2.0, 1.3, 0.0, 1.8]
Indi 45: Fitness: 52.612121212121224Genotype: [2.0, 0.0, 1.6, 0.0, 1.0, 1.2, 0.0, 0.0, 0.0, 1.4, 2.0, 1.3, 0.0, 1.8]
Indi 46: Fitness: 52.65212121212122Genotype: [0.0, 1.0, 0.0, 1.5, 1.2, 1.0, 1.7, 0.0, 0.0, 0.0, 1.6, 1.9, 1.1, 0.0]
Indi 47: Fitness: 52.77212121212121Genotype: [0.0, 1.0, 0.0, 0.0, 0.0, 0.0, 1.8, 0.0, 0.0, 1.2, 0.0, 0.0, 0.0, 1.9]
Indi 48: Fitness: 52.85212121212122Genotype: [2.0, 0.0, 1.6, 0.0, 1.9, 1.1, 1.0, 0.0, 0.0, 1.4, 2.0, 1.0, 0.0, 1.8]
Indi 49: Fitness: 52.972121212121216Genotype: [2.0, 0.0, 1.9, 0.0, 0.0, 0.0, 1.8, 0.0, 0.0, 1.2, 0.0, 0.0, 0.0, 1.9]
