INICIO: Sun Jan 28 01:32:27 EST 2018
INDIVIDUALS OF LAST GENERATION: 28
Indi 0: Fitness: 1.0121212121212182Genotype: [0.0, 1.0, 0.0, 0.0, 0.0, 0.0, 1.8, 0.0, 0.0, 1.2, 0.0, 0.0, 0.0, 1.9]
Indi 1: Fitness: 23.81212121212122Genotype: [0.0, 1.0, 0.0, 1.5, 1.6, 1.0, 1.7, 0.0, 0.0, 0.0, 1.3, 1.9, 0.0, 0.0]
Indi 2: Fitness: 25.09212121212122Genotype: [0.0, 1.0, 0.0, 0.0, 0.0, 0.0, 1.8, 0.0, 0.0, 1.2, 0.0, 0.0, 0.0, 1.9]
Indi 3: Fitness: 25.932121212121217Genotype: [0.0, 1.0, 0.0, 1.5, 0.0, 1.0, 1.7, 0.0, 0.0, 0.0, 1.3, 1.9, 1.2, 0.0]
Indi 4: Fitness: 26.77212121212122Genotype: [0.0, 1.0, 0.0, 0.0, 1.2, 1.0, 1.7, 0.0, 0.0, 0.0, 1.3, 0.0, 1.1, 0.0]
Indi 5: Fitness: 27.332121212121223Genotype: [0.0, 1.0, 0.0, 1.5, 1.5, 1.0, 1.7, 0.0, 0.0, 0.0, 1.1, 1.9, 1.1, 0.0]
Indi 6: Fitness: 28.45212121212122Genotype: [2.0, 1.0, 1.2, 0.0, 1.9, 1.1, 0.0, 0.0, 0.0, 1.4, 2.0, 1.3, 0.0, 0.0]
Indi 7: Fitness: 32.65212121212122Genotype: [2.0, 0.0, 0.0, 0.0, 0.0, 0.0, 1.8, 0.0, 0.0, 1.2, 0.0, 0.0, 0.0, 1.9]
Indi 8: Fitness: 33.85212121212122Genotype: [0.0, 1.0, 0.0, 0.0, 1.9, 1.1, 0.0, 1.4, 0.0, 1.4, 2.0, 1.3, 0.0, 1.8]
Indi 9: Fitness: 35.13212121212122Genotype: [0.0, 1.0, 1.6, 0.0, 1.0, 1.2, 0.0, 0.0, 0.0, 1.4, 2.0, 1.3, 0.0, 1.8]
Indi 10: Fitness: 35.41212121212122Genotype: [0.0, 1.0, 0.0, 0.0, 1.9, 1.1, 0.0, 0.0, 0.0, 1.4, 0.0, 1.3, 0.0, 1.8]
Indi 11: Fitness: 35.42060606060606Genotype: [0.0, 1.0, 1.2, 0.0, 1.9, 1.1, 0.0, 0.0, 0.0, 1.4, 1.5, 1.3, 1.5, 1.8]
Indi 12: Fitness: 36.532121212121226Genotype: [0.0, 1.0, 0.0, 1.5, 1.6, 0.0, 1.7, 0.0, 0.0, 0.0, 1.3, 1.9, 1.2, 0.0]
Indi 13: Fitness: 37.41212121212122Genotype: [0.0, 1.0, 0.0, 1.5, 1.2, 1.0, 1.7, 0.0, 0.0, 0.0, 1.3, 1.9, 1.1, 0.0]
Indi 14: Fitness: 37.86181818181818Genotype: [0.0, 1.0, 0.0, 1.5, 1.2, 1.0, 1.7, 0.0, 0.0, 1.6, 1.6, 1.9, 1.1, 1.5]
Indi 15: Fitness: 38.29212121212122Genotype: [0.0, 1.0, 0.0, 1.5, 1.2, 1.0, 1.7, 0.0, 0.0, 0.0, 1.3, 1.9, 1.1, 0.0]
Indi 16: Fitness: 44.372121212121215Genotype: [0.0, 1.0, 0.0, 1.5, 1.6, 1.0, 1.1, 1.5, 0.0, 0.0, 1.3, 1.9, 0.0, 0.0]
Indi 17: Fitness: 44.492121212121226Genotype: [0.0, 1.0, 1.2, 0.0, 1.9, 1.1, 0.0, 0.0, 0.0, 1.4, 2.0, 1.3, 0.0, 0.0]
Indi 18: Fitness: 46.85212121212122Genotype: [0.0, 1.1, 0.0, 1.5, 1.6, 1.0, 1.7, 0.0, 0.0, 0.0, 1.3, 1.9, 1.2, 0.0]
Indi 19: Fitness: 47.932121212121224Genotype: [0.0, 1.0, 0.0, 0.0, 0.0, 0.0, 1.8, 0.0, 0.0, 1.7, 2.0, 0.0, 0.0, 1.9]
Indi 20: Fitness: 48.65212121212122Genotype: [1.1, 0.0, 1.6, 0.0, 0.0, 1.1, 1.0, 0.0, 0.0, 1.4, 2.0, 1.0, 0.0, 1.8]
Indi 21: Fitness: 48.81212121212123Genotype: [0.0, 1.0, 0.0, 1.5, 1.2, 1.0, 0.0, 0.0, 0.0, 0.0, 1.6, 1.9, 1.1, 0.0]
Indi 22: Fitness: 49.01212121212122Genotype: [2.0, 0.0, 0.0, 1.5, 1.6, 1.0, 1.7, 0.0, 0.0, 0.0, 1.3, 1.9, 1.2, 0.0]
Indi 23: Fitness: 49.292121212121216Genotype: [2.0, 0.0, 1.2, 0.0, 1.9, 1.1, 0.0, 0.0, 0.0, 1.4, 2.0, 1.3, 0.0, 1.8]
Indi 24: Fitness: 49.61212121212121Genotype: [0.0, 1.0, 0.0, 0.0, 0.0, 0.0, 1.8, 0.0, 0.0, 1.2, 0.0, 0.0, 0.0, 1.9]
Indi 25: Fitness: 49.612121212121224Genotype: [0.0, 1.0, 1.1, 1.5, 1.6, 1.0, 1.7, 0.0, 0.0, 0.0, 1.3, 1.9, 0.0, 0.0]
Indi 26: Fitness: 49.85212121212122Genotype: [0.0, 1.0, 0.0, 1.5, 1.6, 1.0, 1.7, 0.0, 1.1, 0.0, 1.3, 1.9, 0.0, 0.0]
Indi 27: Fitness: 50.17212121212122Genotype: [2.0, 0.0, 0.0, 0.0, 0.0, 0.0, 1.8, 0.0, 0.0, 0.0, 0.0, 0.0, 0.0, 1.9]
Indi 28: Fitness: 50.45212121212121Genotype: [2.0, 0.0, 1.6, 0.0, 1.9, 1.1, 1.0, 0.0, 1.9, 1.4, 2.0, 1.1, 0.0, 1.8]
Indi 29: Fitness: 50.85212121212122Genotype: [0.0, 1.0, 0.0, 1.5, 1.6, 1.0, 1.7, 0.0, 0.0, 0.0, 1.3, 1.9, 0.0, 0.0]
Indi 30: Fitness: 50.972121212121216Genotype: [2.0, 0.0, 1.6, 0.0, 1.0, 1.2, 0.0, 0.0, 0.0, 1.4, 2.0, 1.3, 0.0, 1.8]
Indi 31: Fitness: 51.13212121212122Genotype: [0.0, 1.0, 0.0, 1.5, 1.6, 1.0, 1.7, 0.0, 0.0, 0.0, 1.3, 1.9, 0.0, 0.0]
Indi 32: Fitness: 51.25212121212121Genotype: [1.4, 0.0, 1.6, 0.0, 1.9, 0.0, 1.0, 0.0, 0.0, 1.4, 2.0, 1.0, 0.0, 1.8]
Indi 33: Fitness: 51.292121212121216Genotype: [0.0, 1.0, 0.0, 1.5, 1.2, 1.0, 1.7, 0.0, 0.0, 1.4, 1.6, 1.9, 1.1, 0.0]
Indi 34: Fitness: 51.41212121212122Genotype: [2.0, 0.0, 1.9, 0.0, 0.0, 0.0, 1.8, 0.0, 0.0, 0.0, 1.4, 0.0, 0.0, 1.9]
Indi 35: Fitness: 51.49212121212122Genotype: [2.0, 0.0, 1.6, 0.0, 1.0, 0.0, 0.0, 0.0, 0.0, 1.4, 2.0, 1.3, 0.0, 0.0]
Indi 36: Fitness: 51.49212121212122Genotype: [0.0, 1.0, 0.0, 1.4, 1.9, 1.1, 0.0, 0.0, 0.0, 1.4, 2.0, 1.3, 0.0, 1.8]
Indi 37: Fitness: 51.73212121212123Genotype: [2.0, 0.0, 1.6, 1.8, 0.0, 1.2, 0.0, 0.0, 0.0, 1.4, 2.0, 1.3, 0.0, 1.8]
Indi 38: Fitness: 51.77212121212121Genotype: [0.0, 1.0, 1.6, 0.0, 1.0, 1.2, 0.0, 0.0, 0.0, 1.4, 2.0, 1.3, 0.0, 1.8]
Indi 39: Fitness: 51.81212121212123Genotype: [2.0, 0.0, 1.6, 0.0, 1.7, 1.2, 0.0, 0.0, 0.0, 1.4, 2.0, 1.3, 0.0, 1.8]
Indi 40: Fitness: 52.012121212121215Genotype: [0.0, 1.0, 0.0, 1.5, 1.6, 1.0, 1.7, 0.0, 0.0, 0.0, 1.3, 1.9, 0.0, 0.0]
Indi 41: Fitness: 52.01212121212122Genotype: [0.0, 1.0, 0.0, 1.5, 1.2, 1.0, 1.7, 0.0, 0.0, 0.0, 1.3, 1.9, 1.1, 0.0]
Indi 42: Fitness: 52.17212121212121Genotype: [0.0, 1.0, 0.0, 0.0, 1.9, 1.1, 0.0, 0.0, 0.0, 1.4, 2.0, 1.3, 0.0, 1.8]
Indi 43: Fitness: 52.172121212121226Genotype: [0.0, 1.0, 0.0, 1.5, 1.6, 1.0, 1.7, 0.0, 0.0, 0.0, 1.3, 1.9, 1.2, 0.0]
Indi 44: Fitness: 52.532121212121226Genotype: [0.0, 1.0, 1.2, 0.0, 1.9, 1.1, 0.0, 0.0, 0.0, 1.4, 2.0, 1.3, 0.0, 1.8]
Indi 45: Fitness: 52.612121212121224Genotype: [2.0, 0.0, 1.6, 0.0, 1.0, 1.2, 0.0, 0.0, 0.0, 1.4, 2.0, 1.3, 0.0, 1.8]
Indi 46: Fitness: 52.65212121212122Genotype: [0.0, 1.0, 0.0, 1.5, 1.2, 1.0, 1.7, 0.0, 0.0, 0.0, 1.6, 1.9, 1.1, 0.0]
Indi 47: Fitness: 52.77212121212121Genotype: [0.0, 1.0, 0.0, 0.0, 0.0, 0.0, 1.8, 0.0, 0.0, 1.2, 0.0, 0.0, 0.0, 1.9]
Indi 48: Fitness: 52.85212121212122Genotype: [2.0, 0.0, 1.6, 0.0, 1.9, 1.1, 1.0, 0.0, 0.0, 1.4, 2.0, 1.0, 0.0, 1.8]
Indi 49: Fitness: 52.972121212121216Genotype: [2.0, 0.0, 1.9, 0.0, 0.0, 0.0, 1.8, 0.0, 0.0, 1.2, 0.0, 0.0, 0.0, 1.9]
