INICIO: Sat Jan 27 19:21:12 EST 2018
INDIVIDUALS OF LAST GENERATION: 0
Indi 0: Fitness: 4.460606060606065Genotype: [0.0, 0.0, 0.0, 0.0, 1.5, 1.3, 1.4, 1.1, 0.0, 1.6, 0.0, 0.0, 1.9, 1.5]
Indi 1: Fitness: 14.380606060606064Genotype: [1.3, 1.6, 0.0, 1.0, 0.0, 1.1, 1.2, 0.0, 0.0, 0.0, 1.8, 1.9, 1.7, 1.9]
Indi 2: Fitness: 25.77212121212122Genotype: [1.9, 1.2, 1.4, 1.4, 1.2, 0.0, 1.7, 1.3, 1.8, 1.6, 1.3, 0.0, 0.0, 1.1]
Indi 3: Fitness: 26.372121212121225Genotype: [1.2, 0.0, 1.7, 0.0, 0.0, 1.2, 0.0, 1.5, 0.0, 1.2, 1.7, 1.5, 1.2, 0.0]
Indi 4: Fitness: 26.412121212121225Genotype: [0.0, 1.7, 0.0, 1.8, 1.5, 0.0, 0.0, 0.0, 0.0, 1.7, 0.0, 0.0, 0.0, 0.0]
Indi 5: Fitness: 27.02060606060607Genotype: [1.1, 0.0, 0.0, 1.5, 0.0, 0.0, 1.3, 0.0, 0.0, 0.0, 1.7, 1.9, 1.9, 1.4]
Indi 6: Fitness: 31.950707070707075Genotype: [0.0, 0.0, 0.0, 1.2, 0.0, 1.5, 1.1, 1.9, 1.4, 1.5, 0.0, 0.0, 1.3, 1.1]
Indi 7: Fitness: 33.3410101010101Genotype: [0.0, 0.0, 1.9, 1.4, 1.9, 1.2, 1.7, 0.0, 0.0, 1.7, 1.1, 0.0, 1.7, 1.6]
Indi 8: Fitness: 34.88080808080808Genotype: [0.0, 1.5, 1.2, 1.6, 0.0, 1.3, 1.4, 0.0, 0.0, 0.0, 0.0, 0.0, 1.9, 1.4]
Indi 9: Fitness: 35.21171717171718Genotype: [0.0, 0.0, 0.0, 0.0, 1.2, 0.0, 1.1, 1.7, 0.0, 0.0, 0.0, 0.0, 1.0, 1.5]
Indi 10: Fitness: 35.58060606060606Genotype: [0.0, 0.0, 1.3, 1.5, 0.0, 1.7, 1.8, 1.3, 0.0, 1.3, 1.4, 0.0, 2.0, 1.8]
Indi 11: Fitness: 35.781818181818174Genotype: [0.0, 0.0, 0.0, 0.0, 0.0, 1.9, 0.0, 0.0, 1.4, 0.0, 0.0, 0.0, 1.6, 1.7]
Indi 12: Fitness: 36.14060606060606Genotype: [0.0, 0.0, 1.5, 1.9, 1.7, 1.4, 1.6, 0.0, 1.3, 1.8, 0.0, 2.0, 1.9, 1.3]
Indi 13: Fitness: 36.49212121212122Genotype: [0.0, 0.0, 0.0, 0.0, 0.0, 0.0, 1.2, 0.0, 0.0, 1.5, 1.8, 2.0, 0.0, 1.4]
Indi 14: Fitness: 36.612121212121224Genotype: [0.0, 0.0, 0.0, 1.8, 0.0, 0.0, 1.3, 1.4, 0.0, 0.0, 1.9, 0.0, 0.0, 1.2]
Indi 15: Fitness: 36.92121212121212Genotype: [1.2, 1.3, 0.0, 0.0, 1.9, 0.0, 1.1, 1.1, 0.0, 1.4, 0.0, 1.5, 2.0, 1.1]
Indi 16: Fitness: 37.712323232323236Genotype: [1.2, 2.0, 0.0, 0.0, 1.3, 0.0, 1.3, 1.8, 0.0, 0.0, 0.0, 0.0, 1.8, 1.1]
Indi 17: Fitness: 38.932121212121224Genotype: [0.0, 0.0, 1.5, 1.2, 0.0, 1.7, 0.0, 0.0, 1.1, 1.7, 0.0, 1.3, 1.1, 0.0]
Indi 18: Fitness: 41.932121212121224Genotype: [0.0, 0.0, 0.0, 1.9, 0.0, 0.0, 0.0, 0.0, 0.0, 0.0, 1.6, 1.1, 0.0, 1.2]
Indi 19: Fitness: 41.97212121212122Genotype: [0.0, 1.4, 0.0, 0.0, 0.0, 1.8, 0.0, 0.0, 0.0, 1.7, 0.0, 0.0, 0.0, 1.2]
Indi 20: Fitness: 42.732121212121214Genotype: [1.7, 0.0, 1.1, 1.9, 1.0, 0.0, 1.2, 1.9, 1.3, 0.0, 0.0, 0.0, 0.0, 1.6]
Indi 21: Fitness: 45.012121212121215Genotype: [1.7, 1.7, 0.0, 0.0, 0.0, 2.0, 0.0, 0.0, 1.4, 0.0, 0.0, 1.1, 0.0, 1.6]
Indi 22: Fitness: 45.652121212121216Genotype: [0.0, 0.0, 0.0, 2.0, 0.0, 0.0, 0.0, 1.1, 0.0, 0.0, 0.0, 0.0, 1.7, 0.0]
Indi 23: Fitness: 47.21212121212122Genotype: [1.8, 1.5, 1.9, 1.8, 0.0, 1.8, 0.0, 1.9, 0.0, 1.4, 0.0, 1.9, 0.0, 0.0]
Indi 24: Fitness: 47.556767676767684Genotype: [1.6, 1.2, 0.0, 1.8, 0.0, 0.0, 1.0, 0.0, 0.0, 1.0, 0.0, 0.0, 1.3, 1.5]
Indi 25: Fitness: 47.77212121212122Genotype: [0.0, 1.4, 0.0, 0.0, 1.3, 0.0, 1.1, 0.0, 0.0, 1.0, 1.9, 2.0, 0.0, 1.6]
Indi 26: Fitness: 48.13212121212122Genotype: [1.1, 1.6, 1.1, 1.1, 0.0, 0.0, 0.0, 1.3, 0.0, 0.0, 1.3, 1.7, 0.0, 0.0]
Indi 27: Fitness: 48.13212121212122Genotype: [0.0, 0.0, 2.0, 1.2, 1.6, 0.0, 0.0, 1.9, 0.0, 0.0, 2.0, 0.0, 1.3, 0.0]
Indi 28: Fitness: 48.13212121212122Genotype: [0.0, 1.7, 1.7, 1.2, 0.0, 0.0, 0.0, 1.5, 1.5, 0.0, 1.5, 1.9, 1.5, 0.0]
Indi 29: Fitness: 48.25212121212122Genotype: [0.0, 1.5, 1.3, 0.0, 0.0, 1.4, 0.0, 1.1, 0.0, 1.0, 1.3, 0.0, 0.0, 1.4]
Indi 30: Fitness: 49.13212121212122Genotype: [0.0, 0.0, 1.3, 0.0, 0.0, 0.0, 0.0, 0.0, 0.0, 0.0, 0.0, 1.7, 0.0, 0.0]
Indi 31: Fitness: 49.13212121212122Genotype: [1.8, 0.0, 0.0, 1.3, 0.0, 0.0, 1.1, 0.0, 1.9, 0.0, 0.0, 1.8, 0.0, 1.1]
Indi 32: Fitness: 49.332121212121216Genotype: [1.5, 1.3, 1.9, 0.0, 0.0, 0.0, 0.0, 0.0, 1.1, 1.4, 0.0, 0.0, 1.2, 0.0]
Indi 33: Fitness: 49.332121212121216Genotype: [0.0, 1.5, 0.0, 1.7, 0.0, 1.1, 1.6, 1.5, 1.4, 1.4, 0.0, 1.2, 1.3, 0.0]
Indi 34: Fitness: 49.33212121212122Genotype: [1.9, 0.0, 0.0, 1.9, 0.0, 1.6, 0.0, 0.0, 0.0, 1.3, 1.7, 0.0, 1.9, 0.0]
Indi 35: Fitness: 49.492121212121226Genotype: [1.6, 0.0, 0.0, 1.8, 0.0, 0.0, 1.1, 0.0, 1.9, 0.0, 0.0, 1.1, 0.0, 1.3]
Indi 36: Fitness: 49.69212121212122Genotype: [1.1, 1.6, 0.0, 0.0, 1.5, 1.3, 0.0, 0.0, 0.0, 0.0, 0.0, 0.0, 0.0, 0.0]
Indi 37: Fitness: 49.732121212121214Genotype: [0.0, 1.9, 0.0, 1.2, 1.7, 1.9, 1.3, 1.7, 0.0, 0.0, 1.3, 0.0, 0.0, 0.0]
Indi 38: Fitness: 50.012121212121215Genotype: [0.0, 1.1, 1.9, 0.0, 1.9, 0.0, 1.1, 1.7, 1.3, 1.1, 0.0, 0.0, 0.0, 1.5]
Indi 39: Fitness: 50.21212121212121Genotype: [0.0, 1.8, 0.0, 1.6, 1.8, 1.9, 1.5, 1.1, 1.9, 0.0, 0.0, 0.0, 0.0, 0.0]
Indi 40: Fitness: 50.252121212121224Genotype: [0.0, 1.4, 1.4, 1.1, 0.0, 1.5, 1.4, 0.0, 1.8, 0.0, 0.0, 1.9, 0.0, 0.0]
Indi 41: Fitness: 50.292121212121216Genotype: [0.0, 0.0, 0.0, 0.0, 1.3, 0.0, 1.3, 0.0, 1.3, 1.9, 1.1, 1.3, 1.1, 0.0]
Indi 42: Fitness: 50.332121212121216Genotype: [0.0, 1.0, 0.0, 1.5, 1.2, 0.0, 1.7, 0.0, 1.2, 0.0, 1.3, 1.9, 1.2, 0.0]
Indi 43: Fitness: 50.492121212121226Genotype: [0.0, 0.0, 1.9, 1.0, 1.4, 1.7, 0.0, 1.9, 0.0, 1.5, 0.0, 1.3, 0.0, 0.0]
Indi 44: Fitness: 50.53212121212122Genotype: [1.2, 0.0, 0.0, 1.4, 0.0, 0.0, 1.1, 1.2, 1.5, 0.0, 1.1, 1.7, 0.0, 0.0]
Indi 45: Fitness: 50.652121212121216Genotype: [0.0, 0.0, 1.7, 0.0, 0.0, 0.0, 0.0, 0.0, 0.0, 1.4, 0.0, 1.8, 0.0, 1.5]
Indi 46: Fitness: 50.732121212121214Genotype: [0.0, 0.0, 0.0, 0.0, 1.3, 1.2, 1.0, 1.0, 1.9, 1.7, 1.7, 0.0, 0.0, 1.0]
Indi 47: Fitness: 50.85212121212122Genotype: [1.0, 1.9, 0.0, 1.4, 1.6, 0.0, 0.0, 1.0, 1.2, 1.5, 1.3, 1.4, 0.0, 0.0]
Indi 48: Fitness: 51.612121212121224Genotype: [0.0, 1.5, 1.9, 0.0, 1.8, 0.0, 1.8, 0.0, 1.6, 1.2, 0.0, 0.0, 0.0, 1.9]
Indi 49: Fitness: 51.89212121212122Genotype: [2.0, 0.0, 1.6, 0.0, 1.9, 1.1, 0.0, 0.0, 0.0, 1.4, 2.0, 1.3, 0.0, 1.8]
