INICIO: Sun Jan 28 03:10:42 EST 2018
INDIVIDUALS OF LAST GENERATION: 41
Indi 0: Fitness: 11.852121212121219Genotype: [2.0, 0.0, 1.9, 1.3, 0.0, 0.0, 1.8, 0.0, 0.0, 1.2, 0.0, 1.4, 0.0, 1.9]
Indi 1: Fitness: 23.73212121212122Genotype: [0.0, 1.0, 1.6, 0.0, 1.9, 1.1, 1.0, 1.7, 0.0, 1.3, 2.0, 1.0, 0.0, 1.8]
Indi 2: Fitness: 35.21212121212122Genotype: [0.0, 1.0, 0.0, 0.0, 0.0, 0.0, 1.8, 0.0, 0.0, 1.2, 0.0, 0.0, 0.0, 1.9]
Indi 3: Fitness: 35.49212121212121Genotype: [0.0, 1.0, 0.0, 1.5, 1.2, 1.0, 1.7, 0.0, 0.0, 0.0, 1.6, 1.9, 1.1, 0.0]
Indi 4: Fitness: 36.260606060606065Genotype: [0.0, 1.0, 0.0, 1.5, 1.2, 1.0, 1.7, 0.0, 0.0, 0.0, 0.0, 1.9, 1.1, 1.9]
Indi 5: Fitness: 37.77212121212122Genotype: [0.0, 1.0, 0.0, 0.0, 0.0, 1.1, 1.0, 0.0, 0.0, 1.4, 2.0, 1.0, 0.0, 1.8]
Indi 6: Fitness: 39.012121212121215Genotype: [0.0, 1.0, 1.6, 0.0, 1.9, 1.1, 1.0, 0.0, 0.0, 1.4, 2.0, 1.0, 0.0, 1.8]
Indi 7: Fitness: 39.612121212121224Genotype: [0.0, 1.0, 0.0, 1.9, 1.2, 1.0, 1.7, 0.0, 0.0, 0.0, 1.6, 1.9, 1.5, 0.0]
Indi 8: Fitness: 40.53212121212122Genotype: [2.0, 0.0, 0.0, 1.5, 1.6, 1.6, 1.2, 0.0, 0.0, 0.0, 1.3, 1.9, 1.2, 0.0]
Indi 9: Fitness: 43.41212121212122Genotype: [2.0, 0.0, 1.6, 0.0, 1.9, 0.0, 1.0, 0.0, 0.0, 1.3, 2.0, 1.0, 0.0, 1.8]
Indi 10: Fitness: 45.85212121212122Genotype: [0.0, 1.0, 0.0, 0.0, 0.0, 0.0, 1.8, 0.0, 0.0, 1.2, 0.0, 0.0, 0.0, 1.4]
Indi 11: Fitness: 46.49212121212122Genotype: [0.0, 1.0, 0.0, 1.5, 1.6, 1.6, 1.2, 0.0, 0.0, 1.1, 1.5, 1.9, 1.2, 0.0]
Indi 12: Fitness: 48.37212121212122Genotype: [1.7, 1.0, 1.2, 0.0, 1.9, 1.1, 0.0, 0.0, 0.0, 1.4, 0.0, 1.3, 0.0, 1.8]
Indi 13: Fitness: 48.53212121212122Genotype: [0.0, 1.0, 1.2, 0.0, 1.9, 1.1, 0.0, 0.0, 0.0, 1.4, 2.0, 1.3, 0.0, 1.8]
Indi 14: Fitness: 48.57212121212122Genotype: [2.0, 0.0, 1.6, 0.0, 1.0, 1.2, 1.2, 0.0, 0.0, 1.4, 2.0, 1.3, 0.0, 0.0]
Indi 15: Fitness: 48.61212121212122Genotype: [0.0, 1.0, 0.0, 0.0, 0.0, 0.0, 1.8, 0.0, 0.0, 1.2, 0.0, 0.0, 0.0, 1.9]
Indi 16: Fitness: 48.69212121212122Genotype: [0.0, 1.0, 1.6, 0.0, 1.9, 1.1, 1.5, 0.0, 0.0, 1.4, 0.0, 1.0, 0.0, 1.8]
Indi 17: Fitness: 48.732121212121214Genotype: [0.0, 0.0, 1.9, 0.0, 0.0, 0.0, 1.2, 0.0, 0.0, 1.2, 0.0, 0.0, 0.0, 1.9]
Indi 18: Fitness: 48.77212121212123Genotype: [0.0, 1.0, 1.2, 0.0, 1.9, 1.1, 1.2, 0.0, 0.0, 0.0, 2.0, 1.3, 0.0, 1.8]
Indi 19: Fitness: 49.292121212121216Genotype: [0.0, 1.0, 1.2, 0.0, 1.9, 1.1, 0.0, 0.0, 0.0, 1.4, 2.0, 1.3, 0.0, 0.0]
Indi 20: Fitness: 49.332121212121216Genotype: [2.0, 1.5, 1.6, 0.0, 1.0, 1.2, 0.0, 1.2, 0.0, 1.4, 2.0, 1.3, 0.0, 1.8]
Indi 21: Fitness: 49.41212121212122Genotype: [0.0, 1.0, 0.0, 1.9, 1.2, 1.0, 1.7, 0.0, 0.0, 0.0, 1.6, 1.3, 0.0, 0.0]
Indi 22: Fitness: 49.49212121212122Genotype: [0.0, 1.0, 1.2, 1.9, 1.2, 1.0, 0.0, 0.0, 0.0, 0.0, 1.6, 1.9, 0.0, 0.0]
Indi 23: Fitness: 49.61212121212122Genotype: [0.0, 1.0, 0.0, 1.5, 1.2, 1.0, 1.7, 0.0, 0.0, 0.0, 0.0, 0.0, 1.1, 0.0]
Indi 24: Fitness: 49.61212121212122Genotype: [0.0, 1.0, 0.0, 1.5, 1.2, 1.5, 1.7, 1.6, 0.0, 0.0, 1.6, 1.9, 1.1, 0.0]
Indi 25: Fitness: 49.612121212121224Genotype: [0.0, 0.0, 1.9, 0.0, 0.0, 0.0, 1.8, 0.0, 0.0, 1.2, 1.5, 0.0, 0.0, 1.9]
Indi 26: Fitness: 49.69212121212122Genotype: [0.0, 1.0, 1.2, 1.9, 1.4, 1.0, 1.7, 0.0, 0.0, 0.0, 1.6, 1.9, 1.5, 0.0]
Indi 27: Fitness: 49.73212121212122Genotype: [0.0, 1.0, 0.0, 1.0, 1.6, 1.6, 1.2, 0.0, 0.0, 0.0, 1.3, 1.9, 1.9, 0.0]
Indi 28: Fitness: 49.93212121212122Genotype: [0.0, 1.0, 1.2, 1.9, 1.2, 1.0, 1.7, 0.0, 0.0, 0.0, 1.6, 1.9, 0.0, 1.7]
Indi 29: Fitness: 49.972121212121216Genotype: [2.0, 0.0, 1.6, 0.0, 1.9, 1.7, 1.0, 0.0, 0.0, 1.4, 2.0, 1.8, 0.0, 1.8]
Indi 30: Fitness: 49.97212121212122Genotype: [2.0, 0.0, 1.6, 0.0, 1.0, 1.6, 0.0, 0.0, 0.0, 1.4, 2.0, 1.3, 0.0, 1.8]
Indi 31: Fitness: 49.97212121212122Genotype: [0.0, 1.0, 0.0, 1.5, 1.6, 1.6, 1.2, 0.0, 0.0, 0.0, 1.3, 1.9, 1.2, 0.0]
Indi 32: Fitness: 50.05212121212123Genotype: [2.0, 0.0, 0.0, 0.0, 0.0, 0.0, 1.8, 0.0, 0.0, 1.2, 0.0, 0.0, 0.0, 1.9]
Indi 33: Fitness: 50.332121212121216Genotype: [2.0, 0.0, 1.6, 0.0, 1.0, 1.2, 0.0, 0.0, 0.0, 1.4, 2.0, 1.3, 0.0, 1.8]
Indi 34: Fitness: 50.532121212121226Genotype: [0.0, 0.0, 1.6, 0.0, 1.9, 2.0, 1.0, 0.0, 0.0, 1.4, 2.0, 1.0, 0.0, 1.8]
Indi 35: Fitness: 50.69212121212122Genotype: [0.0, 1.0, 0.0, 1.5, 1.6, 1.6, 1.2, 0.0, 0.0, 0.0, 1.3, 1.9, 1.2, 0.0]
Indi 36: Fitness: 50.732121212121214Genotype: [0.0, 0.0, 0.0, 0.0, 0.0, 0.0, 1.8, 0.0, 0.0, 1.2, 1.2, 0.0, 0.0, 1.9]
Indi 37: Fitness: 50.77212121212122Genotype: [0.0, 1.0, 0.0, 1.9, 1.2, 0.0, 1.7, 0.0, 0.0, 1.9, 1.6, 1.9, 1.5, 0.0]
Indi 38: Fitness: 51.41212121212122Genotype: [0.0, 1.0, 0.0, 1.5, 1.2, 1.0, 1.7, 0.0, 0.0, 0.0, 1.6, 1.9, 1.1, 0.0]
Indi 39: Fitness: 51.85212121212122Genotype: [0.0, 1.0, 0.0, 1.5, 1.6, 1.6, 1.2, 0.0, 1.0, 0.0, 1.3, 0.0, 1.2, 0.0]
Indi 40: Fitness: 52.45212121212122Genotype: [0.0, 1.0, 1.6, 0.0, 1.9, 1.1, 1.0, 0.0, 0.0, 1.4, 2.0, 1.0, 0.0, 1.8]
Indi 41: Fitness: 52.49212121212122Genotype: [0.0, 1.0, 0.0, 1.5, 1.6, 1.6, 1.2, 0.0, 0.0, 0.0, 1.3, 1.9, 1.2, 0.0]
Indi 42: Fitness: 52.532121212121226Genotype: [0.0, 1.0, 1.2, 0.0, 1.9, 1.1, 0.0, 0.0, 0.0, 1.4, 2.0, 1.3, 0.0, 1.8]
Indi 43: Fitness: 52.612121212121224Genotype: [2.0, 0.0, 1.6, 0.0, 1.0, 1.2, 0.0, 0.0, 0.0, 1.4, 2.0, 1.3, 0.0, 1.8]
Indi 44: Fitness: 52.65212121212122Genotype: [0.0, 1.0, 0.0, 1.5, 1.2, 1.0, 1.7, 0.0, 0.0, 0.0, 1.6, 1.9, 1.1, 0.0]
Indi 45: Fitness: 52.77212121212121Genotype: [0.0, 1.0, 1.2, 1.9, 1.2, 1.0, 1.7, 0.0, 0.0, 0.0, 1.6, 1.9, 1.5, 0.0]
Indi 46: Fitness: 52.77212121212121Genotype: [0.0, 1.0, 0.0, 0.0, 0.0, 0.0, 1.8, 0.0, 0.0, 1.2, 0.0, 0.0, 0.0, 1.9]
Indi 47: Fitness: 52.85212121212122Genotype: [2.0, 0.0, 1.6, 0.0, 1.9, 1.1, 1.0, 0.0, 0.0, 1.4, 2.0, 1.0, 0.0, 1.8]
Indi 48: Fitness: 52.972121212121216Genotype: [2.0, 0.0, 1.9, 0.0, 0.0, 0.0, 1.8, 0.0, 0.0, 1.2, 0.0, 0.0, 0.0, 1.9]
Indi 49: Fitness: 53.17212121212121Genotype: [0.0, 1.0, 0.0, 1.9, 1.2, 1.0, 1.7, 0.0, 0.0, 0.0, 1.6, 1.9, 1.5, 0.0]
