INICIO: Sun Jan 28 03:52:23 EST 2018
INDIVIDUALS OF LAST GENERATION: 47
Indi 0: Fitness: 11.77212121212122Genotype: [0.0, 1.0, 0.0, 0.0, 0.0, 0.0, 1.8, 0.0, 0.0, 1.2, 0.0, 0.0, 0.0, 1.9]
Indi 1: Fitness: 16.73212121212122Genotype: [2.0, 0.0, 1.6, 0.0, 1.9, 1.1, 1.0, 0.0, 0.0, 1.4, 1.3, 1.5, 0.0, 1.8]
Indi 2: Fitness: 23.660606060606064Genotype: [0.0, 1.3, 1.2, 1.9, 1.2, 1.0, 1.7, 0.0, 0.0, 0.0, 1.6, 1.9, 1.5, 1.3]
Indi 3: Fitness: 23.81212121212122Genotype: [0.0, 1.4, 1.2, 0.0, 1.9, 1.1, 0.0, 0.0, 0.0, 1.4, 2.0, 1.3, 0.0, 1.8]
Indi 4: Fitness: 25.812121212121223Genotype: [2.0, 1.2, 1.6, 0.0, 1.0, 1.1, 0.0, 0.0, 0.0, 1.4, 2.0, 1.3, 0.0, 1.8]
Indi 5: Fitness: 31.49212121212122Genotype: [0.0, 1.0, 0.0, 0.0, 0.0, 0.0, 1.8, 0.0, 0.0, 0.0, 0.0, 0.0, 0.0, 1.9]
Indi 6: Fitness: 33.292121212121216Genotype: [0.0, 1.0, 0.0, 1.9, 1.2, 1.0, 1.7, 0.0, 0.0, 1.4, 1.6, 1.9, 1.5, 0.0]
Indi 7: Fitness: 34.612121212121224Genotype: [2.0, 0.0, 1.6, 0.0, 1.9, 1.2, 1.0, 0.0, 0.0, 1.4, 1.1, 1.0, 0.0, 1.8]
Indi 8: Fitness: 35.53212121212122Genotype: [1.8, 1.0, 1.2, 1.9, 1.2, 1.0, 1.7, 0.0, 0.0, 0.0, 1.6, 1.9, 1.5, 0.0]
Indi 9: Fitness: 36.85212121212122Genotype: [0.0, 1.0, 0.0, 1.5, 1.2, 1.0, 1.7, 0.0, 0.0, 0.0, 1.6, 1.9, 0.0, 0.0]
Indi 10: Fitness: 37.08121212121212Genotype: [0.0, 1.0, 0.0, 0.0, 1.2, 1.0, 1.7, 0.0, 1.4, 0.0, 1.6, 1.9, 1.4, 1.3]
Indi 11: Fitness: 38.143434343434336Genotype: [0.0, 1.0, 0.0, 0.0, 1.2, 1.0, 1.7, 0.0, 0.0, 0.0, 1.6, 1.9, 1.4, 1.2]
Indi 12: Fitness: 40.05212121212122Genotype: [0.0, 1.0, 0.0, 1.9, 1.2, 1.0, 0.0, 0.0, 0.0, 0.0, 1.6, 1.9, 1.5, 0.0]
Indi 13: Fitness: 40.57212121212122Genotype: [2.0, 1.5, 1.9, 0.0, 0.0, 0.0, 1.8, 0.0, 0.0, 1.2, 0.0, 0.0, 0.0, 1.9]
Indi 14: Fitness: 41.97212121212122Genotype: [2.0, 0.0, 1.9, 0.0, 0.0, 0.0, 1.8, 1.3, 0.0, 1.2, 0.0, 0.0, 0.0, 1.9]
Indi 15: Fitness: 43.85212121212122Genotype: [0.0, 1.0, 1.6, 0.0, 1.9, 1.1, 1.0, 0.0, 0.0, 1.4, 2.0, 1.0, 0.0, 1.8]
Indi 16: Fitness: 44.69212121212122Genotype: [0.0, 1.0, 1.6, 0.0, 1.9, 1.1, 1.0, 0.0, 0.0, 1.4, 2.0, 1.0, 0.0, 1.8]
Indi 17: Fitness: 47.652121212121216Genotype: [0.0, 1.0, 1.2, 0.0, 1.9, 0.0, 0.0, 0.0, 0.0, 1.4, 2.0, 1.3, 0.0, 1.8]
Indi 18: Fitness: 47.77212121212122Genotype: [0.0, 1.0, 0.0, 1.5, 1.6, 1.6, 1.2, 0.0, 0.0, 0.0, 1.3, 0.0, 0.0, 0.0]
Indi 19: Fitness: 48.45212121212122Genotype: [2.0, 0.0, 1.6, 0.0, 1.0, 1.2, 0.0, 1.3, 0.0, 1.4, 2.0, 1.3, 0.0, 1.8]
Indi 20: Fitness: 48.85212121212122Genotype: [0.0, 1.9, 0.0, 1.5, 1.6, 1.6, 1.2, 0.0, 0.0, 0.0, 1.3, 1.9, 1.2, 0.0]
Indi 21: Fitness: 49.17212121212121Genotype: [0.0, 1.0, 0.0, 1.5, 1.6, 1.6, 1.2, 0.0, 0.0, 0.0, 1.3, 1.9, 1.2, 0.0]
Indi 22: Fitness: 49.292121212121216Genotype: [2.0, 0.0, 1.6, 0.0, 1.9, 1.1, 1.0, 0.0, 0.0, 1.4, 2.0, 1.0, 0.0, 1.8]
Indi 23: Fitness: 49.41212121212122Genotype: [2.0, 0.0, 1.2, 1.9, 1.2, 1.0, 1.7, 0.0, 0.0, 0.0, 1.6, 1.9, 1.5, 0.0]
Indi 24: Fitness: 49.570505050505055Genotype: [2.0, 0.0, 1.9, 0.0, 0.0, 0.0, 1.8, 0.0, 0.0, 1.2, 0.0, 0.0, 2.0, 0.0]
Indi 25: Fitness: 49.61212121212122Genotype: [0.0, 1.0, 0.0, 1.5, 1.6, 1.6, 1.2, 0.0, 0.0, 0.0, 1.3, 1.9, 1.2, 0.0]
Indi 26: Fitness: 49.692121212121215Genotype: [2.0, 0.0, 1.6, 0.0, 1.9, 1.1, 1.1, 0.0, 0.0, 1.4, 2.0, 1.0, 0.0, 0.0]
Indi 27: Fitness: 49.77212121212122Genotype: [0.0, 1.0, 0.0, 1.6, 1.2, 1.0, 1.7, 0.0, 0.0, 0.0, 1.6, 1.9, 1.1, 0.0]
Indi 28: Fitness: 49.81212121212122Genotype: [0.0, 1.0, 0.0, 1.5, 1.6, 1.6, 1.2, 0.0, 1.6, 0.0, 1.3, 1.9, 1.2, 0.0]
Indi 29: Fitness: 49.81212121212123Genotype: [0.0, 1.0, 0.0, 0.0, 1.2, 1.0, 1.6, 0.0, 0.0, 0.0, 1.6, 1.9, 1.4, 0.0]
Indi 30: Fitness: 49.97212121212122Genotype: [1.9, 1.0, 0.0, 1.9, 0.0, 1.0, 1.7, 0.0, 0.0, 0.0, 1.6, 1.9, 1.5, 0.0]
Indi 31: Fitness: 50.05212121212122Genotype: [0.0, 1.0, 0.0, 0.0, 0.0, 0.0, 1.8, 0.0, 0.0, 1.2, 0.0, 0.0, 0.0, 1.9]
Indi 32: Fitness: 50.13212121212122Genotype: [0.0, 1.0, 0.0, 0.0, 1.2, 1.0, 1.7, 0.0, 0.0, 0.0, 1.6, 1.9, 1.4, 0.0]
Indi 33: Fitness: 50.25212121212122Genotype: [0.0, 1.0, 0.0, 0.0, 0.0, 0.0, 1.8, 0.0, 0.0, 1.2, 0.0, 0.0, 0.0, 0.0]
Indi 34: Fitness: 50.332121212121216Genotype: [2.0, 0.0, 0.0, 0.0, 1.2, 1.0, 1.7, 0.0, 0.0, 0.0, 1.6, 1.9, 1.4, 0.0]
Indi 35: Fitness: 51.052121212121214Genotype: [2.0, 0.0, 1.6, 0.0, 1.0, 1.7, 0.0, 1.3, 0.0, 1.4, 2.0, 1.3, 0.0, 1.8]
Indi 36: Fitness: 51.21212121212121Genotype: [0.0, 1.0, 0.0, 1.5, 1.2, 1.0, 0.0, 0.0, 0.0, 0.0, 1.6, 1.9, 1.1, 0.0]
Indi 37: Fitness: 51.372121212121215Genotype: [0.0, 1.0, 1.4, 1.9, 1.2, 1.0, 1.7, 0.0, 0.0, 0.0, 0.0, 1.9, 1.5, 0.0]
Indi 38: Fitness: 51.57212121212122Genotype: [0.0, 1.0, 0.0, 1.5, 1.2, 1.0, 1.7, 0.0, 0.0, 0.0, 1.6, 1.9, 1.1, 0.0]
Indi 39: Fitness: 52.17212121212121Genotype: [0.0, 1.0, 1.2, 0.0, 1.9, 1.1, 0.0, 1.2, 0.0, 1.4, 2.0, 1.3, 0.0, 1.8]
Indi 40: Fitness: 52.49212121212122Genotype: [0.0, 1.0, 0.0, 1.5, 1.6, 1.6, 1.2, 0.0, 0.0, 0.0, 1.3, 1.9, 1.2, 0.0]
Indi 41: Fitness: 52.532121212121226Genotype: [0.0, 1.0, 1.2, 0.0, 1.9, 1.1, 0.0, 0.0, 0.0, 1.4, 2.0, 1.3, 0.0, 1.8]
Indi 42: Fitness: 52.612121212121224Genotype: [2.0, 0.0, 1.6, 0.0, 1.0, 1.2, 0.0, 0.0, 0.0, 1.4, 2.0, 1.3, 0.0, 1.8]
Indi 43: Fitness: 52.65212121212122Genotype: [0.0, 1.0, 0.0, 1.5, 1.2, 1.0, 1.7, 0.0, 0.0, 0.0, 1.6, 1.9, 1.1, 0.0]
Indi 44: Fitness: 52.65212121212122Genotype: [0.0, 1.0, 0.0, 0.0, 1.2, 1.0, 1.7, 0.0, 0.0, 0.0, 1.6, 1.9, 1.4, 0.0]
Indi 45: Fitness: 52.77212121212121Genotype: [0.0, 1.0, 1.2, 1.9, 1.2, 1.0, 1.7, 0.0, 0.0, 0.0, 1.6, 1.9, 1.5, 0.0]
Indi 46: Fitness: 52.77212121212121Genotype: [0.0, 1.0, 0.0, 0.0, 0.0, 0.0, 1.8, 0.0, 0.0, 1.2, 0.0, 0.0, 0.0, 1.9]
Indi 47: Fitness: 52.85212121212122Genotype: [2.0, 0.0, 1.6, 0.0, 1.9, 1.1, 1.0, 0.0, 0.0, 1.4, 2.0, 1.0, 0.0, 1.8]
Indi 48: Fitness: 52.972121212121216Genotype: [2.0, 0.0, 1.9, 0.0, 0.0, 0.0, 1.8, 0.0, 0.0, 1.2, 0.0, 0.0, 0.0, 1.9]
Indi 49: Fitness: 53.17212121212121Genotype: [0.0, 1.0, 0.0, 1.9, 1.2, 1.0, 1.7, 0.0, 0.0, 0.0, 1.6, 1.9, 1.5, 0.0]
