INICIO: Sat Jan 27 22:45:11 EST 2018
INDIVIDUALS OF LAST GENERATION: 8
Indi 0: Fitness: 9.892121212121221Genotype: [0.0, 1.5, 1.9, 0.0, 1.8, 0.0, 1.8, 0.0, 1.6, 1.2, 0.0, 0.0, 0.0, 0.0]
Indi 1: Fitness: 16.69212121212122Genotype: [0.0, 1.5, 1.7, 0.0, 1.4, 0.0, 1.7, 0.0, 0.0, 1.4, 0.0, 1.8, 0.0, 1.5]
Indi 2: Fitness: 18.45212121212122Genotype: [0.0, 1.5, 0.0, 0.0, 1.9, 1.1, 0.0, 0.0, 0.0, 1.4, 2.0, 1.3, 0.0, 1.8]
Indi 3: Fitness: 18.81212121212122Genotype: [0.0, 1.7, 0.0, 1.5, 1.6, 1.0, 1.7, 0.0, 0.0, 0.0, 1.5, 1.9, 1.1, 0.0]
Indi 4: Fitness: 24.45212121212122Genotype: [0.0, 1.0, 0.0, 1.5, 1.6, 1.0, 0.0, 0.0, 0.0, 0.0, 1.3, 1.9, 1.1, 0.0]
Indi 5: Fitness: 24.73212121212122Genotype: [0.0, 1.0, 0.0, 1.7, 1.2, 1.0, 1.7, 0.0, 1.0, 0.0, 1.3, 1.9, 1.1, 0.0]
Indi 6: Fitness: 25.77212121212122Genotype: [0.0, 1.0, 0.0, 1.9, 1.2, 0.0, 0.0, 0.0, 0.0, 0.0, 1.3, 1.9, 1.3, 0.0]
Indi 7: Fitness: 25.852121212121222Genotype: [0.0, 1.6, 0.0, 1.5, 1.2, 1.0, 1.7, 1.1, 0.0, 0.0, 1.3, 1.9, 1.1, 0.0]
Indi 8: Fitness: 26.53212121212122Genotype: [0.0, 1.0, 0.0, 1.5, 1.2, 0.0, 1.7, 0.0, 1.2, 0.0, 1.3, 1.8, 1.1, 0.0]
Indi 9: Fitness: 30.852121212121222Genotype: [0.0, 1.0, 0.0, 0.0, 0.0, 0.0, 1.7, 0.0, 0.0, 1.4, 0.0, 1.8, 0.0, 1.5]
Indi 10: Fitness: 33.21212121212122Genotype: [0.0, 0.0, 0.0, 0.0, 1.9, 1.1, 0.0, 0.0, 0.0, 1.4, 2.0, 0.0, 0.0, 1.8]
Indi 11: Fitness: 33.21212121212123Genotype: [2.0, 0.0, 1.6, 0.0, 1.9, 1.1, 0.0, 0.0, 1.6, 1.4, 0.0, 1.3, 0.0, 1.8]
Indi 12: Fitness: 35.052121212121214Genotype: [0.0, 0.0, 0.0, 0.0, 0.0, 1.2, 1.2, 1.2, 1.9, 1.7, 1.7, 0.0, 1.8, 1.0]
Indi 13: Fitness: 36.01212121212122Genotype: [2.0, 0.0, 1.6, 0.0, 1.9, 1.1, 0.0, 0.0, 0.0, 1.4, 2.0, 1.3, 0.0, 1.8]
Indi 14: Fitness: 36.30222222222223Genotype: [0.0, 1.5, 1.9, 0.0, 1.3, 1.2, 1.2, 0.0, 1.9, 1.7, 1.7, 0.0, 1.8, 1.0]
Indi 15: Fitness: 37.89212121212122Genotype: [0.0, 1.0, 0.0, 1.5, 1.2, 0.0, 1.7, 0.0, 1.4, 0.0, 1.3, 0.0, 1.1, 0.0]
Indi 16: Fitness: 39.05212121212122Genotype: [2.0, 0.0, 1.6, 0.0, 1.9, 1.1, 0.0, 0.0, 1.8, 1.4, 2.0, 0.0, 0.0, 1.8]
Indi 17: Fitness: 42.612121212121224Genotype: [0.0, 1.0, 0.0, 1.9, 1.2, 0.0, 0.0, 0.0, 1.2, 0.0, 1.3, 1.9, 1.1, 0.0]
Indi 18: Fitness: 43.412121212121214Genotype: [0.0, 1.0, 0.0, 1.9, 1.2, 0.0, 0.0, 0.0, 0.0, 0.0, 1.3, 0.0, 1.1, 0.0]
Indi 19: Fitness: 47.292121212121216Genotype: [0.0, 1.5, 1.9, 0.0, 1.8, 0.0, 1.8, 0.0, 1.6, 1.2, 0.0, 0.0, 0.0, 1.9]
Indi 20: Fitness: 47.53212121212122Genotype: [0.0, 1.0, 0.0, 0.0, 0.0, 0.0, 1.7, 0.0, 0.0, 1.4, 0.0, 1.8, 0.0, 1.5]
Indi 21: Fitness: 47.93212121212122Genotype: [0.0, 1.0, 0.0, 1.5, 1.6, 1.0, 1.7, 0.0, 0.0, 0.0, 1.3, 1.9, 1.1, 0.0]
Indi 22: Fitness: 48.012121212121215Genotype: [0.0, 1.0, 0.0, 0.0, 1.9, 1.1, 0.0, 0.0, 0.0, 1.4, 2.0, 1.3, 0.0, 1.8]
Indi 23: Fitness: 48.33212121212123Genotype: [0.0, 0.0, 0.0, 1.5, 1.2, 1.0, 1.7, 1.8, 0.0, 0.0, 1.3, 1.9, 1.1, 0.0]
Indi 24: Fitness: 48.41212121212122Genotype: [0.0, 0.0, 0.0, 0.0, 1.3, 1.2, 1.2, 0.0, 1.9, 1.8, 1.7, 0.0, 1.8, 0.0]
Indi 25: Fitness: 48.57212121212122Genotype: [0.0, 1.1, 0.0, 0.0, 0.0, 1.1, 1.7, 0.0, 0.0, 1.4, 0.0, 1.8, 0.0, 1.5]
Indi 26: Fitness: 48.89212121212122Genotype: [0.0, 0.0, 0.0, 0.0, 1.3, 1.3, 1.2, 1.6, 1.9, 1.7, 1.7, 0.0, 1.8, 1.0]
Indi 27: Fitness: 49.092121212121214Genotype: [2.0, 0.0, 0.0, 1.5, 1.2, 0.0, 1.7, 0.0, 1.2, 0.0, 1.3, 1.9, 1.1, 0.0]
Indi 28: Fitness: 49.372121212121215Genotype: [2.0, 0.0, 1.5, 0.0, 1.9, 1.1, 0.0, 0.0, 0.0, 1.4, 2.0, 1.3, 0.0, 1.8]
Indi 29: Fitness: 49.69212121212122Genotype: [0.0, 0.0, 0.0, 0.0, 1.6, 1.0, 1.7, 0.0, 0.0, 0.0, 1.3, 1.9, 1.1, 0.0]
Indi 30: Fitness: 49.93212121212122Genotype: [0.0, 0.0, 1.6, 0.0, 1.9, 1.1, 0.0, 0.0, 0.0, 1.4, 2.0, 0.0, 0.0, 1.8]
Indi 31: Fitness: 50.01212121212122Genotype: [2.0, 0.0, 1.6, 0.0, 1.9, 1.4, 0.0, 0.0, 0.0, 1.4, 2.0, 1.3, 0.0, 0.0]
Indi 32: Fitness: 50.09212121212123Genotype: [0.0, 1.0, 1.7, 1.5, 1.2, 0.0, 1.7, 0.0, 1.2, 0.0, 1.3, 1.9, 1.1, 0.0]
Indi 33: Fitness: 50.172121212121226Genotype: [0.0, 1.0, 0.0, 0.0, 1.9, 1.1, 0.0, 0.0, 0.0, 1.4, 2.0, 1.3, 0.0, 1.8]
Indi 34: Fitness: 50.69212121212122Genotype: [0.0, 1.0, 0.0, 1.9, 1.2, 0.0, 0.0, 0.0, 1.2, 0.0, 1.3, 1.9, 1.1, 1.1]
Indi 35: Fitness: 50.85212121212122Genotype: [0.0, 0.0, 1.6, 0.0, 1.9, 1.1, 0.0, 0.0, 0.0, 1.4, 2.0, 1.3, 0.0, 1.8]
Indi 36: Fitness: 51.012121212121215Genotype: [0.0, 1.5, 1.9, 0.0, 1.8, 0.0, 1.8, 0.0, 1.6, 1.2, 0.0, 0.0, 0.0, 0.0]
Indi 37: Fitness: 51.13212121212123Genotype: [2.0, 0.0, 0.0, 1.9, 1.2, 0.0, 0.0, 0.0, 1.2, 0.0, 1.3, 1.9, 1.1, 0.0]
Indi 38: Fitness: 51.252121212121224Genotype: [0.0, 1.0, 0.0, 0.0, 1.9, 1.1, 0.0, 0.0, 0.0, 1.4, 2.0, 1.3, 0.0, 1.8]
Indi 39: Fitness: 51.292121212121216Genotype: [0.0, 1.5, 0.0, 0.0, 0.0, 0.0, 1.7, 0.0, 0.0, 1.4, 0.0, 1.3, 0.0, 1.5]
Indi 40: Fitness: 51.372121212121215Genotype: [0.0, 0.0, 0.0, 0.0, 1.3, 1.2, 1.2, 0.0, 1.9, 1.7, 1.7, 0.0, 1.8, 1.0]
Indi 41: Fitness: 51.372121212121215Genotype: [0.0, 1.0, 0.0, 1.5, 1.2, 0.0, 1.7, 0.0, 1.2, 0.0, 1.3, 1.9, 1.1, 0.0]
Indi 42: Fitness: 51.45212121212122Genotype: [0.0, 1.0, 0.0, 1.9, 1.2, 0.0, 0.0, 0.0, 1.2, 0.0, 1.3, 1.9, 1.1, 0.0]
Indi 43: Fitness: 51.53212121212122Genotype: [0.0, 1.5, 0.0, 0.0, 0.0, 0.0, 1.7, 0.0, 0.0, 1.4, 0.0, 1.8, 0.0, 1.5]
Indi 44: Fitness: 51.532121212121226Genotype: [2.0, 0.0, 1.6, 0.0, 1.9, 1.1, 0.0, 0.0, 0.0, 1.4, 2.0, 1.3, 0.0, 1.8]
Indi 45: Fitness: 51.612121212121224Genotype: [0.0, 1.5, 1.9, 0.0, 1.8, 0.0, 1.8, 0.0, 1.6, 1.2, 0.0, 0.0, 0.0, 1.9]
Indi 46: Fitness: 51.732121212121214Genotype: [0.0, 1.0, 0.0, 1.5, 1.6, 1.0, 1.7, 0.0, 0.0, 0.0, 1.3, 1.9, 1.1, 0.0]
Indi 47: Fitness: 51.89212121212122Genotype: [2.0, 0.0, 1.6, 0.0, 1.9, 1.1, 0.0, 0.0, 0.0, 1.4, 2.0, 1.3, 0.0, 1.8]
Indi 48: Fitness: 51.93212121212122Genotype: [0.0, 1.0, 0.0, 0.0, 1.9, 1.1, 0.0, 0.0, 0.0, 1.4, 2.0, 1.3, 0.0, 1.8]
Indi 49: Fitness: 52.01212121212122Genotype: [0.0, 1.0, 0.0, 1.5, 1.2, 1.0, 1.7, 0.0, 0.0, 0.0, 1.3, 1.9, 1.1, 0.0]
