INICIO: Sat Jan 27 23:35:01 EST 2018
INDIVIDUALS OF LAST GENERATION: 13
Indi 0: Fitness: 7.252121212121222Genotype: [0.0, 1.7, 0.0, 1.5, 1.2, 1.0, 1.3, 0.0, 0.0, 0.0, 1.3, 1.9, 1.1, 0.0]
Indi 1: Fitness: 23.012121212121222Genotype: [2.0, 0.0, 1.6, 0.0, 1.3, 1.1, 0.0, 0.0, 0.0, 1.4, 2.0, 1.7, 0.0, 1.8]
Indi 2: Fitness: 24.572121212121214Genotype: [0.0, 1.5, 1.9, 0.0, 1.8, 0.0, 1.8, 0.0, 1.6, 1.2, 0.0, 0.0, 0.0, 1.6]
Indi 3: Fitness: 24.69212121212122Genotype: [0.0, 1.0, 0.0, 0.0, 1.9, 1.4, 0.0, 0.0, 0.0, 1.4, 2.0, 1.3, 0.0, 0.0]
Indi 4: Fitness: 24.932121212121217Genotype: [2.0, 0.0, 1.6, 0.0, 1.9, 1.1, 0.0, 0.0, 0.0, 1.4, 2.0, 1.3, 0.0, 1.8]
Indi 5: Fitness: 35.052121212121214Genotype: [0.0, 1.5, 1.9, 0.0, 1.9, 1.1, 0.0, 0.0, 0.0, 1.4, 2.0, 1.3, 0.0, 1.8]
Indi 6: Fitness: 35.30060606060606Genotype: [0.0, 1.0, 0.0, 0.0, 1.9, 1.1, 1.6, 0.0, 0.0, 1.4, 2.0, 1.3, 1.4, 1.8]
Indi 7: Fitness: 36.09212121212122Genotype: [2.0, 0.0, 1.6, 0.0, 1.1, 1.2, 0.0, 0.0, 0.0, 1.4, 2.0, 1.3, 0.0, 1.8]
Indi 8: Fitness: 36.81212121212123Genotype: [2.0, 0.0, 1.6, 0.0, 1.0, 1.2, 0.0, 0.0, 0.0, 1.4, 2.0, 1.3, 0.0, 1.8]
Indi 9: Fitness: 36.9450505050505Genotype: [0.0, 1.0, 0.0, 1.5, 1.2, 1.0, 1.7, 0.0, 0.0, 0.0, 1.3, 1.9, 1.1, 1.3]
Indi 10: Fitness: 37.97212121212122Genotype: [0.0, 1.0, 0.0, 1.7, 1.6, 1.0, 1.7, 0.0, 0.0, 0.0, 1.3, 1.2, 1.1, 0.0]
Indi 11: Fitness: 39.65212121212122Genotype: [2.0, 0.0, 1.7, 0.0, 1.0, 1.2, 0.0, 0.0, 0.0, 1.4, 1.5, 1.3, 0.0, 1.8]
Indi 12: Fitness: 46.69212121212122Genotype: [0.0, 1.3, 1.9, 0.0, 0.0, 0.0, 1.8, 0.0, 0.0, 1.2, 0.0, 0.0, 0.0, 1.9]
Indi 13: Fitness: 48.61212121212122Genotype: [0.0, 1.0, 0.0, 0.0, 1.9, 1.0, 0.0, 0.0, 0.0, 1.4, 2.0, 1.8, 0.0, 1.8]
Indi 14: Fitness: 48.932121212121224Genotype: [0.0, 1.5, 0.0, 0.0, 0.0, 0.0, 1.7, 0.0, 0.0, 1.4, 0.0, 1.8, 0.0, 1.5]
Indi 15: Fitness: 49.01212121212122Genotype: [0.0, 1.0, 0.0, 1.5, 1.2, 1.0, 0.0, 0.0, 0.0, 0.0, 1.3, 1.9, 1.1, 0.0]
Indi 16: Fitness: 49.09212121212122Genotype: [0.0, 1.0, 0.0, 0.0, 1.9, 1.1, 0.0, 0.0, 0.0, 1.4, 0.0, 1.3, 0.0, 1.8]
Indi 17: Fitness: 49.292121212121216Genotype: [2.0, 0.0, 1.6, 0.0, 1.9, 1.6, 0.0, 0.0, 0.0, 1.4, 2.0, 1.3, 0.0, 1.8]
Indi 18: Fitness: 49.33212121212122Genotype: [0.0, 1.0, 0.0, 1.5, 1.5, 1.0, 1.7, 0.0, 0.0, 0.0, 1.3, 1.9, 1.1, 0.0]
Indi 19: Fitness: 49.33212121212122Genotype: [0.0, 1.5, 0.0, 0.0, 0.0, 0.0, 1.7, 0.0, 0.0, 1.4, 0.0, 1.8, 0.0, 1.0]
Indi 20: Fitness: 49.41212121212122Genotype: [0.0, 1.5, 1.9, 0.0, 1.8, 0.0, 1.8, 0.0, 1.6, 1.2, 1.5, 0.0, 0.0, 1.9]
Indi 21: Fitness: 49.45212121212121Genotype: [0.0, 1.0, 0.0, 0.0, 1.9, 1.1, 0.0, 0.0, 0.0, 1.4, 2.0, 1.3, 0.0, 1.8]
Indi 22: Fitness: 49.49212121212122Genotype: [0.0, 1.5, 1.9, 0.0, 0.0, 0.0, 1.8, 0.0, 0.0, 1.2, 0.0, 0.0, 0.0, 1.9]
Indi 23: Fitness: 49.612121212121224Genotype: [2.0, 0.0, 1.6, 0.0, 1.9, 1.1, 0.0, 1.8, 0.0, 1.4, 0.0, 1.3, 0.0, 1.8]
Indi 24: Fitness: 49.69212121212122Genotype: [1.8, 1.5, 0.0, 0.0, 0.0, 0.0, 1.7, 0.0, 0.0, 1.4, 0.0, 1.8, 0.0, 1.5]
Indi 25: Fitness: 49.85212121212122Genotype: [2.0, 0.0, 1.6, 0.0, 1.0, 1.2, 0.0, 0.0, 0.0, 1.4, 2.0, 1.3, 0.0, 1.2]
Indi 26: Fitness: 50.05212121212122Genotype: [0.0, 1.5, 1.9, 0.0, 0.0, 0.0, 1.8, 0.0, 0.0, 1.2, 0.0, 0.0, 0.0, 1.9]
Indi 27: Fitness: 50.13212121212122Genotype: [0.0, 1.5, 1.9, 0.0, 1.9, 1.1, 0.0, 0.0, 0.0, 1.4, 2.0, 1.3, 0.0, 1.8]
Indi 28: Fitness: 50.17212121212122Genotype: [0.0, 1.0, 0.0, 1.5, 1.6, 1.0, 1.7, 0.0, 1.7, 1.8, 1.3, 1.9, 1.1, 0.0]
Indi 29: Fitness: 50.172121212121226Genotype: [0.0, 1.5, 1.9, 0.0, 0.0, 0.0, 1.8, 0.0, 0.0, 1.2, 0.0, 0.0, 0.0, 1.9]
Indi 30: Fitness: 50.252121212121224Genotype: [2.0, 0.0, 1.6, 0.0, 0.0, 1.1, 0.0, 0.0, 0.0, 1.4, 2.0, 1.3, 0.0, 1.8]
Indi 31: Fitness: 50.292121212121216Genotype: [2.0, 0.0, 1.9, 0.0, 1.8, 0.0, 1.8, 0.0, 1.6, 1.2, 0.0, 0.0, 0.0, 1.9]
Indi 32: Fitness: 50.61212121212122Genotype: [0.0, 1.0, 0.0, 0.0, 1.9, 1.1, 0.0, 0.0, 0.0, 1.4, 1.7, 1.3, 0.0, 1.7]
Indi 33: Fitness: 50.65212121212121Genotype: [0.0, 1.0, 0.0, 0.0, 0.0, 0.0, 1.8, 0.0, 0.0, 1.2, 0.0, 0.0, 0.0, 1.9]
Indi 34: Fitness: 50.65212121212122Genotype: [0.0, 1.0, 0.0, 0.0, 1.9, 1.5, 0.0, 0.0, 0.0, 1.4, 2.0, 1.3, 0.0, 1.8]
Indi 35: Fitness: 50.732121212121214Genotype: [0.0, 1.0, 0.0, 1.5, 1.2, 1.0, 1.7, 0.0, 0.0, 0.0, 1.3, 1.9, 1.1, 0.0]
Indi 36: Fitness: 51.53212121212122Genotype: [0.0, 1.5, 0.0, 0.0, 0.0, 0.0, 1.7, 0.0, 0.0, 1.4, 0.0, 1.8, 0.0, 1.5]
Indi 37: Fitness: 51.532121212121226Genotype: [2.0, 0.0, 1.6, 0.0, 1.9, 1.1, 0.0, 0.0, 0.0, 1.4, 2.0, 1.3, 0.0, 1.8]
Indi 38: Fitness: 51.61212121212121Genotype: [0.0, 1.0, 0.0, 1.5, 1.6, 1.0, 1.7, 0.0, 0.0, 0.0, 1.3, 1.9, 1.1, 0.0]
Indi 39: Fitness: 51.612121212121224Genotype: [0.0, 1.5, 1.9, 0.0, 1.8, 0.0, 1.8, 0.0, 1.6, 1.2, 0.0, 0.0, 0.0, 1.9]
Indi 40: Fitness: 51.732121212121214Genotype: [0.0, 1.0, 0.0, 1.5, 1.6, 1.0, 1.7, 0.0, 0.0, 0.0, 1.3, 1.9, 1.1, 0.0]
Indi 41: Fitness: 51.81212121212123Genotype: [0.0, 1.5, 1.9, 0.0, 0.0, 0.0, 1.8, 0.0, 0.0, 1.2, 0.0, 0.0, 0.0, 1.9]
Indi 42: Fitness: 51.89212121212122Genotype: [2.0, 0.0, 1.6, 0.0, 1.9, 1.1, 0.0, 0.0, 0.0, 1.4, 2.0, 1.3, 0.0, 1.8]
Indi 43: Fitness: 51.89212121212122Genotype: [0.0, 0.0, 1.9, 0.0, 0.0, 0.0, 1.8, 0.0, 0.0, 1.2, 0.0, 0.0, 0.0, 1.9]
Indi 44: Fitness: 51.93212121212122Genotype: [0.0, 1.0, 0.0, 0.0, 1.9, 1.1, 0.0, 0.0, 0.0, 1.4, 2.0, 1.3, 0.0, 1.8]
Indi 45: Fitness: 51.972121212121216Genotype: [0.0, 1.0, 0.0, 0.0, 1.9, 1.1, 0.0, 0.0, 0.0, 1.4, 2.0, 1.3, 0.0, 1.8]
Indi 46: Fitness: 52.01212121212122Genotype: [0.0, 1.0, 0.0, 1.5, 1.2, 1.0, 1.7, 0.0, 0.0, 0.0, 1.3, 1.9, 1.1, 0.0]
Indi 47: Fitness: 52.612121212121224Genotype: [2.0, 0.0, 1.6, 0.0, 1.0, 1.2, 0.0, 0.0, 0.0, 1.4, 2.0, 1.3, 0.0, 1.8]
Indi 48: Fitness: 52.85212121212122Genotype: [2.0, 0.0, 1.6, 0.0, 1.9, 1.1, 1.0, 0.0, 0.0, 1.4, 2.0, 1.0, 0.0, 1.8]
Indi 49: Fitness: 52.972121212121216Genotype: [2.0, 0.0, 1.9, 0.0, 0.0, 0.0, 1.8, 0.0, 0.0, 1.2, 0.0, 0.0, 0.0, 1.9]
