INICIO: Sun Jan 28 03:17:38 EST 2018
INDIVIDUALS OF LAST GENERATION: 42
Indi 0: Fitness: 26.252121212121228Genotype: [0.0, 0.0, 1.2, 1.9, 1.2, 1.0, 0.0, 0.0, 0.0, 0.0, 1.6, 1.9, 1.5, 0.0]
Indi 1: Fitness: 29.691313131313137Genotype: [0.0, 1.0, 0.0, 1.5, 1.6, 1.6, 1.2, 0.0, 0.0, 0.0, 1.3, 0.0, 1.2, 1.3]
Indi 2: Fitness: 30.532121212121222Genotype: [0.0, 1.0, 1.2, 1.5, 1.2, 1.0, 1.7, 0.0, 0.0, 1.1, 1.6, 1.9, 1.1, 0.0]
Indi 3: Fitness: 31.532121212121222Genotype: [2.0, 0.0, 1.6, 0.0, 1.0, 0.0, 0.0, 0.0, 0.0, 1.4, 2.0, 1.3, 0.0, 1.8]
Indi 4: Fitness: 35.012121212121215Genotype: [0.0, 1.0, 0.0, 0.0, 1.5, 0.0, 1.8, 0.0, 0.0, 1.2, 1.1, 0.0, 0.0, 1.9]
Indi 5: Fitness: 35.25212121212122Genotype: [0.0, 1.0, 0.0, 1.7, 0.0, 0.0, 1.5, 0.0, 0.0, 1.2, 0.0, 0.0, 0.0, 1.9]
Indi 6: Fitness: 35.782626262626266Genotype: [0.0, 1.0, 1.2, 1.9, 1.2, 1.0, 1.7, 0.0, 0.0, 0.0, 1.6, 1.9, 1.5, 1.1]
Indi 7: Fitness: 36.09212121212123Genotype: [0.0, 1.0, 1.2, 1.9, 1.2, 1.0, 1.7, 0.0, 0.0, 0.0, 1.6, 1.9, 1.5, 0.0]
Indi 8: Fitness: 36.77212121212122Genotype: [2.0, 0.0, 1.6, 0.0, 1.4, 0.0, 0.0, 0.0, 0.0, 1.4, 2.0, 1.3, 0.0, 1.8]
Indi 9: Fitness: 37.332121212121216Genotype: [0.0, 1.0, 1.6, 0.0, 1.9, 1.1, 1.0, 1.4, 0.0, 1.4, 2.0, 1.0, 0.0, 1.8]
Indi 10: Fitness: 39.49212121212122Genotype: [2.0, 0.0, 1.6, 0.0, 1.9, 1.1, 1.0, 0.0, 0.0, 1.4, 2.0, 0.0, 0.0, 1.8]
Indi 11: Fitness: 41.25212121212122Genotype: [2.0, 0.0, 1.9, 0.0, 0.0, 0.0, 1.8, 0.0, 0.0, 1.2, 0.0, 1.2, 0.0, 1.9]
Indi 12: Fitness: 41.972121212121216Genotype: [0.0, 1.0, 1.2, 0.0, 1.9, 0.0, 0.0, 0.0, 0.0, 1.4, 2.0, 1.3, 0.0, 1.8]
Indi 13: Fitness: 46.292121212121216Genotype: [0.0, 1.0, 1.6, 0.0, 1.9, 1.1, 0.0, 0.0, 0.0, 1.4, 2.0, 1.0, 0.0, 1.8]
Indi 14: Fitness: 47.61212121212122Genotype: [0.0, 1.0, 0.0, 1.5, 1.6, 1.6, 1.2, 0.0, 0.0, 0.0, 1.3, 1.9, 1.2, 0.0]
Indi 15: Fitness: 48.012121212121215Genotype: [0.0, 1.0, 1.6, 0.0, 1.9, 1.1, 1.0, 0.0, 0.0, 1.4, 2.0, 1.0, 0.0, 1.8]
Indi 16: Fitness: 48.57212121212122Genotype: [0.0, 1.0, 1.2, 0.0, 0.0, 0.0, 1.8, 0.0, 0.0, 1.2, 0.0, 0.0, 0.0, 1.9]
Indi 17: Fitness: 48.65212121212122Genotype: [2.0, 0.0, 1.8, 0.0, 0.0, 0.0, 1.8, 0.0, 0.0, 1.2, 0.0, 0.0, 0.0, 1.9]
Indi 18: Fitness: 48.69212121212122Genotype: [0.0, 1.0, 0.0, 1.5, 1.2, 1.5, 1.7, 0.0, 0.0, 0.0, 1.6, 1.9, 1.1, 0.0]
Indi 19: Fitness: 49.01212121212122Genotype: [2.0, 0.0, 1.6, 0.0, 1.9, 1.1, 1.0, 0.0, 0.0, 1.4, 2.0, 1.0, 0.0, 1.8]
Indi 20: Fitness: 49.092121212121214Genotype: [0.0, 1.0, 1.7, 0.0, 0.0, 0.0, 1.8, 0.0, 0.0, 1.6, 0.0, 0.0, 0.0, 1.9]
Indi 21: Fitness: 49.332121212121216Genotype: [0.0, 1.0, 1.2, 1.9, 1.2, 1.0, 1.7, 0.0, 0.0, 0.0, 1.6, 1.9, 1.5, 0.0]
Indi 22: Fitness: 49.65212121212122Genotype: [0.0, 1.0, 1.6, 0.0, 0.0, 1.1, 1.0, 1.7, 0.0, 1.4, 2.0, 1.0, 0.0, 1.8]
Indi 23: Fitness: 49.732121212121214Genotype: [0.0, 1.0, 0.0, 1.5, 1.6, 1.6, 1.3, 0.0, 0.0, 0.0, 1.3, 0.0, 1.2, 0.0]
Indi 24: Fitness: 49.89212121212122Genotype: [2.0, 0.0, 1.6, 0.0, 1.9, 0.0, 1.0, 0.0, 0.0, 1.4, 2.0, 1.0, 0.0, 1.8]
Indi 25: Fitness: 50.012121212121215Genotype: [2.0, 0.0, 1.6, 0.0, 1.0, 1.2, 0.0, 0.0, 0.0, 1.6, 0.0, 1.3, 0.0, 1.8]
Indi 26: Fitness: 50.01212121212122Genotype: [1.2, 1.0, 1.2, 0.0, 1.9, 1.1, 0.0, 0.0, 0.0, 1.4, 2.0, 1.3, 0.0, 0.0]
Indi 27: Fitness: 50.13212121212122Genotype: [2.0, 0.0, 0.0, 1.5, 1.6, 1.6, 1.2, 0.0, 0.0, 0.0, 1.3, 1.9, 1.2, 0.0]
Indi 28: Fitness: 50.13212121212122Genotype: [0.0, 0.0, 1.2, 1.9, 1.2, 1.0, 1.7, 0.0, 0.0, 0.0, 1.6, 1.9, 1.5, 0.0]
Indi 29: Fitness: 50.212121212121225Genotype: [0.0, 1.0, 0.0, 0.0, 0.0, 0.0, 1.8, 0.0, 0.0, 1.2, 0.0, 0.0, 0.0, 1.9]
Indi 30: Fitness: 50.252121212121224Genotype: [0.0, 1.0, 0.0, 2.0, 1.2, 1.0, 1.7, 0.0, 0.0, 0.0, 1.6, 1.9, 1.5, 0.0]
Indi 31: Fitness: 50.252121212121224Genotype: [0.0, 1.0, 0.0, 1.5, 1.2, 1.0, 1.7, 0.0, 0.0, 0.0, 1.6, 1.9, 0.0, 0.0]
Indi 32: Fitness: 50.252121212121224Genotype: [0.0, 1.7, 1.2, 0.0, 1.9, 1.1, 0.0, 0.0, 0.0, 1.4, 2.0, 1.3, 0.0, 1.8]
Indi 33: Fitness: 50.33212121212122Genotype: [0.0, 1.0, 0.0, 1.5, 1.2, 1.0, 1.7, 0.0, 0.0, 0.0, 1.6, 1.9, 1.1, 0.0]
Indi 34: Fitness: 50.45212121212122Genotype: [2.0, 0.0, 1.2, 0.0, 1.9, 1.1, 0.0, 0.0, 0.0, 1.4, 2.0, 1.3, 0.0, 1.8]
Indi 35: Fitness: 50.53212121212122Genotype: [0.0, 1.0, 0.0, 0.0, 0.0, 0.0, 1.8, 0.0, 0.0, 1.2, 0.0, 0.0, 0.0, 1.9]
Indi 36: Fitness: 50.57212121212122Genotype: [2.0, 0.0, 1.6, 0.0, 1.9, 1.1, 1.0, 0.0, 0.0, 1.4, 2.0, 0.0, 0.0, 1.4]
Indi 37: Fitness: 50.85212121212122Genotype: [0.0, 1.0, 0.0, 1.9, 1.9, 1.0, 1.7, 0.0, 0.0, 0.0, 1.6, 1.9, 1.1, 0.0]
Indi 38: Fitness: 51.052121212121214Genotype: [2.0, 0.0, 1.9, 0.0, 0.0, 0.0, 1.8, 0.0, 0.0, 1.2, 0.0, 1.9, 0.0, 1.4]
Indi 39: Fitness: 51.13212121212122Genotype: [0.0, 1.0, 1.6, 0.0, 1.0, 1.2, 0.0, 0.0, 0.0, 1.4, 2.0, 1.3, 0.0, 1.8]
Indi 40: Fitness: 52.45212121212122Genotype: [0.0, 1.0, 1.6, 0.0, 1.9, 1.1, 1.0, 0.0, 0.0, 1.4, 2.0, 1.0, 0.0, 1.8]
Indi 41: Fitness: 52.49212121212122Genotype: [0.0, 1.0, 0.0, 1.5, 1.6, 1.6, 1.2, 0.0, 0.0, 0.0, 1.3, 1.9, 1.2, 0.0]
Indi 42: Fitness: 52.532121212121226Genotype: [0.0, 1.0, 1.2, 0.0, 1.9, 1.1, 0.0, 0.0, 0.0, 1.4, 2.0, 1.3, 0.0, 1.8]
Indi 43: Fitness: 52.612121212121224Genotype: [2.0, 0.0, 1.6, 0.0, 1.0, 1.2, 0.0, 0.0, 0.0, 1.4, 2.0, 1.3, 0.0, 1.8]
Indi 44: Fitness: 52.65212121212122Genotype: [0.0, 1.0, 0.0, 1.5, 1.2, 1.0, 1.7, 0.0, 0.0, 0.0, 1.6, 1.9, 1.1, 0.0]
Indi 45: Fitness: 52.77212121212121Genotype: [0.0, 1.0, 0.0, 0.0, 0.0, 0.0, 1.8, 0.0, 0.0, 1.2, 0.0, 0.0, 0.0, 1.9]
Indi 46: Fitness: 52.77212121212121Genotype: [0.0, 1.0, 1.2, 1.9, 1.2, 1.0, 1.7, 0.0, 0.0, 0.0, 1.6, 1.9, 1.5, 0.0]
Indi 47: Fitness: 52.85212121212122Genotype: [2.0, 0.0, 1.6, 0.0, 1.9, 1.1, 1.0, 0.0, 0.0, 1.4, 2.0, 1.0, 0.0, 1.8]
Indi 48: Fitness: 52.972121212121216Genotype: [2.0, 0.0, 1.9, 0.0, 0.0, 0.0, 1.8, 0.0, 0.0, 1.2, 0.0, 0.0, 0.0, 1.9]
Indi 49: Fitness: 53.17212121212121Genotype: [0.0, 1.0, 0.0, 1.9, 1.2, 1.0, 1.7, 0.0, 0.0, 0.0, 1.6, 1.9, 1.5, 0.0]
