INICIO: Sun Jan 28 02:07:43 EST 2018
INDIVIDUALS OF LAST GENERATION: 32
Indi 0: Fitness: 2.692121212121221Genotype: [0.0, 1.0, 0.0, 0.0, 0.0, 1.4, 1.8, 0.0, 0.0, 1.2, 0.0, 2.0, 0.0, 1.9]
Indi 1: Fitness: 25.69212121212122Genotype: [0.0, 1.0, 1.2, 0.0, 1.9, 1.1, 0.0, 0.0, 0.0, 1.4, 2.0, 1.3, 0.0, 1.5]
Indi 2: Fitness: 27.892121212121218Genotype: [2.0, 0.0, 1.9, 0.0, 0.0, 0.0, 1.8, 0.0, 0.0, 1.2, 0.0, 1.3, 0.0, 1.9]
Indi 3: Fitness: 33.37212121212123Genotype: [0.0, 1.0, 1.6, 0.0, 0.0, 0.0, 1.8, 0.0, 0.0, 1.2, 0.0, 0.0, 0.0, 1.9]
Indi 4: Fitness: 35.10060606060607Genotype: [0.0, 1.0, 0.0, 1.5, 1.6, 1.0, 1.7, 1.4, 0.0, 0.0, 1.3, 1.9, 1.2, 1.7]
Indi 5: Fitness: 35.89212121212122Genotype: [0.0, 1.0, 2.0, 1.5, 1.6, 1.6, 1.2, 0.0, 0.0, 0.0, 1.3, 1.9, 0.0, 0.0]
Indi 6: Fitness: 38.17212121212122Genotype: [0.0, 1.3, 0.0, 0.0, 1.9, 1.1, 0.0, 0.0, 0.0, 1.4, 2.0, 1.3, 0.0, 1.8]
Indi 7: Fitness: 38.45212121212122Genotype: [2.0, 0.0, 0.0, 0.0, 1.0, 1.2, 0.0, 0.0, 0.0, 1.4, 1.4, 1.3, 0.0, 1.8]
Indi 8: Fitness: 38.49212121212122Genotype: [2.0, 0.0, 1.6, 0.0, 1.0, 1.2, 0.0, 0.0, 0.0, 1.4, 1.2, 1.3, 0.0, 1.6]
Indi 9: Fitness: 41.73212121212122Genotype: [2.0, 0.0, 1.6, 0.0, 1.9, 1.1, 1.0, 0.0, 0.0, 1.4, 2.0, 1.0, 0.0, 1.8]
Indi 10: Fitness: 41.85212121212122Genotype: [0.0, 1.0, 1.6, 1.4, 1.9, 1.1, 1.0, 0.0, 0.0, 1.4, 2.0, 1.0, 0.0, 0.0]
Indi 11: Fitness: 45.53212121212122Genotype: [2.0, 0.0, 0.0, 1.5, 1.6, 1.0, 1.7, 0.0, 0.0, 0.0, 1.3, 1.9, 1.2, 0.0]
Indi 12: Fitness: 48.052121212121214Genotype: [0.0, 1.0, 0.0, 0.0, 0.0, 0.0, 1.8, 0.0, 0.0, 1.2, 0.0, 0.0, 0.0, 1.9]
Indi 13: Fitness: 48.052121212121214Genotype: [0.0, 1.0, 0.0, 1.5, 1.2, 1.0, 1.7, 0.0, 0.0, 0.0, 1.2, 0.0, 1.1, 0.0]
Indi 14: Fitness: 48.17212121212122Genotype: [0.0, 1.0, 0.0, 0.0, 1.9, 1.1, 0.0, 0.0, 0.0, 1.4, 2.0, 1.3, 0.0, 1.8]
Indi 15: Fitness: 48.212121212121225Genotype: [0.0, 1.9, 0.0, 1.5, 1.6, 1.0, 1.7, 1.9, 0.0, 0.0, 1.3, 1.9, 1.2, 0.0]
Indi 16: Fitness: 48.57212121212122Genotype: [2.0, 0.0, 1.6, 0.0, 1.9, 1.1, 1.0, 0.0, 0.0, 1.4, 2.0, 1.8, 0.0, 0.0]
Indi 17: Fitness: 48.65212121212122Genotype: [2.0, 0.0, 1.2, 1.1, 1.0, 1.2, 0.0, 0.0, 0.0, 1.4, 2.0, 1.3, 0.0, 1.8]
Indi 18: Fitness: 49.13212121212122Genotype: [2.0, 0.0, 1.9, 0.0, 0.0, 0.0, 1.8, 0.0, 0.0, 1.2, 0.0, 0.0, 0.0, 1.2]
Indi 19: Fitness: 49.13212121212122Genotype: [0.0, 1.0, 2.0, 1.5, 1.6, 1.6, 1.2, 0.0, 0.0, 0.0, 1.3, 1.9, 1.7, 0.0]
Indi 20: Fitness: 49.21090909090909Genotype: [0.0, 1.0, 0.0, 1.5, 1.2, 1.0, 1.7, 0.0, 0.0, 0.0, 1.6, 1.9, 1.1, 1.1]
Indi 21: Fitness: 49.21212121212121Genotype: [0.0, 1.0, 0.0, 0.0, 0.0, 0.0, 1.8, 0.0, 0.0, 1.2, 0.0, 0.0, 0.0, 1.9]
Indi 22: Fitness: 49.292121212121216Genotype: [0.0, 1.0, 0.0, 0.0, 0.0, 0.0, 1.8, 0.0, 0.0, 1.2, 0.0, 0.0, 0.0, 1.7]
Indi 23: Fitness: 49.372121212121215Genotype: [0.0, 1.0, 0.0, 1.5, 1.2, 1.0, 1.7, 0.0, 0.0, 1.7, 1.6, 1.9, 0.0, 0.0]
Indi 24: Fitness: 49.41212121212122Genotype: [2.0, 0.0, 1.6, 0.0, 1.9, 1.1, 1.0, 0.0, 0.0, 1.4, 2.0, 1.0, 0.0, 1.8]
Indi 25: Fitness: 49.45212121212121Genotype: [0.0, 1.0, 0.0, 1.2, 1.6, 1.6, 1.2, 0.0, 0.0, 0.0, 1.3, 1.9, 1.9, 0.0]
Indi 26: Fitness: 49.53212121212122Genotype: [2.0, 0.0, 0.0, 1.5, 1.2, 1.0, 1.7, 0.0, 0.0, 0.0, 1.6, 1.9, 1.1, 0.0]
Indi 27: Fitness: 49.532121212121226Genotype: [0.0, 1.0, 0.0, 1.5, 1.6, 1.6, 1.2, 0.0, 0.0, 0.0, 1.3, 1.9, 1.2, 0.0]
Indi 28: Fitness: 49.69212121212122Genotype: [0.0, 1.0, 0.0, 0.0, 1.6, 1.0, 1.7, 0.0, 0.0, 0.0, 1.3, 1.9, 1.8, 0.0]
Indi 29: Fitness: 49.93212121212122Genotype: [1.2, 1.0, 1.6, 0.0, 1.9, 1.1, 1.0, 0.0, 0.0, 1.4, 1.2, 1.0, 0.0, 1.8]
Indi 30: Fitness: 49.93212121212122Genotype: [0.0, 1.2, 0.0, 1.9, 1.9, 1.1, 0.0, 0.0, 0.0, 1.4, 2.0, 1.3, 0.0, 1.8]
Indi 31: Fitness: 49.97212121212122Genotype: [0.0, 1.0, 1.2, 0.0, 1.9, 1.1, 0.0, 0.0, 0.0, 0.0, 2.0, 1.3, 0.0, 1.4]
Indi 32: Fitness: 50.012121212121215Genotype: [0.0, 1.0, 1.2, 0.0, 1.9, 1.1, 0.0, 0.0, 0.0, 1.4, 2.0, 1.3, 0.0, 1.8]
Indi 33: Fitness: 50.25212121212121Genotype: [0.0, 1.0, 0.0, 0.0, 1.9, 1.1, 0.0, 0.0, 0.0, 1.2, 2.0, 1.3, 0.0, 1.8]
Indi 34: Fitness: 50.252121212121224Genotype: [1.2, 1.0, 0.0, 0.0, 0.0, 0.0, 1.8, 0.0, 0.0, 1.2, 0.0, 0.0, 0.0, 1.9]
Indi 35: Fitness: 50.45212121212122Genotype: [2.0, 0.0, 0.0, 0.0, 1.9, 1.1, 1.0, 0.0, 0.0, 1.4, 2.0, 1.0, 0.0, 1.8]
Indi 36: Fitness: 50.45212121212122Genotype: [0.0, 1.0, 1.2, 0.0, 0.0, 1.1, 1.5, 0.0, 0.0, 1.4, 2.0, 1.3, 0.0, 1.8]
Indi 37: Fitness: 50.77212121212121Genotype: [0.0, 0.0, 1.6, 2.0, 1.9, 1.1, 1.0, 0.0, 0.0, 1.4, 2.0, 1.0, 0.0, 1.8]
Indi 38: Fitness: 50.81212121212122Genotype: [2.0, 1.7, 1.9, 0.0, 0.0, 0.0, 1.8, 0.0, 2.0, 1.2, 0.0, 0.0, 0.0, 1.9]
Indi 39: Fitness: 52.13212121212122Genotype: [0.0, 1.0, 1.2, 0.0, 1.9, 1.1, 0.0, 0.0, 0.0, 1.4, 2.0, 1.3, 0.0, 1.8]
Indi 40: Fitness: 52.17212121212121Genotype: [0.0, 1.0, 0.0, 0.0, 1.9, 1.1, 0.0, 0.0, 0.0, 1.4, 2.0, 1.3, 0.0, 1.8]
Indi 41: Fitness: 52.172121212121226Genotype: [0.0, 1.0, 0.0, 1.5, 1.6, 1.0, 1.7, 0.0, 0.0, 0.0, 1.3, 1.9, 1.2, 0.0]
Indi 42: Fitness: 52.45212121212122Genotype: [0.0, 1.0, 1.6, 0.0, 1.9, 1.1, 1.0, 0.0, 0.0, 1.4, 2.0, 1.0, 0.0, 1.8]
Indi 43: Fitness: 52.49212121212122Genotype: [0.0, 1.0, 0.0, 1.5, 1.6, 1.6, 1.2, 0.0, 0.0, 0.0, 1.3, 1.9, 1.2, 0.0]
Indi 44: Fitness: 52.532121212121226Genotype: [0.0, 1.0, 1.2, 0.0, 1.9, 1.1, 0.0, 0.0, 0.0, 1.4, 2.0, 1.3, 0.0, 1.8]
Indi 45: Fitness: 52.612121212121224Genotype: [2.0, 0.0, 1.6, 0.0, 1.0, 1.2, 0.0, 0.0, 0.0, 1.4, 2.0, 1.3, 0.0, 1.8]
Indi 46: Fitness: 52.65212121212122Genotype: [0.0, 1.0, 0.0, 1.5, 1.2, 1.0, 1.7, 0.0, 0.0, 0.0, 1.6, 1.9, 1.1, 0.0]
Indi 47: Fitness: 52.77212121212121Genotype: [0.0, 1.0, 0.0, 0.0, 0.0, 0.0, 1.8, 0.0, 0.0, 1.2, 0.0, 0.0, 0.0, 1.9]
Indi 48: Fitness: 52.85212121212122Genotype: [2.0, 0.0, 1.6, 0.0, 1.9, 1.1, 1.0, 0.0, 0.0, 1.4, 2.0, 1.0, 0.0, 1.8]
Indi 49: Fitness: 52.972121212121216Genotype: [2.0, 0.0, 1.9, 0.0, 0.0, 0.0, 1.8, 0.0, 0.0, 1.2, 0.0, 0.0, 0.0, 1.9]
