INICIO: Sun Jan 28 03:31:32 EST 2018
INDIVIDUALS OF LAST GENERATION: 44
Indi 0: Fitness: 22.33212121212122Genotype: [0.0, 1.0, 0.0, 1.9, 1.7, 1.0, 1.7, 0.0, 0.0, 0.0, 1.6, 0.0, 1.5, 0.0]
Indi 1: Fitness: 25.49212121212122Genotype: [0.0, 1.0, 1.2, 0.0, 1.9, 1.1, 0.0, 0.0, 0.0, 1.4, 2.0, 0.0, 0.0, 1.8]
Indi 2: Fitness: 25.90060606060606Genotype: [2.0, 0.0, 1.6, 0.0, 1.9, 1.1, 1.0, 0.0, 0.0, 1.4, 2.0, 1.0, 1.9, 1.2]
Indi 3: Fitness: 27.180606060606067Genotype: [0.0, 0.0, 1.6, 0.0, 1.0, 1.2, 0.0, 0.0, 0.0, 1.4, 2.0, 1.3, 1.4, 1.8]
Indi 4: Fitness: 28.97212121212122Genotype: [0.0, 1.0, 0.0, 1.5, 1.6, 1.2, 1.2, 0.0, 0.0, 0.0, 1.3, 1.9, 1.2, 0.0]
Indi 5: Fitness: 34.73212121212122Genotype: [0.0, 1.0, 1.6, 0.0, 1.0, 1.2, 0.0, 0.0, 0.0, 1.4, 2.0, 1.3, 0.0, 1.8]
Indi 6: Fitness: 39.332121212121216Genotype: [0.0, 1.0, 1.2, 1.9, 1.2, 1.0, 1.7, 0.0, 0.0, 0.0, 1.6, 1.9, 1.5, 0.0]
Indi 7: Fitness: 41.17212121212122Genotype: [0.0, 1.0, 0.0, 1.5, 1.6, 1.6, 1.2, 1.4, 0.0, 0.0, 1.3, 1.9, 0.0, 0.0]
Indi 8: Fitness: 41.57212121212122Genotype: [2.0, 0.0, 1.6, 0.0, 1.0, 1.2, 0.0, 0.0, 0.0, 1.6, 2.0, 1.3, 0.0, 1.8]
Indi 9: Fitness: 42.25212121212121Genotype: [0.0, 1.0, 0.0, 1.9, 1.2, 1.0, 1.7, 0.0, 0.0, 0.0, 1.6, 1.9, 1.5, 0.0]
Indi 10: Fitness: 42.292121212121216Genotype: [0.0, 0.0, 1.3, 0.0, 0.0, 0.0, 1.8, 0.0, 0.0, 1.2, 0.0, 0.0, 0.0, 1.9]
Indi 11: Fitness: 44.77212121212121Genotype: [0.0, 1.0, 0.0, 0.0, 1.2, 1.0, 1.7, 0.0, 0.0, 1.2, 1.6, 1.9, 1.4, 0.0]
Indi 12: Fitness: 46.212121212121225Genotype: [0.0, 1.0, 1.6, 0.0, 1.9, 1.1, 1.0, 0.0, 0.0, 1.4, 2.0, 1.0, 0.0, 1.8]
Indi 13: Fitness: 47.09212121212122Genotype: [0.0, 1.0, 0.0, 0.0, 1.2, 1.2, 1.7, 0.0, 0.0, 0.0, 1.6, 1.9, 1.1, 0.0]
Indi 14: Fitness: 47.65212121212122Genotype: [0.0, 1.5, 1.2, 0.0, 1.2, 1.0, 1.7, 0.0, 0.0, 0.0, 1.6, 1.9, 1.5, 0.0]
Indi 15: Fitness: 48.172121212121226Genotype: [2.0, 0.0, 0.0, 0.0, 1.0, 1.2, 0.0, 0.0, 0.0, 1.4, 2.0, 1.3, 0.0, 1.8]
Indi 16: Fitness: 48.252121212121224Genotype: [0.0, 1.0, 1.2, 0.0, 1.9, 1.4, 0.0, 0.0, 0.0, 1.4, 2.0, 1.3, 0.0, 1.8]
Indi 17: Fitness: 48.37212121212122Genotype: [0.0, 1.0, 0.0, 0.0, 0.0, 0.0, 1.8, 0.0, 0.0, 1.2, 0.0, 0.0, 0.0, 1.9]
Indi 18: Fitness: 48.45212121212121Genotype: [0.0, 1.0, 1.1, 0.0, 0.0, 0.0, 1.8, 1.6, 0.0, 1.2, 0.0, 0.0, 0.0, 1.9]
Indi 19: Fitness: 48.53212121212122Genotype: [0.0, 1.0, 0.0, 1.4, 1.2, 1.0, 1.7, 0.0, 0.0, 0.0, 1.6, 1.9, 1.5, 0.0]
Indi 20: Fitness: 48.532121212121226Genotype: [0.0, 0.0, 1.1, 1.9, 1.2, 1.0, 1.7, 0.0, 0.0, 0.0, 1.6, 1.9, 1.5, 0.0]
Indi 21: Fitness: 48.732121212121214Genotype: [2.0, 0.0, 1.9, 0.0, 0.0, 0.0, 0.0, 0.0, 0.0, 1.2, 0.0, 0.0, 0.0, 1.0]
Indi 22: Fitness: 48.732121212121214Genotype: [0.0, 2.0, 0.0, 1.5, 1.6, 1.6, 1.2, 1.6, 0.0, 0.0, 1.3, 1.9, 1.2, 0.0]
Indi 23: Fitness: 48.77212121212121Genotype: [0.0, 1.0, 0.0, 0.0, 1.2, 1.0, 1.7, 0.0, 0.0, 0.0, 1.9, 1.3, 1.4, 0.0]
Indi 24: Fitness: 48.81212121212123Genotype: [0.0, 1.0, 0.0, 1.5, 1.2, 1.0, 1.7, 0.0, 0.0, 0.0, 1.6, 1.9, 1.1, 0.0]
Indi 25: Fitness: 48.93212121212122Genotype: [0.0, 1.0, 0.0, 0.0, 0.0, 1.9, 1.8, 0.0, 0.0, 1.2, 1.8, 0.0, 0.0, 1.9]
Indi 26: Fitness: 48.972121212121216Genotype: [0.0, 1.0, 0.0, 0.0, 1.2, 0.0, 1.7, 0.0, 0.0, 0.0, 1.6, 0.0, 1.4, 0.0]
Indi 27: Fitness: 48.97212121212122Genotype: [0.0, 1.2, 1.2, 1.9, 1.2, 1.0, 1.7, 1.6, 0.0, 0.0, 1.6, 1.9, 1.5, 0.0]
Indi 28: Fitness: 49.05212121212122Genotype: [2.0, 0.0, 1.9, 0.0, 1.3, 0.0, 1.8, 0.0, 0.0, 1.2, 0.0, 0.0, 0.0, 1.9]
Indi 29: Fitness: 49.05212121212122Genotype: [0.0, 1.0, 0.0, 0.0, 0.0, 0.0, 1.8, 0.0, 0.0, 1.2, 0.0, 0.0, 0.0, 1.9]
Indi 30: Fitness: 49.172121212121226Genotype: [2.0, 0.0, 1.6, 0.0, 1.9, 1.1, 1.0, 0.0, 1.3, 1.4, 2.0, 1.0, 0.0, 1.8]
Indi 31: Fitness: 49.21212121212122Genotype: [2.0, 0.0, 1.2, 1.9, 1.2, 1.0, 1.7, 0.0, 0.0, 0.0, 1.6, 1.9, 1.5, 0.0]
Indi 32: Fitness: 49.45212121212122Genotype: [2.0, 0.0, 0.0, 0.0, 1.2, 1.0, 1.7, 0.0, 0.0, 0.0, 1.6, 1.9, 1.4, 0.0]
Indi 33: Fitness: 49.45212121212123Genotype: [2.0, 0.0, 1.9, 0.0, 0.0, 0.0, 1.8, 0.0, 1.5, 1.2, 0.0, 0.0, 0.0, 1.9]
Indi 34: Fitness: 49.77212121212122Genotype: [2.0, 0.0, 1.2, 0.0, 1.9, 1.1, 0.0, 0.0, 0.0, 1.4, 2.0, 1.3, 0.0, 1.8]
Indi 35: Fitness: 50.13212121212122Genotype: [0.0, 1.0, 0.0, 1.5, 1.2, 1.0, 1.7, 0.0, 0.0, 0.0, 0.0, 1.9, 1.1, 0.0]
Indi 36: Fitness: 50.45212121212122Genotype: [1.3, 1.0, 1.2, 0.0, 1.9, 1.1, 1.2, 0.0, 0.0, 1.4, 2.0, 1.3, 0.0, 1.8]
Indi 37: Fitness: 50.572121212121225Genotype: [2.0, 0.0, 1.6, 0.0, 1.9, 1.1, 1.0, 0.0, 0.0, 1.4, 2.0, 1.0, 0.0, 0.0]
Indi 38: Fitness: 51.01212121212122Genotype: [0.0, 1.0, 0.0, 0.0, 0.0, 0.0, 1.8, 0.0, 0.0, 1.2, 0.0, 0.0, 0.0, 1.9]
Indi 39: Fitness: 51.09212121212122Genotype: [0.0, 1.6, 1.2, 1.9, 1.2, 1.0, 1.7, 0.0, 0.0, 0.0, 1.6, 1.9, 1.4, 0.0]
Indi 40: Fitness: 52.49212121212122Genotype: [0.0, 1.0, 0.0, 1.5, 1.6, 1.6, 1.2, 0.0, 0.0, 0.0, 1.3, 1.9, 1.2, 0.0]
Indi 41: Fitness: 52.532121212121226Genotype: [0.0, 1.0, 1.2, 0.0, 1.9, 1.1, 0.0, 0.0, 0.0, 1.4, 2.0, 1.3, 0.0, 1.8]
Indi 42: Fitness: 52.612121212121224Genotype: [2.0, 0.0, 1.6, 0.0, 1.0, 1.2, 0.0, 0.0, 0.0, 1.4, 2.0, 1.3, 0.0, 1.8]
Indi 43: Fitness: 52.65212121212122Genotype: [0.0, 1.0, 0.0, 0.0, 1.2, 1.0, 1.7, 0.0, 0.0, 0.0, 1.6, 1.9, 1.4, 0.0]
Indi 44: Fitness: 52.65212121212122Genotype: [0.0, 1.0, 0.0, 1.5, 1.2, 1.0, 1.7, 0.0, 0.0, 0.0, 1.6, 1.9, 1.1, 0.0]
Indi 45: Fitness: 52.77212121212121Genotype: [0.0, 1.0, 0.0, 0.0, 0.0, 0.0, 1.8, 0.0, 0.0, 1.2, 0.0, 0.0, 0.0, 1.9]
Indi 46: Fitness: 52.77212121212121Genotype: [0.0, 1.0, 1.2, 1.9, 1.2, 1.0, 1.7, 0.0, 0.0, 0.0, 1.6, 1.9, 1.5, 0.0]
Indi 47: Fitness: 52.85212121212122Genotype: [2.0, 0.0, 1.6, 0.0, 1.9, 1.1, 1.0, 0.0, 0.0, 1.4, 2.0, 1.0, 0.0, 1.8]
Indi 48: Fitness: 52.972121212121216Genotype: [2.0, 0.0, 1.9, 0.0, 0.0, 0.0, 1.8, 0.0, 0.0, 1.2, 0.0, 0.0, 0.0, 1.9]
Indi 49: Fitness: 53.17212121212121Genotype: [0.0, 1.0, 0.0, 1.9, 1.2, 1.0, 1.7, 0.0, 0.0, 0.0, 1.6, 1.9, 1.5, 0.0]
