INICIO: Sat Jan 27 22:37:35 EST 2018
INDIVIDUALS OF LAST GENERATION: 7
Indi 0: Fitness: 10.612121212121219Genotype: [2.0, 0.0, 0.0, 1.5, 1.6, 1.0, 1.7, 0.0, 0.0, 0.0, 1.3, 1.9, 1.1, 0.0]
Indi 1: Fitness: 25.25212121212122Genotype: [2.0, 0.0, 1.6, 0.0, 1.9, 1.1, 0.0, 0.0, 0.0, 1.4, 2.0, 1.8, 0.0, 1.8]
Indi 2: Fitness: 26.812121212121212Genotype: [1.2, 1.0, 0.0, 1.9, 1.2, 0.0, 0.0, 0.0, 1.2, 0.0, 0.0, 1.9, 1.1, 0.0]
Indi 3: Fitness: 27.332121212121216Genotype: [0.0, 1.0, 0.0, 1.5, 1.2, 0.0, 1.7, 1.9, 1.2, 0.0, 1.3, 1.3, 1.1, 0.0]
Indi 4: Fitness: 30.372121212121225Genotype: [0.0, 1.0, 0.0, 1.5, 1.2, 1.0, 1.7, 0.0, 1.5, 1.7, 1.3, 1.9, 1.1, 0.0]
Indi 5: Fitness: 34.09212121212122Genotype: [0.0, 1.0, 0.0, 1.5, 1.2, 1.0, 0.0, 0.0, 0.0, 0.0, 1.9, 1.9, 1.1, 0.0]
Indi 6: Fitness: 36.97212121212122Genotype: [0.0, 1.2, 1.9, 0.0, 1.8, 0.0, 1.8, 0.0, 1.6, 1.2, 0.0, 0.0, 0.0, 1.9]
Indi 7: Fitness: 37.18060606060607Genotype: [0.0, 1.0, 0.0, 1.9, 1.2, 0.0, 0.0, 0.0, 1.2, 0.0, 1.7, 1.9, 1.1, 1.7]
Indi 8: Fitness: 37.61212121212122Genotype: [0.0, 1.5, 0.0, 1.5, 1.2, 1.0, 1.7, 0.0, 0.0, 0.0, 1.3, 1.9, 1.1, 0.0]
Indi 9: Fitness: 38.09212121212122Genotype: [0.0, 1.0, 0.0, 1.5, 1.2, 1.0, 1.7, 0.0, 0.0, 0.0, 1.3, 1.9, 1.1, 0.0]
Indi 10: Fitness: 38.33212121212122Genotype: [0.0, 0.0, 0.0, 0.0, 1.3, 1.2, 0.0, 0.0, 1.9, 1.7, 1.7, 0.0, 1.8, 1.0]
Indi 11: Fitness: 41.932121212121224Genotype: [0.0, 1.0, 0.0, 1.5, 1.6, 1.0, 1.7, 0.0, 0.0, 0.0, 1.3, 0.0, 1.1, 0.0]
Indi 12: Fitness: 42.77212121212121Genotype: [2.0, 0.0, 1.6, 0.0, 1.9, 1.1, 0.0, 0.0, 0.0, 1.4, 2.0, 1.3, 0.0, 1.8]
Indi 13: Fitness: 43.252121212121224Genotype: [0.0, 0.0, 0.0, 0.0, 0.0, 0.0, 1.7, 0.0, 0.0, 1.4, 1.8, 1.8, 0.0, 1.5]
Indi 14: Fitness: 44.332121212121216Genotype: [2.0, 0.0, 1.6, 0.0, 1.9, 1.1, 0.0, 0.0, 0.0, 1.4, 2.0, 0.0, 0.0, 1.8]
Indi 15: Fitness: 44.89212121212122Genotype: [2.0, 0.0, 1.6, 0.0, 0.0, 1.1, 0.0, 0.0, 0.0, 1.4, 2.0, 1.3, 0.0, 1.8]
Indi 16: Fitness: 45.57212121212122Genotype: [0.0, 1.0, 0.0, 1.5, 1.2, 0.0, 1.7, 0.0, 1.2, 0.0, 1.3, 1.9, 1.3, 0.0]
Indi 17: Fitness: 46.37212121212122Genotype: [0.0, 1.0, 0.0, 1.6, 1.2, 1.0, 1.7, 0.0, 0.0, 0.0, 1.3, 1.9, 1.1, 0.0]
Indi 18: Fitness: 46.65535353535354Genotype: [0.0, 0.0, 0.0, 0.0, 1.3, 1.2, 1.2, 0.0, 1.9, 1.7, 1.7, 1.4, 1.8, 1.0]
Indi 19: Fitness: 46.680808080808085Genotype: [0.0, 0.0, 0.0, 0.0, 1.3, 1.6, 1.2, 0.0, 1.9, 1.1, 1.7, 0.0, 1.8, 1.0]
Indi 20: Fitness: 48.13212121212122Genotype: [0.0, 1.0, 0.0, 1.5, 1.6, 1.0, 1.7, 0.0, 0.0, 0.0, 1.3, 1.9, 1.1, 0.0]
Indi 21: Fitness: 48.57212121212122Genotype: [0.0, 1.0, 0.0, 1.5, 1.2, 0.0, 1.7, 0.0, 1.2, 0.0, 1.3, 1.9, 1.1, 0.0]
Indi 22: Fitness: 48.93212121212122Genotype: [2.0, 0.0, 1.6, 0.0, 1.9, 1.1, 0.0, 0.0, 1.5, 1.4, 2.0, 1.3, 0.0, 1.8]
Indi 23: Fitness: 49.012121212121215Genotype: [0.0, 1.0, 0.0, 1.9, 1.2, 0.0, 0.0, 0.0, 1.2, 0.0, 1.3, 1.9, 1.1, 0.0]
Indi 24: Fitness: 49.25212121212122Genotype: [0.0, 1.0, 0.0, 0.0, 1.9, 1.1, 0.0, 0.0, 0.0, 1.4, 2.0, 1.3, 0.0, 1.8]
Indi 25: Fitness: 49.49212121212122Genotype: [2.0, 0.0, 0.0, 1.5, 1.6, 1.0, 1.7, 0.0, 0.0, 0.0, 1.3, 1.9, 1.1, 0.0]
Indi 26: Fitness: 49.49212121212122Genotype: [0.0, 1.5, 0.0, 0.0, 1.5, 0.0, 0.0, 0.0, 0.0, 1.4, 0.0, 1.8, 0.0, 1.5]
Indi 27: Fitness: 49.69212121212122Genotype: [0.0, 1.0, 0.0, 1.5, 1.2, 1.0, 1.7, 0.0, 0.0, 0.0, 1.3, 1.2, 1.1, 0.0]
Indi 28: Fitness: 49.77212121212122Genotype: [0.0, 0.0, 1.9, 0.0, 1.8, 0.0, 1.8, 0.0, 1.3, 1.2, 0.0, 0.0, 0.0, 1.9]
Indi 29: Fitness: 49.81212121212123Genotype: [0.0, 1.0, 0.0, 1.5, 1.2, 0.0, 1.7, 0.0, 1.2, 0.0, 1.3, 1.9, 1.3, 0.0]
Indi 30: Fitness: 49.972121212121216Genotype: [2.0, 0.0, 1.6, 0.0, 1.9, 1.1, 0.0, 1.2, 1.2, 1.4, 2.0, 1.3, 0.0, 1.8]
Indi 31: Fitness: 50.09212121212122Genotype: [0.0, 1.0, 0.0, 1.5, 1.6, 1.0, 1.7, 0.0, 0.0, 0.0, 1.3, 1.9, 1.1, 0.0]
Indi 32: Fitness: 50.13212121212122Genotype: [0.0, 1.0, 0.0, 1.1, 1.6, 1.0, 1.7, 0.0, 0.0, 0.0, 1.3, 1.5, 1.1, 0.0]
Indi 33: Fitness: 50.292121212121216Genotype: [0.0, 1.5, 0.0, 0.0, 0.0, 0.0, 1.7, 1.9, 0.0, 1.4, 0.0, 1.8, 0.0, 1.5]
Indi 34: Fitness: 50.332121212121216Genotype: [0.0, 1.0, 0.0, 1.5, 1.2, 1.0, 1.7, 0.0, 0.0, 0.0, 0.0, 1.9, 1.1, 0.0]
Indi 35: Fitness: 50.57212121212122Genotype: [0.0, 1.0, 0.0, 1.5, 0.0, 1.0, 1.7, 0.0, 0.0, 0.0, 1.7, 1.9, 1.1, 0.0]
Indi 36: Fitness: 50.652121212121216Genotype: [0.0, 0.0, 1.6, 0.0, 1.9, 1.1, 0.0, 0.0, 0.0, 1.4, 2.0, 1.3, 0.0, 1.8]
Indi 37: Fitness: 50.85212121212122Genotype: [1.5, 1.5, 1.9, 0.0, 1.8, 0.0, 0.0, 0.0, 1.6, 1.2, 0.0, 0.0, 0.0, 1.9]
Indi 38: Fitness: 51.17212121212122Genotype: [0.0, 1.5, 0.0, 1.5, 1.6, 1.0, 1.7, 0.0, 0.0, 0.0, 1.3, 1.9, 1.1, 0.0]
Indi 39: Fitness: 51.332121212121216Genotype: [0.0, 1.0, 0.0, 1.5, 1.2, 1.0, 1.7, 0.0, 0.0, 0.0, 1.3, 1.9, 1.1, 0.0]
Indi 40: Fitness: 51.372121212121215Genotype: [0.0, 1.0, 0.0, 1.5, 1.2, 0.0, 1.7, 0.0, 1.2, 0.0, 1.3, 1.9, 1.1, 0.0]
Indi 41: Fitness: 51.372121212121215Genotype: [0.0, 0.0, 0.0, 0.0, 1.3, 1.2, 1.2, 0.0, 1.9, 1.7, 1.7, 0.0, 1.8, 1.0]
Indi 42: Fitness: 51.45212121212122Genotype: [0.0, 1.0, 0.0, 1.9, 1.2, 0.0, 0.0, 0.0, 1.2, 0.0, 1.3, 1.9, 1.1, 0.0]
Indi 43: Fitness: 51.53212121212122Genotype: [0.0, 1.5, 0.0, 0.0, 0.0, 0.0, 1.7, 0.0, 0.0, 1.4, 0.0, 1.8, 0.0, 1.5]
Indi 44: Fitness: 51.532121212121226Genotype: [2.0, 0.0, 1.6, 0.0, 1.9, 1.1, 0.0, 0.0, 0.0, 1.4, 2.0, 1.3, 0.0, 1.8]
Indi 45: Fitness: 51.612121212121224Genotype: [0.0, 1.5, 1.9, 0.0, 1.8, 0.0, 1.8, 0.0, 1.6, 1.2, 0.0, 0.0, 0.0, 1.9]
Indi 46: Fitness: 51.732121212121214Genotype: [0.0, 1.0, 0.0, 1.5, 1.6, 1.0, 1.7, 0.0, 0.0, 0.0, 1.3, 1.9, 1.1, 0.0]
Indi 47: Fitness: 51.89212121212122Genotype: [2.0, 0.0, 1.6, 0.0, 1.9, 1.1, 0.0, 0.0, 0.0, 1.4, 2.0, 1.3, 0.0, 1.8]
Indi 48: Fitness: 51.93212121212122Genotype: [0.0, 1.0, 0.0, 0.0, 1.9, 1.1, 0.0, 0.0, 0.0, 1.4, 2.0, 1.3, 0.0, 1.8]
Indi 49: Fitness: 52.01212121212122Genotype: [0.0, 1.0, 0.0, 1.5, 1.2, 1.0, 1.7, 0.0, 0.0, 0.0, 1.3, 1.9, 1.1, 0.0]
