INICIO: Sun Jan 28 04:06:19 EST 2018
INDIVIDUALS OF LAST GENERATION: 49
Indi 0: Fitness: 12.502222222222223Genotype: [0.0, 1.0, 1.2, 1.9, 1.2, 1.0, 1.7, 0.0, 0.0, 0.0, 1.1, 1.9, 1.5, 1.4]
Indi 1: Fitness: 24.49212121212122Genotype: [0.0, 1.0, 0.0, 0.0, 1.2, 1.0, 1.7, 0.0, 2.0, 0.0, 1.6, 1.9, 1.5, 0.0]
Indi 2: Fitness: 24.53212121212122Genotype: [0.0, 1.0, 0.0, 0.0, 1.2, 1.0, 1.7, 0.0, 0.0, 0.0, 1.6, 1.9, 1.4, 0.0]
Indi 3: Fitness: 26.09212121212122Genotype: [0.0, 0.0, 0.0, 1.9, 1.2, 1.0, 1.7, 0.0, 0.0, 1.5, 1.6, 1.9, 1.5, 0.0]
Indi 4: Fitness: 26.372121212121215Genotype: [0.0, 1.0, 1.2, 0.0, 1.2, 1.0, 1.7, 0.0, 0.0, 0.0, 1.6, 1.9, 1.5, 0.0]
Indi 5: Fitness: 28.932121212121217Genotype: [0.0, 1.0, 0.0, 0.0, 0.0, 1.7, 1.8, 0.0, 0.0, 1.2, 0.0, 0.0, 0.0, 1.9]
Indi 6: Fitness: 31.852121212121215Genotype: [0.0, 1.0, 0.0, 1.5, 1.6, 1.6, 1.2, 0.0, 0.0, 0.0, 1.3, 0.0, 1.2, 0.0]
Indi 7: Fitness: 37.01212121212122Genotype: [2.0, 0.0, 1.6, 1.2, 1.0, 1.2, 1.2, 0.0, 0.0, 1.4, 2.0, 1.3, 0.0, 1.8]
Indi 8: Fitness: 37.01212121212122Genotype: [0.0, 1.1, 0.0, 1.5, 1.6, 1.6, 1.2, 0.0, 0.0, 0.0, 1.3, 1.9, 1.2, 0.0]
Indi 9: Fitness: 37.77212121212123Genotype: [2.0, 0.0, 1.9, 0.0, 0.0, 0.0, 0.0, 0.0, 0.0, 1.2, 0.0, 0.0, 0.0, 0.0]
Indi 10: Fitness: 39.292121212121216Genotype: [0.0, 1.0, 1.2, 1.9, 1.2, 1.0, 1.7, 0.0, 0.0, 0.0, 1.6, 1.9, 1.5, 0.0]
Indi 11: Fitness: 39.77212121212122Genotype: [0.0, 0.0, 1.2, 0.0, 1.9, 1.1, 0.0, 0.0, 0.0, 1.4, 2.0, 1.3, 0.0, 0.0]
Indi 12: Fitness: 40.65212121212122Genotype: [2.0, 0.0, 1.6, 0.0, 1.9, 1.1, 1.0, 0.0, 0.0, 1.4, 2.0, 1.5, 0.0, 1.8]
Indi 13: Fitness: 42.49212121212122Genotype: [0.0, 1.0, 1.2, 0.0, 1.2, 1.0, 1.7, 0.0, 0.0, 0.0, 1.6, 1.9, 1.4, 0.0]
Indi 14: Fitness: 44.69212121212122Genotype: [0.0, 1.0, 0.0, 0.0, 0.0, 0.0, 1.8, 0.0, 0.0, 1.2, 1.3, 0.0, 0.0, 0.0]
Indi 15: Fitness: 45.212121212121225Genotype: [0.0, 1.0, 0.0, 0.0, 0.0, 0.0, 1.8, 0.0, 0.0, 1.2, 0.0, 0.0, 0.0, 1.9]
Indi 16: Fitness: 46.77212121212123Genotype: [0.0, 1.0, 1.6, 0.0, 1.9, 1.1, 1.0, 0.0, 0.0, 1.4, 2.0, 1.0, 0.0, 1.8]
Indi 17: Fitness: 47.01212121212122Genotype: [0.0, 1.0, 0.0, 1.9, 1.6, 1.6, 1.2, 0.0, 0.0, 0.0, 1.3, 1.9, 1.2, 0.0]
Indi 18: Fitness: 47.332121212121216Genotype: [0.0, 1.0, 1.2, 0.0, 1.9, 0.0, 1.9, 0.0, 0.0, 1.4, 2.0, 1.3, 0.0, 1.8]
Indi 19: Fitness: 48.012121212121215Genotype: [2.0, 0.0, 1.6, 0.0, 1.9, 1.1, 1.0, 0.0, 0.0, 1.4, 2.0, 1.0, 0.0, 1.8]
Indi 20: Fitness: 48.61212121212122Genotype: [0.0, 1.0, 0.0, 0.0, 1.2, 1.0, 1.9, 0.0, 0.0, 0.0, 1.6, 1.9, 1.4, 0.0]
Indi 21: Fitness: 49.09212121212122Genotype: [0.0, 1.0, 0.0, 1.9, 1.2, 1.0, 1.2, 0.0, 0.0, 0.0, 0.0, 1.9, 1.5, 0.0]
Indi 22: Fitness: 49.13212121212122Genotype: [0.0, 1.0, 0.0, 1.5, 1.2, 1.0, 1.7, 0.0, 0.0, 1.1, 1.6, 1.9, 1.5, 0.0]
Indi 23: Fitness: 49.37212121212122Genotype: [0.0, 1.0, 1.2, 0.0, 0.0, 0.0, 1.8, 0.0, 0.0, 1.2, 0.0, 0.0, 0.0, 1.9]
Indi 24: Fitness: 49.53212121212122Genotype: [2.0, 0.0, 1.6, 0.0, 1.0, 1.2, 1.3, 0.0, 0.0, 1.4, 2.0, 1.3, 0.0, 1.8]
Indi 25: Fitness: 49.77212121212121Genotype: [2.0, 0.0, 1.9, 0.0, 0.0, 0.0, 0.0, 0.0, 0.0, 1.2, 0.0, 0.0, 0.0, 1.9]
Indi 26: Fitness: 49.81212121212121Genotype: [0.0, 1.0, 0.0, 0.0, 1.2, 1.0, 1.7, 0.0, 0.0, 0.0, 1.6, 1.9, 1.4, 0.0]
Indi 27: Fitness: 49.85212121212122Genotype: [2.0, 0.0, 0.0, 0.0, 1.2, 1.0, 1.7, 0.0, 0.0, 0.0, 1.6, 1.9, 1.4, 0.0]
Indi 28: Fitness: 49.932121212121224Genotype: [0.0, 1.9, 0.0, 0.0, 0.0, 0.0, 1.8, 0.0, 0.0, 1.2, 0.0, 0.0, 0.0, 0.0]
Indi 29: Fitness: 50.012121212121215Genotype: [0.0, 1.0, 0.0, 1.5, 1.2, 1.0, 1.7, 0.0, 0.0, 0.0, 1.6, 1.5, 1.1, 0.0]
Indi 30: Fitness: 50.21212121212122Genotype: [2.0, 0.0, 0.0, 0.0, 0.0, 0.0, 1.8, 0.0, 0.0, 1.2, 0.0, 0.0, 0.0, 1.9]
Indi 31: Fitness: 50.292121212121216Genotype: [0.0, 1.0, 1.2, 0.0, 1.9, 1.1, 1.9, 0.0, 0.0, 1.4, 2.0, 1.3, 0.0, 1.8]
Indi 32: Fitness: 50.49212121212122Genotype: [2.0, 0.0, 0.0, 0.0, 1.2, 1.0, 1.7, 0.0, 0.0, 0.0, 1.6, 1.9, 1.4, 0.0]
Indi 33: Fitness: 50.53212121212122Genotype: [2.0, 0.0, 1.6, 0.0, 1.0, 1.2, 0.0, 0.0, 0.0, 0.0, 2.0, 1.0, 0.0, 1.8]
Indi 34: Fitness: 50.81212121212121Genotype: [2.0, 0.0, 1.2, 1.9, 1.2, 1.0, 1.7, 0.0, 0.0, 0.0, 1.6, 1.9, 1.5, 0.0]
Indi 35: Fitness: 50.932121212121224Genotype: [0.0, 1.0, 1.6, 0.0, 1.0, 1.2, 0.0, 0.0, 0.0, 1.4, 2.0, 1.3, 0.0, 1.8]
Indi 36: Fitness: 51.09212121212122Genotype: [0.0, 1.0, 1.2, 1.9, 1.2, 1.0, 1.7, 0.0, 0.0, 0.0, 1.6, 0.0, 1.9, 0.0]
Indi 37: Fitness: 51.17212121212121Genotype: [0.0, 1.0, 0.0, 1.5, 1.8, 1.0, 1.7, 0.0, 0.0, 0.0, 1.6, 1.9, 1.1, 0.0]
Indi 38: Fitness: 51.61212121212121Genotype: [0.0, 1.0, 0.0, 0.0, 1.2, 1.0, 1.7, 0.0, 0.0, 0.0, 1.6, 1.9, 1.4, 0.0]
Indi 39: Fitness: 52.05212121212122Genotype: [2.0, 0.0, 1.6, 0.0, 1.9, 1.1, 1.0, 0.0, 0.0, 1.4, 1.9, 1.0, 0.0, 1.8]
Indi 40: Fitness: 52.49212121212122Genotype: [0.0, 1.0, 0.0, 1.5, 1.6, 1.6, 1.2, 0.0, 0.0, 0.0, 1.3, 1.9, 1.2, 0.0]
Indi 41: Fitness: 52.532121212121226Genotype: [0.0, 1.0, 1.2, 0.0, 1.9, 1.1, 0.0, 0.0, 0.0, 1.4, 2.0, 1.3, 0.0, 1.8]
Indi 42: Fitness: 52.612121212121224Genotype: [2.0, 0.0, 1.6, 0.0, 1.0, 1.2, 0.0, 0.0, 0.0, 1.4, 2.0, 1.3, 0.0, 1.8]
Indi 43: Fitness: 52.65212121212122Genotype: [0.0, 1.0, 0.0, 1.5, 1.2, 1.0, 1.7, 0.0, 0.0, 0.0, 1.6, 1.9, 1.1, 0.0]
Indi 44: Fitness: 52.65212121212122Genotype: [0.0, 1.0, 0.0, 0.0, 1.2, 1.0, 1.7, 0.0, 0.0, 0.0, 1.6, 1.9, 1.4, 0.0]
Indi 45: Fitness: 52.77212121212121Genotype: [0.0, 1.0, 1.2, 1.9, 1.2, 1.0, 1.7, 0.0, 0.0, 0.0, 1.6, 1.9, 1.5, 0.0]
Indi 46: Fitness: 52.77212121212121Genotype: [0.0, 1.0, 0.0, 0.0, 0.0, 0.0, 1.8, 0.0, 0.0, 1.2, 0.0, 0.0, 0.0, 1.9]
Indi 47: Fitness: 52.85212121212122Genotype: [2.0, 0.0, 1.6, 0.0, 1.9, 1.1, 1.0, 0.0, 0.0, 1.4, 2.0, 1.0, 0.0, 1.8]
Indi 48: Fitness: 52.972121212121216Genotype: [2.0, 0.0, 1.9, 0.0, 0.0, 0.0, 1.8, 0.0, 0.0, 1.2, 0.0, 0.0, 0.0, 1.9]
Indi 49: Fitness: 53.17212121212121Genotype: [0.0, 1.0, 0.0, 1.9, 1.2, 1.0, 1.7, 0.0, 0.0, 0.0, 1.6, 1.9, 1.5, 0.0]
