INICIO: Sat Jan 27 19:54:15 EST 2018
INDIVIDUALS OF LAST GENERATION: 1
Indi 0: Fitness: 16.73212121212122Genotype: [0.0, 1.5, 1.9, 0.0, 1.8, 0.0, 1.8, 0.0, 1.6, 1.2, 2.0, 0.0, 0.0, 1.9]
Indi 1: Fitness: 23.49212121212122Genotype: [1.2, 0.0, 0.0, 1.4, 0.0, 0.0, 1.1, 1.2, 1.5, 0.0, 1.1, 1.7, 0.0, 1.5]
Indi 2: Fitness: 24.57212121212122Genotype: [2.0, 0.0, 1.6, 0.0, 1.9, 1.1, 0.0, 0.0, 0.0, 1.4, 2.0, 1.3, 0.0, 1.8]
Indi 3: Fitness: 26.412121212121217Genotype: [2.0, 0.0, 1.6, 0.0, 1.9, 1.1, 0.0, 0.0, 0.0, 1.4, 2.0, 1.3, 0.0, 1.8]
Indi 4: Fitness: 26.772121212121213Genotype: [0.0, 0.0, 0.0, 0.0, 1.3, 0.0, 1.3, 0.0, 1.3, 1.9, 1.7, 1.7, 1.1, 0.0]
Indi 5: Fitness: 29.25212121212122Genotype: [0.0, 1.6, 0.0, 0.0, 1.3, 0.0, 1.3, 0.0, 1.3, 1.9, 1.1, 1.3, 1.7, 0.0]
Indi 6: Fitness: 35.69212121212122Genotype: [1.0, 1.9, 0.0, 1.4, 1.6, 0.0, 0.0, 1.0, 1.7, 1.5, 1.3, 1.4, 0.0, 0.0]
Indi 7: Fitness: 38.17212121212121Genotype: [0.0, 0.0, 1.4, 1.1, 0.0, 1.5, 1.4, 0.0, 1.8, 0.0, 0.0, 1.9, 0.0, 0.0]
Indi 8: Fitness: 41.13212121212122Genotype: [0.0, 0.0, 0.0, 1.0, 1.4, 1.7, 0.0, 1.9, 0.0, 1.5, 0.0, 1.3, 0.0, 0.0]
Indi 9: Fitness: 41.372121212121215Genotype: [0.0, 0.0, 1.6, 0.0, 1.9, 1.1, 0.0, 0.0, 0.0, 1.4, 2.0, 1.3, 0.0, 1.8]
Indi 10: Fitness: 43.09212121212122Genotype: [0.0, 0.0, 0.0, 0.0, 1.3, 1.2, 1.0, 1.0, 1.9, 1.7, 1.7, 0.0, 0.0, 0.0]
Indi 11: Fitness: 44.21212121212122Genotype: [0.0, 1.4, 1.6, 0.0, 1.9, 1.1, 0.0, 0.0, 0.0, 1.4, 2.0, 1.3, 0.0, 1.8]
Indi 12: Fitness: 47.57212121212122Genotype: [0.0, 0.0, 1.1, 0.0, 0.0, 0.0, 0.0, 0.0, 0.0, 1.4, 0.0, 1.8, 0.0, 1.6]
Indi 13: Fitness: 48.17212121212122Genotype: [0.0, 0.0, 1.7, 0.0, 0.0, 0.0, 0.0, 0.0, 0.0, 1.4, 0.0, 1.8, 0.0, 1.5]
Indi 14: Fitness: 48.33050505050505Genotype: [0.0, 1.0, 0.0, 1.5, 1.2, 0.0, 1.5, 0.0, 1.2, 0.0, 1.3, 1.9, 1.2, 1.2]
Indi 15: Fitness: 48.49212121212122Genotype: [1.0, 1.6, 1.8, 1.4, 1.6, 0.0, 0.0, 1.0, 1.2, 1.5, 1.3, 1.4, 0.0, 0.0]
Indi 16: Fitness: 48.49212121212122Genotype: [1.2, 0.0, 0.0, 1.4, 0.0, 0.0, 1.1, 1.2, 1.7, 1.4, 1.1, 1.7, 0.0, 0.0]
Indi 17: Fitness: 48.69212121212122Genotype: [0.0, 1.4, 1.4, 1.1, 1.5, 2.0, 1.4, 0.0, 1.8, 0.0, 0.0, 1.9, 0.0, 0.0]
Indi 18: Fitness: 48.81212121212121Genotype: [0.0, 1.5, 0.0, 1.4, 0.0, 0.0, 1.1, 1.2, 1.5, 0.0, 1.1, 1.7, 0.0, 0.0]
Indi 19: Fitness: 48.85212121212122Genotype: [0.0, 0.0, 0.0, 1.4, 0.0, 0.0, 1.1, 1.2, 1.5, 0.0, 1.1, 1.7, 0.0, 0.0]
Indi 20: Fitness: 48.93212121212122Genotype: [0.0, 0.0, 1.9, 1.0, 1.4, 1.7, 0.0, 1.9, 0.0, 1.5, 0.0, 1.3, 0.0, 0.0]
Indi 21: Fitness: 49.09212121212122Genotype: [0.0, 2.0, 0.0, 1.4, 0.0, 0.0, 1.1, 1.2, 1.5, 0.0, 1.1, 1.7, 0.0, 0.0]
Indi 22: Fitness: 49.33212121212122Genotype: [1.2, 0.0, 1.7, 0.0, 0.0, 0.0, 0.0, 0.0, 0.0, 1.4, 0.0, 1.8, 0.0, 1.5]
Indi 23: Fitness: 49.37212121212122Genotype: [0.0, 1.4, 1.4, 1.1, 0.0, 1.5, 1.4, 1.1, 1.8, 0.0, 0.0, 1.9, 0.0, 0.0]
Indi 24: Fitness: 49.41212121212122Genotype: [0.0, 2.0, 1.9, 0.0, 1.8, 0.0, 1.8, 0.0, 1.6, 1.8, 0.0, 0.0, 0.0, 1.9]
Indi 25: Fitness: 49.53212121212122Genotype: [0.0, 1.4, 1.4, 1.9, 0.0, 1.5, 1.4, 0.0, 1.8, 0.0, 0.0, 0.0, 0.0, 0.0]
Indi 26: Fitness: 49.532121212121226Genotype: [1.0, 1.9, 0.0, 1.4, 1.6, 0.0, 0.0, 1.0, 1.2, 1.5, 1.3, 1.4, 0.0, 0.0]
Indi 27: Fitness: 49.572121212121225Genotype: [0.0, 1.5, 1.9, 0.0, 1.8, 1.9, 1.1, 0.0, 1.6, 1.2, 0.0, 0.0, 0.0, 1.9]
Indi 28: Fitness: 49.69212121212122Genotype: [0.0, 1.4, 0.0, 0.0, 1.3, 1.2, 1.0, 1.0, 1.9, 1.7, 1.7, 0.0, 0.0, 1.0]
Indi 29: Fitness: 49.732121212121214Genotype: [0.0, 0.0, 1.9, 1.0, 1.4, 1.7, 0.0, 1.9, 0.0, 1.5, 0.0, 1.3, 0.0, 0.0]
Indi 30: Fitness: 49.73212121212122Genotype: [0.0, 1.0, 0.0, 1.5, 1.2, 0.0, 1.3, 1.8, 1.2, 0.0, 1.3, 1.9, 1.2, 0.0]
Indi 31: Fitness: 49.81212121212122Genotype: [2.0, 0.0, 1.6, 0.0, 1.9, 1.1, 1.8, 1.3, 0.0, 1.4, 2.0, 1.3, 0.0, 1.8]
Indi 32: Fitness: 49.85212121212122Genotype: [0.0, 0.0, 1.7, 0.0, 0.0, 0.0, 0.0, 0.0, 0.0, 1.4, 0.0, 1.8, 0.0, 1.5]
Indi 33: Fitness: 49.89212121212122Genotype: [1.0, 1.9, 1.4, 1.1, 0.0, 1.5, 1.4, 0.0, 1.8, 0.0, 0.0, 1.9, 0.0, 0.0]
Indi 34: Fitness: 50.05212121212122Genotype: [0.0, 1.0, 1.9, 1.0, 1.4, 1.7, 0.0, 1.9, 0.0, 1.5, 0.0, 1.3, 0.0, 0.0]
Indi 35: Fitness: 50.13212121212122Genotype: [2.0, 0.0, 1.9, 1.0, 1.4, 1.7, 0.0, 1.9, 0.0, 1.5, 0.0, 1.3, 0.0, 0.0]
Indi 36: Fitness: 50.252121212121224Genotype: [0.0, 1.4, 1.4, 1.1, 0.0, 1.5, 1.4, 0.0, 1.8, 0.0, 0.0, 1.9, 0.0, 0.0]
Indi 37: Fitness: 50.292121212121216Genotype: [0.0, 0.0, 0.0, 0.0, 1.3, 0.0, 1.3, 0.0, 1.3, 1.9, 1.1, 1.3, 1.1, 0.0]
Indi 38: Fitness: 50.332121212121216Genotype: [0.0, 1.0, 0.0, 1.5, 1.2, 0.0, 1.7, 0.0, 1.2, 0.0, 1.3, 1.9, 1.2, 0.0]
Indi 39: Fitness: 50.49212121212122Genotype: [0.0, 0.0, 0.0, 0.0, 0.0, 0.0, 1.3, 0.0, 1.3, 1.9, 1.1, 0.0, 1.1, 0.0]
Indi 40: Fitness: 50.492121212121226Genotype: [0.0, 0.0, 1.9, 1.0, 1.4, 1.7, 0.0, 1.9, 0.0, 1.5, 0.0, 1.3, 0.0, 0.0]
Indi 41: Fitness: 50.53212121212122Genotype: [1.2, 0.0, 0.0, 1.4, 0.0, 0.0, 1.1, 1.2, 1.5, 0.0, 1.1, 1.7, 0.0, 0.0]
Indi 42: Fitness: 50.652121212121216Genotype: [0.0, 0.0, 1.7, 0.0, 0.0, 0.0, 0.0, 0.0, 0.0, 1.4, 0.0, 1.8, 0.0, 1.5]
Indi 43: Fitness: 50.732121212121214Genotype: [0.0, 0.0, 0.0, 0.0, 1.3, 1.2, 1.0, 1.0, 1.9, 1.7, 1.7, 0.0, 0.0, 1.0]
Indi 44: Fitness: 50.85212121212122Genotype: [1.0, 1.9, 0.0, 1.4, 1.6, 0.0, 0.0, 1.0, 1.2, 1.5, 1.3, 1.4, 0.0, 0.0]
Indi 45: Fitness: 51.05212121212122Genotype: [0.0, 0.0, 0.0, 1.5, 1.2, 0.0, 1.7, 0.0, 1.2, 0.0, 1.3, 1.9, 1.2, 0.0]
Indi 46: Fitness: 51.09212121212122Genotype: [0.0, 0.0, 0.0, 0.0, 1.3, 1.2, 1.3, 0.0, 1.9, 1.7, 1.7, 0.0, 0.0, 1.0]
Indi 47: Fitness: 51.372121212121215Genotype: [0.0, 1.0, 0.0, 1.5, 1.2, 0.0, 1.7, 0.0, 1.2, 0.0, 1.3, 1.9, 1.1, 0.0]
Indi 48: Fitness: 51.612121212121224Genotype: [0.0, 1.5, 1.9, 0.0, 1.8, 0.0, 1.8, 0.0, 1.6, 1.2, 0.0, 0.0, 0.0, 1.9]
Indi 49: Fitness: 51.89212121212122Genotype: [2.0, 0.0, 1.6, 0.0, 1.9, 1.1, 0.0, 0.0, 0.0, 1.4, 2.0, 1.3, 0.0, 1.8]
