INICIO: Sun Jan 28 01:50:18 EST 2018
INDIVIDUALS OF LAST GENERATION: 30
Indi 0: Fitness: 21.82060606060606Genotype: [0.0, 0.0, 1.6, 0.0, 1.9, 1.1, 1.0, 0.0, 0.0, 1.4, 2.0, 1.0, 1.8, 1.8]
Indi 1: Fitness: 26.572121212121225Genotype: [2.0, 0.0, 1.6, 0.0, 1.0, 1.2, 1.3, 0.0, 0.0, 1.4, 1.7, 1.3, 0.0, 1.8]
Indi 2: Fitness: 27.172121212121215Genotype: [0.0, 1.0, 0.0, 1.5, 1.2, 1.0, 1.7, 0.0, 0.0, 0.0, 1.3, 1.9, 1.1, 0.0]
Indi 3: Fitness: 27.612121212121224Genotype: [0.0, 1.0, 0.0, 1.3, 0.0, 1.0, 1.8, 0.0, 0.0, 1.2, 0.0, 0.0, 0.0, 1.9]
Indi 4: Fitness: 29.17212121212122Genotype: [2.0, 0.0, 1.2, 0.0, 1.9, 1.1, 0.0, 0.0, 0.0, 1.4, 2.0, 1.3, 0.0, 1.8]
Indi 5: Fitness: 30.652121212121223Genotype: [2.0, 0.0, 1.9, 0.0, 0.0, 1.4, 1.8, 0.0, 1.8, 1.2, 0.0, 0.0, 0.0, 1.9]
Indi 6: Fitness: 33.252121212121224Genotype: [0.0, 1.0, 0.0, 0.0, 0.0, 0.0, 1.8, 0.0, 0.0, 1.2, 0.0, 0.0, 0.0, 1.9]
Indi 7: Fitness: 34.372121212121215Genotype: [0.0, 1.0, 1.2, 0.0, 1.9, 1.1, 0.0, 1.7, 0.0, 0.0, 2.0, 1.3, 0.0, 1.8]
Indi 8: Fitness: 35.292121212121216Genotype: [0.0, 1.0, 0.0, 0.0, 0.0, 0.0, 1.8, 0.0, 0.0, 1.2, 0.0, 0.0, 0.0, 1.9]
Indi 9: Fitness: 38.01212121212122Genotype: [0.0, 1.0, 0.0, 1.5, 1.6, 1.0, 1.7, 0.0, 0.0, 0.0, 1.3, 1.9, 1.2, 0.0]
Indi 10: Fitness: 38.05212121212122Genotype: [0.0, 1.0, 1.6, 0.0, 1.9, 1.1, 1.0, 0.0, 0.0, 1.4, 2.0, 1.0, 0.0, 1.8]
Indi 11: Fitness: 38.492121212121226Genotype: [0.0, 1.0, 0.0, 1.6, 1.6, 1.0, 1.7, 0.0, 0.0, 0.0, 1.3, 1.2, 1.2, 0.0]
Indi 12: Fitness: 39.21212121212122Genotype: [0.0, 1.0, 1.6, 0.0, 1.9, 1.1, 1.0, 0.0, 0.0, 1.4, 2.0, 1.0, 0.0, 1.8]
Indi 13: Fitness: 40.012121212121215Genotype: [2.0, 1.7, 1.9, 0.0, 0.0, 0.0, 1.8, 0.0, 0.0, 1.2, 0.0, 0.0, 0.0, 1.9]
Indi 14: Fitness: 41.69212121212122Genotype: [2.0, 0.0, 0.0, 0.0, 1.0, 1.2, 0.0, 0.0, 0.0, 1.4, 1.8, 1.3, 0.0, 1.8]
Indi 15: Fitness: 47.45212121212121Genotype: [0.0, 1.0, 1.6, 0.0, 1.9, 1.1, 1.0, 0.0, 0.0, 1.4, 2.0, 1.0, 0.0, 1.8]
Indi 16: Fitness: 48.332121212121216Genotype: [2.0, 0.0, 1.6, 0.0, 1.0, 1.2, 0.0, 0.0, 0.0, 1.4, 2.0, 1.3, 0.0, 1.8]
Indi 17: Fitness: 48.45212121212121Genotype: [0.0, 1.0, 0.0, 1.5, 1.2, 1.0, 1.7, 0.0, 0.0, 0.0, 1.6, 1.9, 0.0, 0.0]
Indi 18: Fitness: 48.692121212121215Genotype: [0.0, 1.0, 1.2, 0.0, 1.9, 0.0, 0.0, 0.0, 0.0, 1.4, 1.6, 1.3, 0.0, 1.8]
Indi 19: Fitness: 48.69212121212123Genotype: [0.0, 1.0, 0.0, 0.0, 1.9, 1.1, 1.0, 0.0, 0.0, 1.4, 2.0, 1.0, 0.0, 1.8]
Indi 20: Fitness: 48.77212121212121Genotype: [0.0, 1.0, 0.0, 1.5, 1.6, 1.0, 1.7, 0.0, 0.0, 0.0, 1.3, 1.9, 1.2, 0.0]
Indi 21: Fitness: 49.05212121212122Genotype: [0.0, 1.0, 0.0, 1.5, 1.2, 1.0, 1.2, 0.0, 0.0, 0.0, 1.6, 0.0, 1.1, 0.0]
Indi 22: Fitness: 49.13212121212122Genotype: [0.0, 1.0, 0.0, 1.8, 1.9, 1.1, 0.0, 0.0, 0.0, 1.4, 2.0, 1.3, 0.0, 1.8]
Indi 23: Fitness: 49.21212121212121Genotype: [0.0, 1.0, 0.0, 0.0, 1.2, 1.0, 1.7, 0.0, 0.0, 0.0, 1.6, 1.9, 1.1, 0.0]
Indi 24: Fitness: 49.252121212121224Genotype: [0.0, 1.0, 1.6, 0.0, 1.0, 1.2, 0.0, 0.0, 0.0, 1.4, 2.0, 1.3, 0.0, 1.8]
Indi 25: Fitness: 49.252121212121224Genotype: [1.1, 0.0, 1.6, 0.0, 1.0, 1.2, 0.0, 0.0, 0.0, 1.4, 2.0, 1.3, 0.0, 1.8]
Indi 26: Fitness: 49.292121212121216Genotype: [1.8, 1.0, 0.0, 0.0, 1.9, 1.3, 0.0, 0.0, 0.0, 1.4, 2.0, 1.3, 0.0, 1.8]
Indi 27: Fitness: 49.41212121212122Genotype: [2.0, 0.0, 1.6, 0.0, 1.9, 1.1, 1.0, 0.0, 0.0, 1.4, 0.0, 1.0, 0.0, 0.0]
Indi 28: Fitness: 49.57212121212122Genotype: [1.9, 0.0, 1.6, 0.0, 1.9, 1.1, 0.0, 0.0, 0.0, 1.4, 2.0, 1.0, 0.0, 1.8]
Indi 29: Fitness: 49.652121212121216Genotype: [2.0, 0.0, 0.0, 1.5, 1.6, 1.0, 1.7, 0.0, 0.0, 0.0, 1.3, 1.9, 1.2, 0.0]
Indi 30: Fitness: 49.81212121212121Genotype: [0.0, 1.0, 0.0, 1.5, 1.6, 1.0, 1.7, 0.0, 0.0, 0.0, 1.8, 1.9, 0.0, 0.0]
Indi 31: Fitness: 49.89212121212122Genotype: [0.0, 1.6, 0.0, 1.5, 1.2, 1.3, 1.7, 0.0, 0.0, 0.0, 1.3, 1.9, 1.1, 0.0]
Indi 32: Fitness: 49.892121212121225Genotype: [0.0, 1.0, 1.2, 0.0, 1.9, 1.1, 0.0, 0.0, 0.0, 1.4, 2.0, 1.3, 0.0, 1.8]
Indi 33: Fitness: 50.13212121212122Genotype: [0.0, 1.0, 0.0, 1.5, 1.2, 1.0, 1.7, 0.0, 0.0, 0.0, 1.3, 1.4, 1.1, 0.0]
Indi 34: Fitness: 50.17212121212121Genotype: [0.0, 1.0, 0.0, 1.5, 1.2, 1.0, 1.9, 0.0, 0.0, 0.0, 1.3, 1.9, 1.1, 0.0]
Indi 35: Fitness: 50.172121212121226Genotype: [0.0, 1.0, 0.0, 0.0, 0.0, 0.0, 1.8, 0.0, 0.0, 0.0, 0.0, 0.0, 0.0, 1.9]
Indi 36: Fitness: 50.172121212121226Genotype: [0.0, 0.0, 0.0, 0.0, 1.9, 1.1, 0.0, 0.0, 0.0, 1.4, 2.0, 1.3, 0.0, 1.8]
Indi 37: Fitness: 50.252121212121224Genotype: [0.0, 1.0, 0.0, 0.0, 0.0, 0.0, 1.8, 1.7, 0.0, 1.2, 0.0, 0.0, 0.0, 1.9]
Indi 38: Fitness: 51.41212121212122Genotype: [0.0, 0.0, 1.9, 0.0, 0.0, 0.0, 1.8, 0.0, 0.0, 1.2, 0.0, 0.0, 0.0, 1.9]
Indi 39: Fitness: 52.01212121212122Genotype: [0.0, 1.0, 0.0, 1.5, 1.2, 1.0, 1.7, 0.0, 0.0, 0.0, 1.3, 1.9, 1.1, 0.0]
Indi 40: Fitness: 52.17212121212121Genotype: [0.0, 1.0, 0.0, 0.0, 1.9, 1.1, 0.0, 0.0, 0.0, 1.4, 2.0, 1.3, 0.0, 1.8]
Indi 41: Fitness: 52.172121212121226Genotype: [0.0, 1.0, 0.0, 1.5, 1.6, 1.0, 1.7, 0.0, 0.0, 0.0, 1.3, 1.9, 1.2, 0.0]
Indi 42: Fitness: 52.45212121212122Genotype: [0.0, 1.0, 1.6, 0.0, 1.9, 1.1, 1.0, 0.0, 0.0, 1.4, 2.0, 1.0, 0.0, 1.8]
Indi 43: Fitness: 52.49212121212122Genotype: [0.0, 1.0, 0.0, 1.5, 1.6, 1.6, 1.2, 0.0, 0.0, 0.0, 1.3, 1.9, 1.2, 0.0]
Indi 44: Fitness: 52.532121212121226Genotype: [0.0, 1.0, 1.2, 0.0, 1.9, 1.1, 0.0, 0.0, 0.0, 1.4, 2.0, 1.3, 0.0, 1.8]
Indi 45: Fitness: 52.612121212121224Genotype: [2.0, 0.0, 1.6, 0.0, 1.0, 1.2, 0.0, 0.0, 0.0, 1.4, 2.0, 1.3, 0.0, 1.8]
Indi 46: Fitness: 52.65212121212122Genotype: [0.0, 1.0, 0.0, 1.5, 1.2, 1.0, 1.7, 0.0, 0.0, 0.0, 1.6, 1.9, 1.1, 0.0]
Indi 47: Fitness: 52.77212121212121Genotype: [0.0, 1.0, 0.0, 0.0, 0.0, 0.0, 1.8, 0.0, 0.0, 1.2, 0.0, 0.0, 0.0, 1.9]
Indi 48: Fitness: 52.85212121212122Genotype: [2.0, 0.0, 1.6, 0.0, 1.9, 1.1, 1.0, 0.0, 0.0, 1.4, 2.0, 1.0, 0.0, 1.8]
Indi 49: Fitness: 52.972121212121216Genotype: [2.0, 0.0, 1.9, 0.0, 0.0, 0.0, 1.8, 0.0, 0.0, 1.2, 0.0, 0.0, 0.0, 1.9]
