INICIO: Sun Jan 28 01:24:04 EST 2018
INDIVIDUALS OF LAST GENERATION: 27
Indi 0: Fitness: 10.172121212121219Genotype: [0.0, 1.0, 0.0, 1.5, 1.6, 1.0, 1.7, 0.0, 0.0, 0.0, 1.6, 1.9, 0.0, 1.5]
Indi 1: Fitness: 24.612121212121217Genotype: [0.0, 1.0, 0.0, 0.0, 1.6, 1.5, 1.7, 0.0, 0.0, 0.0, 1.3, 1.9, 0.0, 0.0]
Indi 2: Fitness: 26.892121212121225Genotype: [0.0, 1.0, 0.0, 0.0, 0.0, 0.0, 1.8, 0.0, 0.0, 1.2, 0.0, 0.0, 0.0, 1.9]
Indi 3: Fitness: 32.052121212121214Genotype: [0.0, 1.0, 0.0, 1.5, 1.2, 1.0, 1.7, 0.0, 0.0, 0.0, 1.3, 1.9, 1.1, 0.0]
Indi 4: Fitness: 34.93212121212122Genotype: [2.0, 0.0, 1.9, 0.0, 1.8, 0.0, 1.8, 0.0, 0.0, 1.2, 0.0, 0.0, 0.0, 1.9]
Indi 5: Fitness: 36.93212121212122Genotype: [0.0, 1.5, 1.3, 1.5, 1.2, 1.0, 1.7, 0.0, 0.0, 0.0, 1.3, 1.9, 1.1, 0.0]
Indi 6: Fitness: 37.77212121212122Genotype: [0.0, 1.0, 0.0, 1.5, 1.2, 1.0, 1.7, 0.0, 0.0, 0.0, 1.6, 1.9, 1.1, 0.0]
Indi 7: Fitness: 40.332121212121216Genotype: [0.0, 1.0, 0.0, 0.0, 0.0, 1.1, 0.0, 0.0, 0.0, 1.4, 2.0, 1.0, 0.0, 1.8]
Indi 8: Fitness: 40.85212121212122Genotype: [2.0, 0.0, 1.6, 0.0, 1.9, 1.1, 1.0, 0.0, 0.0, 1.4, 2.0, 1.0, 1.6, 0.0]
Indi 9: Fitness: 40.85212121212122Genotype: [0.0, 0.0, 0.0, 0.0, 1.6, 1.0, 1.7, 0.0, 0.0, 0.0, 1.3, 1.9, 1.2, 0.0]
Indi 10: Fitness: 43.49212121212122Genotype: [1.0, 1.0, 1.2, 0.0, 1.9, 1.1, 0.0, 0.0, 0.0, 1.4, 2.0, 1.3, 0.0, 1.8]
Indi 11: Fitness: 47.09212121212122Genotype: [2.0, 0.0, 1.6, 0.0, 1.9, 1.1, 1.0, 0.0, 0.0, 1.4, 2.0, 1.0, 0.0, 0.0]
Indi 12: Fitness: 47.13212121212122Genotype: [2.0, 0.0, 1.6, 0.0, 1.9, 1.1, 1.6, 0.0, 0.0, 1.4, 2.0, 1.0, 0.0, 1.8]
Indi 13: Fitness: 47.252121212121224Genotype: [0.0, 1.0, 0.0, 1.5, 1.2, 1.0, 1.7, 0.0, 0.0, 0.0, 1.6, 1.9, 1.1, 0.0]
Indi 14: Fitness: 47.292121212121216Genotype: [0.0, 1.0, 0.0, 0.0, 0.0, 1.9, 1.8, 0.0, 0.0, 1.2, 0.0, 1.1, 0.0, 1.9]
Indi 15: Fitness: 47.73212121212122Genotype: [0.0, 1.0, 0.0, 0.0, 1.9, 1.1, 0.0, 0.0, 0.0, 1.2, 2.0, 0.0, 0.0, 1.8]
Indi 16: Fitness: 47.89212121212122Genotype: [0.0, 1.0, 0.0, 1.0, 1.2, 1.0, 0.0, 0.0, 0.0, 0.0, 1.6, 1.9, 1.1, 0.0]
Indi 17: Fitness: 48.41212121212122Genotype: [0.0, 1.0, 0.0, 1.5, 1.2, 1.0, 1.7, 0.0, 0.0, 0.0, 1.3, 1.9, 1.1, 0.0]
Indi 18: Fitness: 48.81212121212123Genotype: [2.0, 1.4, 1.9, 0.0, 0.0, 0.0, 0.0, 0.0, 0.0, 1.2, 0.0, 0.0, 0.0, 1.9]
Indi 19: Fitness: 48.932121212121224Genotype: [2.0, 0.0, 0.0, 0.0, 0.0, 1.9, 1.8, 0.0, 0.0, 1.2, 0.0, 0.0, 0.0, 1.9]
Indi 20: Fitness: 49.13212121212122Genotype: [0.0, 1.0, 1.6, 0.0, 1.9, 1.1, 1.0, 0.0, 0.0, 1.4, 2.0, 1.0, 0.0, 1.8]
Indi 21: Fitness: 49.21212121212122Genotype: [0.0, 1.0, 0.0, 1.5, 1.6, 1.0, 0.0, 0.0, 1.8, 0.0, 1.3, 1.9, 1.2, 0.0]
Indi 22: Fitness: 49.292121212121216Genotype: [0.0, 1.0, 0.0, 1.5, 1.6, 1.0, 1.7, 0.0, 0.0, 0.0, 1.3, 1.9, 0.0, 0.0]
Indi 23: Fitness: 49.292121212121216Genotype: [2.0, 0.0, 0.0, 0.0, 0.0, 0.0, 1.8, 0.0, 0.0, 1.2, 0.0, 0.0, 0.0, 1.9]
Indi 24: Fitness: 49.45212121212121Genotype: [2.0, 0.0, 1.6, 0.0, 1.7, 1.2, 0.0, 0.0, 0.0, 1.4, 2.0, 0.0, 0.0, 1.8]
Indi 25: Fitness: 49.49212121212123Genotype: [2.0, 0.0, 0.0, 0.0, 0.0, 0.0, 1.8, 0.0, 0.0, 1.2, 0.0, 0.0, 0.0, 1.9]
Indi 26: Fitness: 49.77212121212121Genotype: [1.0, 0.0, 1.6, 0.0, 1.0, 1.2, 0.0, 0.0, 0.0, 1.4, 2.0, 1.4, 0.0, 1.8]
Indi 27: Fitness: 49.81212121212122Genotype: [0.0, 1.0, 0.0, 1.5, 1.2, 1.0, 1.7, 1.9, 0.0, 0.0, 1.6, 1.9, 1.3, 0.0]
Indi 28: Fitness: 49.85212121212122Genotype: [2.0, 0.0, 1.7, 0.0, 1.0, 1.2, 0.0, 0.0, 0.0, 1.4, 2.0, 1.3, 0.0, 1.8]
Indi 29: Fitness: 50.05212121212122Genotype: [0.0, 1.0, 0.0, 1.5, 1.2, 1.0, 1.7, 0.0, 0.0, 0.0, 1.6, 1.9, 1.1, 0.0]
Indi 30: Fitness: 50.05212121212122Genotype: [0.0, 1.0, 0.0, 1.3, 1.6, 1.0, 1.7, 0.0, 0.0, 0.0, 1.3, 1.9, 1.7, 0.0]
Indi 31: Fitness: 50.05212121212123Genotype: [0.0, 1.0, 0.0, 1.5, 1.6, 1.0, 1.7, 0.0, 0.0, 0.0, 1.3, 1.9, 0.0, 0.0]
Indi 32: Fitness: 50.37212121212122Genotype: [0.0, 1.0, 1.2, 0.0, 1.9, 1.1, 0.0, 0.0, 0.0, 1.4, 2.0, 1.3, 0.0, 1.8]
Indi 33: Fitness: 50.37212121212123Genotype: [0.0, 1.0, 0.0, 0.0, 0.0, 0.0, 1.8, 0.0, 0.0, 1.2, 1.5, 0.0, 0.0, 0.0]
Indi 34: Fitness: 50.61212121212121Genotype: [0.0, 1.6, 1.2, 0.0, 1.9, 1.1, 0.0, 0.0, 0.0, 1.4, 2.0, 1.3, 0.0, 1.8]
Indi 35: Fitness: 50.612121212121224Genotype: [1.6, 1.0, 0.0, 0.0, 1.9, 1.1, 0.0, 0.0, 2.0, 1.4, 2.0, 1.3, 0.0, 1.8]
Indi 36: Fitness: 50.732121212121214Genotype: [0.0, 1.0, 1.2, 0.0, 1.9, 1.1, 0.0, 0.0, 1.4, 1.4, 2.0, 0.0, 0.0, 1.8]
Indi 37: Fitness: 50.932121212121224Genotype: [0.0, 1.0, 0.0, 0.0, 0.0, 1.4, 1.8, 0.0, 1.7, 1.2, 0.0, 0.0, 0.0, 1.9]
Indi 38: Fitness: 51.25212121212123Genotype: [2.0, 0.0, 0.0, 0.0, 0.0, 0.0, 1.8, 0.0, 0.0, 1.2, 0.0, 0.0, 0.0, 1.9]
Indi 39: Fitness: 51.292121212121216Genotype: [0.0, 1.0, 0.0, 1.5, 1.6, 1.0, 1.7, 0.0, 0.0, 0.0, 1.3, 1.9, 0.0, 0.0]
Indi 40: Fitness: 52.012121212121215Genotype: [0.0, 1.0, 0.0, 1.5, 1.6, 1.0, 1.7, 0.0, 0.0, 0.0, 1.3, 1.9, 0.0, 0.0]
Indi 41: Fitness: 52.01212121212122Genotype: [0.0, 1.0, 0.0, 1.5, 1.2, 1.0, 1.7, 0.0, 0.0, 0.0, 1.3, 1.9, 1.1, 0.0]
Indi 42: Fitness: 52.17212121212121Genotype: [0.0, 1.0, 0.0, 0.0, 1.9, 1.1, 0.0, 0.0, 0.0, 1.4, 2.0, 1.3, 0.0, 1.8]
Indi 43: Fitness: 52.172121212121226Genotype: [0.0, 1.0, 0.0, 1.5, 1.6, 1.0, 1.7, 0.0, 0.0, 0.0, 1.3, 1.9, 1.2, 0.0]
Indi 44: Fitness: 52.532121212121226Genotype: [0.0, 1.0, 1.2, 0.0, 1.9, 1.1, 0.0, 0.0, 0.0, 1.4, 2.0, 1.3, 0.0, 1.8]
Indi 45: Fitness: 52.612121212121224Genotype: [2.0, 0.0, 1.6, 0.0, 1.0, 1.2, 0.0, 0.0, 0.0, 1.4, 2.0, 1.3, 0.0, 1.8]
Indi 46: Fitness: 52.65212121212122Genotype: [0.0, 1.0, 0.0, 1.5, 1.2, 1.0, 1.7, 0.0, 0.0, 0.0, 1.6, 1.9, 1.1, 0.0]
Indi 47: Fitness: 52.77212121212121Genotype: [0.0, 1.0, 0.0, 0.0, 0.0, 0.0, 1.8, 0.0, 0.0, 1.2, 0.0, 0.0, 0.0, 1.9]
Indi 48: Fitness: 52.85212121212122Genotype: [2.0, 0.0, 1.6, 0.0, 1.9, 1.1, 1.0, 0.0, 0.0, 1.4, 2.0, 1.0, 0.0, 1.8]
Indi 49: Fitness: 52.972121212121216Genotype: [2.0, 0.0, 1.9, 0.0, 0.0, 0.0, 1.8, 0.0, 0.0, 1.2, 0.0, 0.0, 0.0, 1.9]
