INICIO: Sun Jan 28 00:43:53 EST 2018
INDIVIDUALS OF LAST GENERATION: 22
Indi 0: Fitness: 24.05212121212122Genotype: [2.0, 1.7, 0.0, 0.0, 1.9, 1.1, 1.0, 0.0, 0.0, 1.4, 2.0, 1.0, 0.0, 1.8]
Indi 1: Fitness: 24.492121212121212Genotype: [0.0, 1.0, 0.0, 1.5, 1.6, 1.0, 1.3, 0.0, 0.0, 0.0, 1.3, 1.9, 0.0, 0.0]
Indi 2: Fitness: 26.45212121212122Genotype: [0.0, 1.0, 0.0, 0.0, 1.0, 1.1, 0.0, 0.0, 0.0, 0.0, 2.0, 1.3, 0.0, 1.8]
Indi 3: Fitness: 26.57212121212122Genotype: [0.0, 0.0, 1.6, 0.0, 1.0, 1.2, 0.0, 0.0, 0.0, 1.4, 2.0, 1.3, 0.0, 1.8]
Indi 4: Fitness: 29.33212121212123Genotype: [0.0, 0.0, 1.9, 0.0, 0.0, 0.0, 1.8, 0.0, 0.0, 1.2, 0.0, 0.0, 0.0, 1.9]
Indi 5: Fitness: 30.772121212121213Genotype: [2.0, 0.0, 1.6, 0.0, 1.9, 1.1, 1.9, 0.0, 0.0, 1.4, 2.0, 1.3, 0.0, 1.8]
Indi 6: Fitness: 35.42060606060606Genotype: [0.0, 1.0, 0.0, 0.0, 1.9, 1.1, 1.7, 0.0, 0.0, 1.4, 2.0, 1.3, 1.0, 1.8]
Indi 7: Fitness: 36.01212121212122Genotype: [0.0, 1.0, 0.0, 0.0, 1.9, 1.1, 0.0, 0.0, 0.0, 1.4, 2.0, 1.1, 0.0, 0.0]
Indi 8: Fitness: 36.50060606060607Genotype: [0.0, 1.0, 1.2, 0.0, 1.9, 1.1, 0.0, 0.0, 0.0, 1.4, 2.0, 1.3, 1.4, 1.8]
Indi 9: Fitness: 38.692121212121215Genotype: [0.0, 1.0, 0.0, 0.0, 1.9, 1.1, 0.0, 0.0, 0.0, 1.4, 2.0, 1.3, 0.0, 1.8]
Indi 10: Fitness: 41.45212121212121Genotype: [0.0, 1.0, 0.0, 0.0, 1.9, 1.1, 0.0, 0.0, 0.0, 1.4, 2.0, 1.3, 0.0, 1.7]
Indi 11: Fitness: 41.652121212121216Genotype: [0.0, 1.0, 0.0, 1.5, 1.2, 1.0, 1.7, 0.0, 0.0, 0.0, 1.3, 1.9, 1.1, 0.0]
Indi 12: Fitness: 43.05212121212122Genotype: [2.0, 0.0, 1.2, 0.0, 1.9, 1.1, 1.0, 0.0, 0.0, 1.4, 2.0, 1.0, 0.0, 1.8]
Indi 13: Fitness: 44.292121212121216Genotype: [0.0, 1.0, 0.0, 1.5, 1.7, 1.0, 1.7, 1.7, 0.0, 0.0, 1.3, 1.9, 0.0, 0.0]
Indi 14: Fitness: 46.49212121212122Genotype: [0.0, 1.5, 0.0, 1.5, 1.6, 1.0, 0.0, 0.0, 0.0, 0.0, 1.3, 1.9, 0.0, 0.0]
Indi 15: Fitness: 47.89212121212122Genotype: [2.0, 0.0, 1.9, 0.0, 0.0, 0.0, 1.8, 0.0, 0.0, 1.2, 0.0, 0.0, 0.0, 1.9]
Indi 16: Fitness: 48.17212121212122Genotype: [0.0, 0.0, 1.9, 1.0, 0.0, 0.0, 1.8, 0.0, 0.0, 1.2, 1.0, 0.0, 0.0, 1.9]
Indi 17: Fitness: 48.25212121212122Genotype: [2.0, 0.0, 1.9, 0.0, 0.0, 0.0, 1.8, 0.0, 0.0, 1.2, 0.0, 0.0, 0.0, 1.9]
Indi 18: Fitness: 48.45212121212122Genotype: [2.0, 0.0, 0.0, 0.0, 1.9, 1.1, 0.0, 0.0, 0.0, 1.4, 2.0, 1.3, 0.0, 1.8]
Indi 19: Fitness: 48.49212121212122Genotype: [0.0, 1.0, 1.2, 0.0, 1.9, 1.1, 0.0, 0.0, 0.0, 1.4, 0.0, 0.0, 0.0, 1.8]
Indi 20: Fitness: 48.49212121212122Genotype: [1.0, 1.0, 0.0, 1.5, 1.2, 1.0, 1.7, 1.7, 0.0, 0.0, 1.3, 1.9, 1.1, 0.0]
Indi 21: Fitness: 48.69212121212122Genotype: [0.0, 1.0, 1.2, 0.0, 1.9, 1.1, 0.0, 0.0, 0.0, 1.4, 2.0, 1.3, 0.0, 1.8]
Indi 22: Fitness: 48.77212121212121Genotype: [2.0, 0.0, 1.9, 0.0, 0.0, 0.0, 1.8, 0.0, 0.0, 1.2, 0.0, 0.0, 0.0, 1.9]
Indi 23: Fitness: 49.01212121212122Genotype: [2.0, 0.0, 1.9, 0.0, 0.0, 0.0, 1.8, 0.0, 0.0, 1.2, 0.0, 0.0, 0.0, 1.9]
Indi 24: Fitness: 49.29212121212122Genotype: [0.0, 1.0, 0.0, 1.5, 1.2, 1.0, 0.0, 0.0, 0.0, 1.5, 1.3, 1.9, 1.1, 0.0]
Indi 25: Fitness: 49.612121212121224Genotype: [2.0, 0.0, 1.6, 0.0, 1.9, 0.0, 1.0, 0.0, 0.0, 1.4, 2.0, 1.0, 0.0, 1.8]
Indi 26: Fitness: 49.732121212121214Genotype: [2.0, 0.0, 1.6, 0.0, 1.9, 1.1, 0.0, 0.0, 0.0, 1.4, 2.0, 1.3, 0.0, 1.8]
Indi 27: Fitness: 49.81212121212123Genotype: [0.0, 1.0, 0.0, 0.0, 0.0, 0.0, 1.8, 0.0, 0.0, 1.2, 0.0, 0.0, 0.0, 1.9]
Indi 28: Fitness: 50.012121212121215Genotype: [2.0, 0.0, 0.0, 0.0, 0.0, 0.0, 1.8, 0.0, 0.0, 1.2, 0.0, 0.0, 0.0, 1.9]
Indi 29: Fitness: 50.05212121212122Genotype: [0.0, 1.0, 1.2, 0.0, 1.7, 1.1, 0.0, 0.0, 0.0, 1.4, 2.0, 1.3, 0.0, 1.8]
Indi 30: Fitness: 50.092121212121214Genotype: [2.0, 1.9, 1.6, 0.0, 1.0, 1.2, 0.0, 0.0, 0.0, 1.3, 2.0, 1.3, 0.0, 1.8]
Indi 31: Fitness: 50.292121212121216Genotype: [2.0, 0.0, 1.6, 0.0, 1.0, 1.2, 1.9, 0.0, 1.6, 1.4, 2.0, 1.3, 0.0, 1.8]
Indi 32: Fitness: 50.53212121212122Genotype: [0.0, 1.0, 0.0, 0.0, 1.5, 1.1, 0.0, 0.0, 0.0, 1.4, 2.0, 1.3, 0.0, 1.8]
Indi 33: Fitness: 50.69212121212122Genotype: [0.0, 0.0, 0.0, 0.0, 1.9, 1.1, 0.0, 0.0, 0.0, 1.4, 2.0, 1.3, 0.0, 1.8]
Indi 34: Fitness: 50.81212121212122Genotype: [2.0, 0.0, 0.0, 0.0, 1.9, 1.1, 0.0, 0.0, 1.3, 1.4, 2.0, 1.3, 0.0, 1.8]
Indi 35: Fitness: 50.93212121212122Genotype: [0.0, 0.0, 1.9, 0.0, 0.0, 0.0, 1.8, 0.0, 0.0, 1.5, 0.0, 0.0, 0.0, 0.0]
Indi 36: Fitness: 50.932121212121224Genotype: [0.0, 1.0, 0.0, 0.0, 1.9, 1.1, 0.0, 0.0, 0.0, 1.4, 2.0, 1.3, 0.0, 1.8]
Indi 37: Fitness: 50.97212121212122Genotype: [0.0, 0.0, 1.9, 0.0, 0.0, 0.0, 1.8, 0.0, 0.0, 1.2, 0.0, 0.0, 0.0, 1.9]
Indi 38: Fitness: 51.01212121212122Genotype: [0.0, 1.0, 0.0, 0.0, 1.2, 1.0, 1.7, 0.0, 0.0, 0.0, 0.0, 1.9, 1.1, 0.0]
Indi 39: Fitness: 51.57212121212122Genotype: [2.0, 0.0, 1.6, 0.0, 1.9, 1.1, 0.0, 0.0, 0.0, 1.4, 2.0, 1.3, 0.0, 1.8]
Indi 40: Fitness: 51.89212121212122Genotype: [0.0, 0.0, 1.9, 0.0, 0.0, 0.0, 1.8, 0.0, 0.0, 1.2, 0.0, 0.0, 0.0, 1.9]
Indi 41: Fitness: 51.89212121212122Genotype: [2.0, 0.0, 1.6, 0.0, 1.9, 1.1, 0.0, 0.0, 0.0, 1.4, 2.0, 1.3, 0.0, 1.8]
Indi 42: Fitness: 51.93212121212122Genotype: [0.0, 1.0, 0.0, 0.0, 1.9, 1.1, 0.0, 0.0, 0.0, 1.4, 2.0, 1.3, 0.0, 1.8]
Indi 43: Fitness: 51.972121212121216Genotype: [0.0, 1.0, 0.0, 0.0, 1.9, 1.1, 0.0, 0.0, 0.0, 1.4, 2.0, 1.3, 0.0, 1.8]
Indi 44: Fitness: 52.012121212121215Genotype: [0.0, 1.0, 0.0, 1.5, 1.6, 1.0, 1.7, 0.0, 0.0, 0.0, 1.3, 1.9, 0.0, 0.0]
Indi 45: Fitness: 52.01212121212122Genotype: [0.0, 1.0, 0.0, 1.5, 1.2, 1.0, 1.7, 0.0, 0.0, 0.0, 1.3, 1.9, 1.1, 0.0]
Indi 46: Fitness: 52.532121212121226Genotype: [0.0, 1.0, 1.2, 0.0, 1.9, 1.1, 0.0, 0.0, 0.0, 1.4, 2.0, 1.3, 0.0, 1.8]
Indi 47: Fitness: 52.612121212121224Genotype: [2.0, 0.0, 1.6, 0.0, 1.0, 1.2, 0.0, 0.0, 0.0, 1.4, 2.0, 1.3, 0.0, 1.8]
Indi 48: Fitness: 52.85212121212122Genotype: [2.0, 0.0, 1.6, 0.0, 1.9, 1.1, 1.0, 0.0, 0.0, 1.4, 2.0, 1.0, 0.0, 1.8]
Indi 49: Fitness: 52.972121212121216Genotype: [2.0, 0.0, 1.9, 0.0, 0.0, 0.0, 1.8, 0.0, 0.0, 1.2, 0.0, 0.0, 0.0, 1.9]
