INICIO: Sun Jan 28 03:38:27 EST 2018
INDIVIDUALS OF LAST GENERATION: 45
Indi 0: Fitness: 23.492121212121226Genotype: [0.0, 1.0, 0.0, 0.0, 1.2, 1.0, 0.0, 0.0, 1.8, 0.0, 1.6, 1.9, 1.4, 0.0]
Indi 1: Fitness: 25.412121212121214Genotype: [0.0, 1.9, 1.8, 0.0, 0.0, 0.0, 1.8, 0.0, 0.0, 1.2, 0.0, 0.0, 0.0, 1.9]
Indi 2: Fitness: 25.932121212121217Genotype: [2.0, 0.0, 1.6, 0.0, 0.0, 0.0, 1.1, 0.0, 0.0, 1.2, 0.0, 0.0, 0.0, 1.9]
Indi 3: Fitness: 33.13212121212122Genotype: [2.0, 0.0, 1.6, 0.0, 1.9, 1.1, 1.0, 0.0, 0.0, 1.3, 2.0, 1.0, 0.0, 1.8]
Indi 4: Fitness: 34.77212121212123Genotype: [0.0, 1.0, 0.0, 0.0, 0.0, 1.0, 0.0, 0.0, 0.0, 0.0, 1.6, 1.9, 1.4, 0.0]
Indi 5: Fitness: 35.41212121212122Genotype: [0.0, 1.0, 1.2, 1.4, 1.2, 1.4, 1.7, 0.0, 0.0, 0.0, 1.6, 1.9, 1.5, 0.0]
Indi 6: Fitness: 36.17212121212122Genotype: [0.0, 1.0, 0.0, 1.9, 1.2, 1.0, 0.0, 0.0, 0.0, 0.0, 1.6, 1.9, 1.5, 0.0]
Indi 7: Fitness: 37.612121212121224Genotype: [2.0, 0.0, 0.0, 1.5, 1.2, 1.0, 1.7, 0.0, 0.0, 0.0, 1.6, 1.9, 1.1, 0.0]
Indi 8: Fitness: 37.81212121212123Genotype: [0.0, 1.0, 0.0, 0.0, 0.0, 0.0, 0.0, 0.0, 0.0, 1.2, 0.0, 0.0, 0.0, 1.9]
Indi 9: Fitness: 37.85212121212122Genotype: [0.0, 1.0, 0.0, 1.5, 1.2, 1.0, 1.7, 0.0, 0.0, 0.0, 1.6, 1.9, 1.1, 0.0]
Indi 10: Fitness: 38.29212121212122Genotype: [0.0, 1.0, 0.0, 1.5, 1.2, 1.4, 1.7, 0.0, 0.0, 0.0, 1.6, 1.9, 1.1, 0.0]
Indi 11: Fitness: 40.85212121212122Genotype: [0.0, 1.0, 0.0, 0.0, 0.0, 0.0, 1.8, 0.0, 0.0, 1.2, 0.0, 0.0, 0.0, 1.9]
Indi 12: Fitness: 43.012121212121215Genotype: [0.0, 1.0, 0.0, 0.0, 0.0, 0.0, 1.8, 0.0, 0.0, 1.2, 0.0, 0.0, 0.0, 1.9]
Indi 13: Fitness: 43.13212121212122Genotype: [0.0, 1.0, 0.0, 0.0, 1.6, 0.0, 1.2, 0.0, 0.0, 0.0, 1.3, 1.9, 1.2, 0.0]
Indi 14: Fitness: 46.492121212121226Genotype: [0.0, 1.0, 0.0, 1.5, 2.0, 1.0, 1.7, 0.0, 0.0, 0.0, 1.6, 0.0, 1.1, 0.0]
Indi 15: Fitness: 46.57212121212122Genotype: [0.0, 1.1, 0.0, 1.5, 1.6, 1.6, 1.2, 0.0, 0.0, 0.0, 1.3, 1.9, 0.0, 0.0]
Indi 16: Fitness: 47.012121212121215Genotype: [0.0, 1.0, 1.2, 0.0, 1.9, 1.1, 0.0, 0.0, 0.0, 1.4, 2.0, 1.3, 0.0, 1.8]
Indi 17: Fitness: 47.37212121212122Genotype: [2.0, 0.0, 1.6, 2.0, 1.9, 1.1, 1.8, 0.0, 0.0, 1.4, 2.0, 1.0, 0.0, 1.8]
Indi 18: Fitness: 48.49212121212122Genotype: [0.0, 1.0, 1.2, 0.0, 1.1, 1.1, 0.0, 0.0, 0.0, 1.4, 2.0, 0.0, 0.0, 1.8]
Indi 19: Fitness: 48.77212121212123Genotype: [1.1, 0.0, 1.6, 0.0, 1.0, 1.2, 0.0, 0.0, 0.0, 1.8, 2.0, 1.3, 0.0, 1.8]
Indi 20: Fitness: 48.85212121212121Genotype: [2.0, 0.0, 1.9, 0.0, 0.0, 0.0, 1.8, 0.0, 0.0, 1.2, 0.0, 0.0, 0.0, 1.8]
Indi 21: Fitness: 48.972121212121216Genotype: [0.0, 1.0, 1.2, 1.9, 1.2, 1.0, 1.5, 0.0, 0.0, 0.0, 1.6, 0.0, 1.5, 0.0]
Indi 22: Fitness: 49.372121212121215Genotype: [0.0, 1.0, 0.0, 1.5, 1.6, 1.6, 0.0, 0.0, 0.0, 0.0, 0.0, 1.9, 1.2, 0.0]
Indi 23: Fitness: 49.37212121212123Genotype: [0.0, 1.0, 1.2, 1.3, 1.9, 1.1, 1.2, 0.0, 0.0, 1.4, 2.0, 1.3, 0.0, 1.8]
Indi 24: Fitness: 49.492121212121226Genotype: [0.0, 1.0, 0.0, 0.0, 1.2, 1.0, 1.7, 0.0, 0.0, 0.0, 1.6, 1.9, 1.4, 0.0]
Indi 25: Fitness: 49.53212121212122Genotype: [0.0, 1.0, 0.0, 0.0, 0.0, 0.0, 1.8, 0.0, 1.9, 1.2, 0.0, 0.0, 0.0, 1.9]
Indi 26: Fitness: 49.612121212121224Genotype: [0.0, 1.0, 1.6, 0.0, 1.0, 1.2, 0.0, 0.0, 0.0, 1.4, 2.0, 1.3, 0.0, 1.8]
Indi 27: Fitness: 49.97212121212122Genotype: [0.0, 1.0, 0.0, 1.3, 1.2, 1.0, 1.7, 0.0, 0.0, 0.0, 1.6, 1.9, 1.1, 0.0]
Indi 28: Fitness: 50.01212121212122Genotype: [0.0, 1.0, 0.0, 1.9, 1.2, 1.0, 1.7, 0.0, 0.0, 0.0, 1.6, 1.9, 1.5, 0.0]
Indi 29: Fitness: 50.212121212121225Genotype: [0.0, 1.0, 1.2, 1.9, 1.2, 1.0, 1.7, 0.0, 0.0, 0.0, 0.0, 1.9, 0.0, 0.0]
Indi 30: Fitness: 50.292121212121216Genotype: [0.0, 1.0, 1.2, 0.0, 1.9, 1.1, 0.0, 0.0, 0.0, 1.4, 2.0, 1.3, 0.0, 1.8]
Indi 31: Fitness: 50.332121212121216Genotype: [1.9, 0.0, 1.6, 0.0, 1.0, 1.2, 0.0, 0.0, 0.0, 1.4, 2.0, 0.0, 0.0, 1.8]
Indi 32: Fitness: 50.49212121212122Genotype: [2.0, 0.0, 1.9, 0.0, 0.0, 0.0, 1.8, 0.0, 0.0, 1.2, 0.0, 0.0, 0.0, 1.9]
Indi 33: Fitness: 50.57212121212122Genotype: [2.0, 0.0, 1.9, 0.0, 0.0, 0.0, 1.3, 0.0, 0.0, 1.2, 0.0, 0.0, 0.0, 1.9]
Indi 34: Fitness: 50.57212121212122Genotype: [2.0, 0.0, 0.0, 0.0, 1.2, 1.0, 1.7, 0.0, 0.0, 0.0, 1.6, 1.9, 1.4, 0.0]
Indi 35: Fitness: 50.61212121212122Genotype: [2.0, 0.0, 1.6, 0.0, 1.9, 1.1, 1.0, 0.0, 0.0, 1.4, 1.1, 0.0, 0.0, 1.8]
Indi 36: Fitness: 50.85212121212122Genotype: [0.0, 1.0, 0.0, 1.9, 1.2, 1.0, 1.7, 0.0, 0.0, 0.0, 1.6, 1.9, 0.0, 0.0]
Indi 37: Fitness: 50.89212121212122Genotype: [0.0, 1.0, 0.0, 1.5, 1.6, 1.6, 1.2, 0.0, 0.0, 0.0, 1.3, 1.9, 1.2, 0.0]
Indi 38: Fitness: 51.69212121212122Genotype: [0.0, 1.0, 1.2, 0.0, 1.9, 1.1, 0.0, 0.0, 0.0, 1.4, 2.0, 0.0, 0.0, 1.8]
Indi 39: Fitness: 52.41212121212122Genotype: [2.0, 0.0, 1.5, 0.0, 1.0, 1.2, 0.0, 0.0, 0.0, 1.4, 2.0, 1.3, 0.0, 1.8]
Indi 40: Fitness: 52.49212121212122Genotype: [0.0, 1.0, 0.0, 1.5, 1.6, 1.6, 1.2, 0.0, 0.0, 0.0, 1.3, 1.9, 1.2, 0.0]
Indi 41: Fitness: 52.532121212121226Genotype: [0.0, 1.0, 1.2, 0.0, 1.9, 1.1, 0.0, 0.0, 0.0, 1.4, 2.0, 1.3, 0.0, 1.8]
Indi 42: Fitness: 52.612121212121224Genotype: [2.0, 0.0, 1.6, 0.0, 1.0, 1.2, 0.0, 0.0, 0.0, 1.4, 2.0, 1.3, 0.0, 1.8]
Indi 43: Fitness: 52.65212121212122Genotype: [0.0, 1.0, 0.0, 1.5, 1.2, 1.0, 1.7, 0.0, 0.0, 0.0, 1.6, 1.9, 1.1, 0.0]
Indi 44: Fitness: 52.65212121212122Genotype: [0.0, 1.0, 0.0, 0.0, 1.2, 1.0, 1.7, 0.0, 0.0, 0.0, 1.6, 1.9, 1.4, 0.0]
Indi 45: Fitness: 52.77212121212121Genotype: [0.0, 1.0, 1.2, 1.9, 1.2, 1.0, 1.7, 0.0, 0.0, 0.0, 1.6, 1.9, 1.5, 0.0]
Indi 46: Fitness: 52.77212121212121Genotype: [0.0, 1.0, 0.0, 0.0, 0.0, 0.0, 1.8, 0.0, 0.0, 1.2, 0.0, 0.0, 0.0, 1.9]
Indi 47: Fitness: 52.85212121212122Genotype: [2.0, 0.0, 1.6, 0.0, 1.9, 1.1, 1.0, 0.0, 0.0, 1.4, 2.0, 1.0, 0.0, 1.8]
Indi 48: Fitness: 52.972121212121216Genotype: [2.0, 0.0, 1.9, 0.0, 0.0, 0.0, 1.8, 0.0, 0.0, 1.2, 0.0, 0.0, 0.0, 1.9]
Indi 49: Fitness: 53.17212121212121Genotype: [0.0, 1.0, 0.0, 1.9, 1.2, 1.0, 1.7, 0.0, 0.0, 0.0, 1.6, 1.9, 1.5, 0.0]
