INICIO: Sat Jan 27 23:57:10 EST 2018
INDIVIDUALS OF LAST GENERATION: 16
Indi 0: Fitness: 24.212121212121218Genotype: [0.0, 1.0, 0.0, 0.0, 1.9, 1.1, 0.0, 0.0, 0.0, 1.4, 2.0, 1.3, 0.0, 1.8]
Indi 1: Fitness: 25.252121212121217Genotype: [0.0, 1.0, 0.0, 1.5, 1.2, 1.1, 1.7, 2.0, 0.0, 0.0, 1.3, 1.9, 1.1, 0.0]
Indi 2: Fitness: 25.46060606060606Genotype: [0.0, 1.0, 0.0, 0.0, 1.9, 1.1, 0.0, 0.0, 0.0, 0.0, 2.0, 1.3, 1.9, 1.8]
Indi 3: Fitness: 32.21212121212121Genotype: [2.0, 0.0, 1.6, 0.0, 0.0, 1.2, 0.0, 0.0, 0.0, 1.4, 2.0, 1.3, 0.0, 1.8]
Indi 4: Fitness: 34.332121212121216Genotype: [0.0, 1.0, 0.0, 1.5, 1.8, 1.0, 1.7, 0.0, 1.3, 0.0, 1.3, 1.9, 0.0, 0.0]
Indi 5: Fitness: 35.900606060606066Genotype: [2.0, 0.0, 1.6, 0.0, 1.9, 1.1, 0.0, 0.0, 0.0, 1.4, 2.0, 1.3, 1.4, 1.8]
Indi 6: Fitness: 39.49212121212122Genotype: [0.0, 1.0, 0.0, 1.5, 1.6, 1.0, 1.7, 0.0, 0.0, 0.0, 1.3, 1.9, 0.0, 0.0]
Indi 7: Fitness: 40.45212121212121Genotype: [2.0, 0.0, 1.6, 0.0, 0.0, 1.1, 0.0, 0.0, 0.0, 0.0, 2.0, 1.3, 0.0, 1.8]
Indi 8: Fitness: 42.732121212121214Genotype: [0.0, 1.0, 0.0, 1.5, 1.6, 1.0, 1.7, 0.0, 0.0, 0.0, 1.3, 1.9, 1.9, 0.0]
Indi 9: Fitness: 42.972121212121216Genotype: [0.0, 1.0, 0.0, 0.0, 1.9, 1.7, 0.0, 0.0, 0.0, 1.4, 1.5, 1.3, 0.0, 1.8]
Indi 10: Fitness: 47.57212121212122Genotype: [2.0, 0.0, 1.9, 0.0, 0.0, 0.0, 1.8, 0.0, 0.0, 0.0, 0.0, 0.0, 0.0, 1.9]
Indi 11: Fitness: 47.732121212121214Genotype: [2.0, 0.0, 1.6, 0.0, 1.0, 1.2, 0.0, 0.0, 0.0, 1.4, 2.0, 0.0, 0.0, 1.8]
Indi 12: Fitness: 48.13212121212122Genotype: [0.0, 0.0, 1.6, 0.0, 1.0, 1.2, 0.0, 0.0, 0.0, 1.4, 2.0, 1.3, 0.0, 1.8]
Indi 13: Fitness: 48.17212121212122Genotype: [0.0, 1.0, 0.0, 0.0, 1.9, 1.1, 0.0, 0.0, 0.0, 0.0, 2.0, 1.3, 0.0, 1.8]
Indi 14: Fitness: 48.17212121212122Genotype: [0.0, 0.0, 1.1, 0.0, 0.0, 0.0, 1.8, 0.0, 0.0, 1.2, 0.0, 0.0, 0.0, 0.0]
Indi 15: Fitness: 48.33212121212122Genotype: [2.0, 0.0, 0.0, 1.5, 1.2, 1.0, 1.7, 0.0, 0.0, 0.0, 1.3, 1.9, 1.1, 0.0]
Indi 16: Fitness: 48.49212121212122Genotype: [2.0, 0.0, 1.6, 0.0, 1.9, 1.1, 1.0, 0.0, 0.0, 0.0, 2.0, 1.0, 0.0, 1.8]
Indi 17: Fitness: 48.57212121212122Genotype: [0.0, 1.0, 0.0, 1.7, 1.9, 1.1, 0.0, 0.0, 0.0, 1.4, 0.0, 1.3, 0.0, 1.8]
Indi 18: Fitness: 48.892121212121225Genotype: [0.0, 1.0, 0.0, 0.0, 1.9, 1.1, 0.0, 0.0, 0.0, 1.4, 2.0, 1.3, 0.0, 1.8]
Indi 19: Fitness: 49.09212121212122Genotype: [1.9, 0.0, 1.9, 0.0, 0.0, 0.0, 1.8, 0.0, 0.0, 1.2, 0.0, 1.1, 0.0, 1.9]
Indi 20: Fitness: 49.09212121212123Genotype: [2.0, 0.0, 1.6, 0.0, 1.9, 1.1, 1.0, 0.0, 0.0, 0.0, 2.0, 1.0, 0.0, 1.3]
Indi 21: Fitness: 49.292121212121216Genotype: [0.0, 0.0, 1.9, 1.2, 0.0, 0.0, 1.8, 0.0, 0.0, 1.2, 0.0, 0.0, 0.0, 1.9]
Indi 22: Fitness: 49.37212121212122Genotype: [0.0, 0.0, 0.0, 1.5, 1.2, 1.0, 1.7, 0.0, 0.0, 0.0, 1.3, 1.9, 0.0, 0.0]
Indi 23: Fitness: 49.45212121212122Genotype: [0.0, 1.0, 0.0, 0.0, 0.0, 1.1, 0.0, 0.0, 0.0, 1.4, 2.0, 1.3, 0.0, 1.8]
Indi 24: Fitness: 49.49212121212122Genotype: [2.0, 0.0, 1.9, 0.0, 0.0, 0.0, 1.8, 1.7, 0.0, 1.2, 0.0, 0.0, 0.0, 1.9]
Indi 25: Fitness: 49.65212121212122Genotype: [2.0, 0.0, 1.6, 0.0, 1.9, 1.1, 1.0, 0.0, 0.0, 1.4, 2.0, 1.0, 0.0, 1.8]
Indi 26: Fitness: 49.692121212121215Genotype: [0.0, 0.0, 0.0, 1.1, 1.9, 1.1, 0.0, 0.0, 0.0, 1.4, 2.0, 1.3, 0.0, 1.8]
Indi 27: Fitness: 49.69212121212122Genotype: [0.0, 1.0, 1.6, 0.0, 1.9, 1.1, 0.0, 0.0, 0.0, 1.4, 2.0, 1.3, 0.0, 1.8]
Indi 28: Fitness: 49.85212121212121Genotype: [2.0, 0.0, 1.9, 0.0, 0.0, 0.0, 1.8, 0.0, 0.0, 1.2, 0.0, 0.0, 0.0, 1.9]
Indi 29: Fitness: 49.97212121212122Genotype: [0.0, 1.0, 1.6, 0.0, 1.9, 1.1, 1.0, 0.0, 0.0, 1.4, 2.0, 1.0, 0.0, 1.8]
Indi 30: Fitness: 50.052121212121214Genotype: [2.0, 0.0, 1.6, 0.0, 1.9, 1.1, 0.0, 0.0, 0.0, 1.4, 2.0, 1.3, 0.0, 1.8]
Indi 31: Fitness: 50.09212121212122Genotype: [0.0, 1.0, 0.0, 1.2, 1.6, 1.0, 1.7, 0.0, 0.0, 0.0, 1.3, 1.9, 0.0, 0.0]
Indi 32: Fitness: 50.212121212121225Genotype: [0.0, 1.0, 1.6, 0.0, 1.9, 1.1, 0.0, 0.0, 0.0, 1.4, 0.0, 1.3, 0.0, 1.8]
Indi 33: Fitness: 50.41212121212122Genotype: [0.0, 1.5, 0.0, 1.6, 1.2, 1.0, 1.7, 0.0, 0.0, 0.0, 1.3, 1.9, 1.1, 0.0]
Indi 34: Fitness: 50.73212121212122Genotype: [0.0, 1.0, 1.6, 0.0, 1.9, 0.0, 0.0, 0.0, 0.0, 1.4, 2.0, 1.3, 0.0, 0.0]
Indi 35: Fitness: 50.85212121212122Genotype: [2.0, 0.0, 1.6, 0.0, 1.9, 1.4, 1.0, 0.0, 0.0, 1.4, 1.3, 1.0, 0.0, 1.8]
Indi 36: Fitness: 51.012121212121215Genotype: [2.0, 0.0, 1.1, 0.0, 1.0, 1.2, 0.0, 0.0, 0.0, 1.4, 2.0, 1.3, 0.0, 1.8]
Indi 37: Fitness: 51.13212121212122Genotype: [2.0, 0.0, 1.9, 0.0, 0.0, 0.0, 1.8, 0.0, 1.4, 1.2, 0.0, 0.0, 0.0, 1.8]
Indi 38: Fitness: 51.13212121212122Genotype: [0.0, 0.0, 1.6, 0.0, 1.9, 1.1, 0.0, 0.0, 0.0, 1.3, 2.0, 1.3, 0.0, 1.8]
Indi 39: Fitness: 51.49212121212122Genotype: [0.0, 1.0, 0.0, 0.0, 1.9, 1.1, 0.0, 0.0, 0.0, 1.4, 2.0, 1.3, 0.0, 1.8]
Indi 40: Fitness: 51.81212121212123Genotype: [0.0, 1.0, 1.6, 0.0, 1.9, 1.1, 0.0, 0.0, 0.0, 1.4, 2.0, 1.3, 0.0, 1.8]
Indi 41: Fitness: 51.89212121212122Genotype: [0.0, 0.0, 1.9, 0.0, 0.0, 0.0, 1.8, 0.0, 0.0, 1.2, 0.0, 0.0, 0.0, 1.9]
Indi 42: Fitness: 51.89212121212122Genotype: [2.0, 0.0, 1.6, 0.0, 1.9, 1.1, 0.0, 0.0, 0.0, 1.4, 2.0, 1.3, 0.0, 1.8]
Indi 43: Fitness: 51.93212121212122Genotype: [0.0, 1.0, 0.0, 0.0, 1.9, 1.1, 0.0, 0.0, 0.0, 1.4, 2.0, 1.3, 0.0, 1.8]
Indi 44: Fitness: 51.972121212121216Genotype: [0.0, 1.0, 0.0, 0.0, 1.9, 1.1, 0.0, 0.0, 0.0, 1.4, 2.0, 1.3, 0.0, 1.8]
Indi 45: Fitness: 52.012121212121215Genotype: [0.0, 1.0, 0.0, 1.5, 1.6, 1.0, 1.7, 0.0, 0.0, 0.0, 1.3, 1.9, 0.0, 0.0]
Indi 46: Fitness: 52.01212121212122Genotype: [0.0, 1.0, 0.0, 1.5, 1.2, 1.0, 1.7, 0.0, 0.0, 0.0, 1.3, 1.9, 1.1, 0.0]
Indi 47: Fitness: 52.612121212121224Genotype: [2.0, 0.0, 1.6, 0.0, 1.0, 1.2, 0.0, 0.0, 0.0, 1.4, 2.0, 1.3, 0.0, 1.8]
Indi 48: Fitness: 52.85212121212122Genotype: [2.0, 0.0, 1.6, 0.0, 1.9, 1.1, 1.0, 0.0, 0.0, 1.4, 2.0, 1.0, 0.0, 1.8]
Indi 49: Fitness: 52.972121212121216Genotype: [2.0, 0.0, 1.9, 0.0, 0.0, 0.0, 1.8, 0.0, 0.0, 1.2, 0.0, 0.0, 0.0, 1.9]
