INICIO: Sun Jan 28 02:28:43 EST 2018
INDIVIDUALS OF LAST GENERATION: 35
Indi 0: Fitness: 14.300606060606066Genotype: [0.0, 1.0, 0.0, 1.5, 1.6, 1.6, 1.2, 0.0, 0.0, 0.0, 1.3, 1.9, 1.2, 1.9]
Indi 1: Fitness: 15.052121212121222Genotype: [0.0, 1.0, 0.0, 1.6, 0.0, 0.0, 1.8, 0.0, 0.0, 1.2, 0.0, 0.0, 0.0, 1.9]
Indi 2: Fitness: 24.49212121212122Genotype: [2.0, 0.0, 1.6, 0.0, 1.0, 1.2, 0.0, 0.0, 0.0, 1.0, 2.0, 1.3, 0.0, 1.8]
Indi 3: Fitness: 24.53212121212122Genotype: [0.0, 1.0, 0.0, 1.9, 1.2, 1.0, 1.7, 0.0, 0.0, 0.0, 1.6, 1.9, 1.5, 0.0]
Indi 4: Fitness: 24.57212121212122Genotype: [0.0, 1.0, 1.6, 0.0, 1.3, 1.1, 1.0, 0.0, 0.0, 0.0, 2.0, 1.0, 0.0, 1.8]
Indi 5: Fitness: 28.060606060606062Genotype: [0.0, 1.0, 1.6, 0.0, 1.9, 1.1, 1.0, 0.0, 0.0, 1.4, 2.0, 1.0, 1.9, 1.8]
Indi 6: Fitness: 36.612121212121224Genotype: [2.0, 0.0, 1.6, 0.0, 1.0, 1.2, 0.0, 0.0, 0.0, 0.0, 2.0, 1.8, 0.0, 1.8]
Indi 7: Fitness: 36.70060606060606Genotype: [0.0, 1.0, 1.2, 0.0, 1.7, 1.1, 0.0, 0.0, 0.0, 1.4, 2.0, 1.3, 1.5, 1.8]
Indi 8: Fitness: 41.49212121212122Genotype: [2.0, 0.0, 1.2, 0.0, 1.9, 1.1, 0.0, 0.0, 0.0, 1.4, 2.0, 1.3, 0.0, 1.8]
Indi 9: Fitness: 43.292121212121216Genotype: [0.0, 1.0, 1.6, 0.0, 1.0, 1.2, 0.0, 0.0, 0.0, 1.4, 2.0, 1.3, 0.0, 1.8]
Indi 10: Fitness: 45.41212121212122Genotype: [0.0, 1.0, 0.0, 0.0, 0.0, 0.0, 1.8, 0.0, 0.0, 1.2, 0.0, 0.0, 0.0, 1.9]
Indi 11: Fitness: 47.372121212121215Genotype: [0.0, 1.0, 1.8, 1.9, 1.2, 1.0, 1.7, 0.0, 0.0, 0.0, 1.6, 1.9, 0.0, 0.0]
Indi 12: Fitness: 47.41212121212122Genotype: [0.0, 1.8, 1.6, 0.0, 1.9, 1.1, 1.0, 0.0, 0.0, 1.4, 2.0, 1.0, 0.0, 1.8]
Indi 13: Fitness: 48.13212121212123Genotype: [0.0, 1.0, 1.2, 0.0, 1.3, 1.1, 0.0, 0.0, 0.0, 1.4, 2.0, 1.3, 0.0, 1.8]
Indi 14: Fitness: 48.292121212121216Genotype: [2.0, 0.0, 0.0, 1.5, 1.2, 1.0, 1.7, 0.0, 0.0, 0.0, 1.6, 1.9, 1.1, 0.0]
Indi 15: Fitness: 48.292121212121216Genotype: [2.0, 0.0, 1.6, 0.0, 1.9, 1.1, 1.0, 0.0, 1.5, 1.4, 1.3, 1.0, 0.0, 1.8]
Indi 16: Fitness: 48.37212121212122Genotype: [0.0, 1.0, 0.0, 1.5, 1.2, 1.3, 1.7, 0.0, 0.0, 0.0, 1.6, 1.9, 1.1, 0.0]
Indi 17: Fitness: 48.53212121212122Genotype: [0.0, 1.0, 0.0, 1.5, 1.2, 1.0, 1.7, 0.0, 0.0, 0.0, 1.6, 1.9, 1.1, 0.0]
Indi 18: Fitness: 48.532121212121226Genotype: [0.0, 1.0, 0.0, 0.0, 0.0, 0.0, 1.8, 0.0, 0.0, 1.2, 1.7, 0.0, 0.0, 0.0]
Indi 19: Fitness: 48.65212121212122Genotype: [0.0, 1.0, 0.0, 1.5, 1.2, 1.0, 1.7, 0.0, 0.0, 0.0, 1.6, 1.9, 1.1, 0.0]
Indi 20: Fitness: 49.09212121212122Genotype: [2.0, 0.0, 0.0, 1.5, 1.2, 1.0, 1.7, 0.0, 0.0, 0.0, 1.6, 1.9, 1.1, 0.0]
Indi 21: Fitness: 49.17212121212121Genotype: [0.0, 1.4, 1.4, 1.5, 1.6, 1.6, 1.2, 0.0, 0.0, 0.0, 1.3, 1.9, 1.2, 0.0]
Indi 22: Fitness: 49.33212121212121Genotype: [0.0, 1.0, 1.2, 1.9, 0.0, 1.0, 1.7, 0.0, 0.0, 0.0, 1.6, 1.9, 1.5, 0.0]
Indi 23: Fitness: 49.53212121212122Genotype: [0.0, 1.0, 1.2, 1.9, 1.2, 1.0, 1.7, 0.0, 0.0, 0.0, 1.6, 1.9, 1.5, 0.0]
Indi 24: Fitness: 49.612121212121224Genotype: [0.0, 1.0, 0.0, 1.5, 1.2, 1.0, 0.0, 0.0, 0.0, 0.0, 1.6, 1.9, 1.1, 0.0]
Indi 25: Fitness: 49.65212121212122Genotype: [0.0, 1.0, 0.0, 0.0, 1.2, 1.0, 0.0, 0.0, 0.0, 0.0, 1.6, 1.9, 1.5, 0.0]
Indi 26: Fitness: 49.73212121212122Genotype: [2.0, 0.0, 1.6, 0.0, 1.9, 1.1, 0.0, 0.0, 0.0, 0.0, 2.0, 1.0, 0.0, 1.8]
Indi 27: Fitness: 49.972121212121216Genotype: [0.0, 1.0, 1.2, 1.9, 1.2, 1.7, 1.7, 0.0, 0.0, 0.0, 1.6, 1.9, 1.5, 0.0]
Indi 28: Fitness: 49.97212121212122Genotype: [0.0, 1.0, 0.0, 1.5, 1.2, 1.0, 1.7, 0.0, 0.0, 0.0, 1.6, 1.9, 1.6, 0.0]
Indi 29: Fitness: 50.012121212121215Genotype: [2.0, 0.0, 1.9, 0.0, 0.0, 0.0, 1.8, 0.0, 0.0, 1.7, 0.0, 0.0, 0.0, 1.9]
Indi 30: Fitness: 50.13212121212122Genotype: [2.0, 0.0, 1.6, 0.0, 1.9, 1.1, 1.0, 0.0, 0.0, 1.6, 2.0, 0.0, 0.0, 1.8]
Indi 31: Fitness: 50.17212121212122Genotype: [0.0, 1.0, 0.0, 1.9, 0.0, 1.0, 1.7, 0.0, 0.0, 0.0, 1.6, 1.9, 1.5, 0.0]
Indi 32: Fitness: 50.45212121212122Genotype: [2.0, 0.0, 1.9, 0.0, 0.0, 0.0, 1.8, 0.0, 0.0, 1.2, 0.0, 0.0, 0.0, 0.0]
Indi 33: Fitness: 50.77212121212121Genotype: [2.0, 0.0, 1.6, 0.0, 1.0, 1.7, 0.0, 1.6, 0.0, 1.4, 2.0, 1.3, 0.0, 1.8]
Indi 34: Fitness: 50.81212121212122Genotype: [0.0, 1.0, 1.2, 1.9, 1.2, 1.0, 1.7, 0.0, 0.0, 0.0, 1.6, 0.0, 1.5, 0.0]
Indi 35: Fitness: 50.85212121212122Genotype: [0.0, 1.0, 0.0, 0.0, 1.6, 1.6, 1.2, 0.0, 0.0, 0.0, 1.3, 1.9, 1.2, 0.0]
Indi 36: Fitness: 51.17212121212122Genotype: [0.0, 1.0, 1.2, 0.0, 1.9, 0.0, 0.0, 0.0, 0.0, 1.4, 2.0, 1.3, 0.0, 1.8]
Indi 37: Fitness: 51.292121212121216Genotype: [2.0, 0.0, 1.9, 0.0, 0.0, 0.0, 1.8, 0.0, 0.0, 0.0, 0.0, 0.0, 0.0, 1.9]
Indi 38: Fitness: 51.292121212121216Genotype: [0.0, 1.0, 0.0, 1.5, 1.2, 1.0, 1.7, 0.0, 0.0, 0.0, 1.6, 1.9, 1.1, 0.0]
Indi 39: Fitness: 51.372121212121215Genotype: [0.0, 1.0, 0.0, 0.0, 0.0, 0.0, 1.8, 0.0, 0.0, 1.2, 0.0, 0.0, 0.0, 1.9]
Indi 40: Fitness: 52.45212121212122Genotype: [0.0, 1.0, 1.6, 0.0, 1.9, 1.1, 1.0, 0.0, 0.0, 1.4, 2.0, 1.0, 0.0, 1.8]
Indi 41: Fitness: 52.49212121212122Genotype: [0.0, 1.0, 0.0, 1.5, 1.6, 1.6, 1.2, 0.0, 0.0, 0.0, 1.3, 1.9, 1.2, 0.0]
Indi 42: Fitness: 52.532121212121226Genotype: [0.0, 1.0, 1.2, 0.0, 1.9, 1.1, 0.0, 0.0, 0.0, 1.4, 2.0, 1.3, 0.0, 1.8]
Indi 43: Fitness: 52.612121212121224Genotype: [2.0, 0.0, 1.6, 0.0, 1.0, 1.2, 0.0, 0.0, 0.0, 1.4, 2.0, 1.3, 0.0, 1.8]
Indi 44: Fitness: 52.65212121212122Genotype: [0.0, 1.0, 0.0, 1.5, 1.2, 1.0, 1.7, 0.0, 0.0, 0.0, 1.6, 1.9, 1.1, 0.0]
Indi 45: Fitness: 52.77212121212121Genotype: [0.0, 1.0, 1.2, 1.9, 1.2, 1.0, 1.7, 0.0, 0.0, 0.0, 1.6, 1.9, 1.5, 0.0]
Indi 46: Fitness: 52.77212121212121Genotype: [0.0, 1.0, 0.0, 0.0, 0.0, 0.0, 1.8, 0.0, 0.0, 1.2, 0.0, 0.0, 0.0, 1.9]
Indi 47: Fitness: 52.85212121212122Genotype: [2.0, 0.0, 1.6, 0.0, 1.9, 1.1, 1.0, 0.0, 0.0, 1.4, 2.0, 1.0, 0.0, 1.8]
Indi 48: Fitness: 52.972121212121216Genotype: [2.0, 0.0, 1.9, 0.0, 0.0, 0.0, 1.8, 0.0, 0.0, 1.2, 0.0, 0.0, 0.0, 1.9]
Indi 49: Fitness: 53.17212121212121Genotype: [0.0, 1.0, 0.0, 1.9, 1.2, 1.0, 1.7, 0.0, 0.0, 0.0, 1.6, 1.9, 1.5, 0.0]
