INICIO: Sat Jan 27 23:24:35 EST 2018
INDIVIDUALS OF LAST GENERATION: 12
Indi 0: Fitness: -0.30787878787878353Genotype: [2.0, 0.0, 1.6, 0.0, 1.9, 1.1, 1.3, 0.0, 0.0, 1.4, 2.0, 1.3, 0.0, 1.8]
Indi 1: Fitness: 19.96808080808081Genotype: [0.0, 1.5, 1.9, 0.0, 1.8, 0.0, 0.0, 0.0, 1.6, 1.2, 0.0, 0.0, 1.1, 1.9]
Indi 2: Fitness: 23.132121212121216Genotype: [0.0, 1.0, 0.0, 1.9, 1.2, 0.0, 0.0, 0.0, 1.2, 0.0, 1.3, 1.9, 1.2, 0.0]
Indi 3: Fitness: 25.25212121212122Genotype: [2.0, 0.0, 1.9, 0.0, 0.0, 0.0, 1.8, 0.0, 0.0, 1.2, 0.0, 0.0, 0.0, 1.9]
Indi 4: Fitness: 26.892121212121218Genotype: [0.0, 1.0, 0.0, 0.0, 1.9, 1.1, 0.0, 0.0, 0.0, 1.4, 2.0, 1.3, 0.0, 1.8]
Indi 5: Fitness: 35.09212121212122Genotype: [0.0, 1.5, 0.0, 1.8, 0.0, 0.0, 1.8, 0.0, 0.0, 1.2, 0.0, 0.0, 0.0, 1.9]
Indi 6: Fitness: 35.33212121212122Genotype: [0.0, 1.0, 0.0, 0.0, 0.0, 0.0, 1.7, 0.0, 0.0, 1.4, 0.0, 1.8, 0.0, 1.5]
Indi 7: Fitness: 35.81212121212123Genotype: [2.0, 1.1, 1.6, 0.0, 1.9, 1.1, 0.0, 0.0, 0.0, 1.4, 2.0, 1.3, 0.0, 1.8]
Indi 8: Fitness: 36.49212121212122Genotype: [2.0, 0.0, 1.6, 0.0, 0.0, 1.1, 0.0, 0.0, 0.0, 1.4, 2.0, 1.3, 0.0, 1.8]
Indi 9: Fitness: 38.212121212121225Genotype: [1.6, 1.0, 0.0, 1.5, 1.6, 1.0, 1.7, 0.0, 1.7, 0.0, 1.3, 1.9, 1.1, 0.0]
Indi 10: Fitness: 40.65212121212122Genotype: [0.0, 1.0, 0.0, 0.0, 1.6, 1.1, 0.0, 0.0, 0.0, 1.4, 2.0, 1.3, 0.0, 1.8]
Indi 11: Fitness: 42.732121212121214Genotype: [0.0, 1.5, 1.9, 0.0, 0.0, 0.0, 1.8, 0.0, 0.0, 1.2, 0.0, 0.0, 0.0, 1.9]
Indi 12: Fitness: 47.332121212121216Genotype: [0.0, 1.0, 0.0, 0.0, 1.9, 1.1, 0.0, 0.0, 0.0, 1.4, 2.0, 1.3, 0.0, 1.6]
Indi 13: Fitness: 47.732121212121214Genotype: [0.0, 1.5, 1.9, 0.0, 1.9, 1.1, 0.0, 0.0, 0.0, 1.4, 2.0, 1.3, 0.0, 1.8]
Indi 14: Fitness: 48.05212121212122Genotype: [0.0, 1.0, 0.0, 1.9, 1.8, 0.0, 0.0, 0.0, 1.2, 0.0, 1.3, 1.9, 1.1, 0.0]
Indi 15: Fitness: 48.05212121212123Genotype: [0.0, 1.0, 0.0, 0.0, 1.8, 0.0, 1.8, 0.0, 1.6, 1.2, 0.0, 0.0, 0.0, 1.9]
Indi 16: Fitness: 48.25212121212122Genotype: [0.0, 1.4, 0.0, 1.5, 1.6, 1.0, 1.7, 0.0, 1.3, 0.0, 1.3, 1.9, 1.1, 0.0]
Indi 17: Fitness: 48.49212121212122Genotype: [0.0, 1.0, 0.0, 0.0, 1.9, 1.4, 0.0, 0.0, 0.0, 1.4, 2.0, 1.4, 0.0, 1.8]
Indi 18: Fitness: 48.532121212121226Genotype: [0.0, 1.5, 0.0, 0.0, 0.0, 0.0, 1.7, 0.0, 0.0, 1.4, 1.7, 1.8, 0.0, 1.5]
Indi 19: Fitness: 48.612121212121224Genotype: [0.0, 1.5, 0.0, 0.0, 1.8, 0.0, 1.8, 1.6, 1.6, 1.2, 0.0, 0.0, 0.0, 1.9]
Indi 20: Fitness: 48.65212121212122Genotype: [1.7, 1.0, 0.0, 0.0, 1.9, 1.1, 0.0, 0.0, 0.0, 1.4, 2.0, 1.3, 0.0, 1.8]
Indi 21: Fitness: 48.89212121212122Genotype: [0.0, 1.5, 0.0, 1.5, 0.0, 0.0, 1.7, 0.0, 0.0, 1.4, 1.9, 1.8, 0.0, 1.5]
Indi 22: Fitness: 48.97212121212122Genotype: [0.0, 1.0, 0.0, 1.5, 1.2, 1.0, 1.7, 0.0, 0.0, 0.0, 1.3, 1.9, 1.1, 0.0]
Indi 23: Fitness: 49.052121212121214Genotype: [0.0, 1.0, 0.0, 1.5, 1.2, 1.0, 1.7, 0.0, 0.0, 0.0, 1.3, 1.9, 1.1, 0.0]
Indi 24: Fitness: 49.21212121212122Genotype: [0.0, 1.0, 0.0, 1.5, 1.2, 1.0, 1.7, 1.7, 0.0, 0.0, 1.3, 1.9, 1.1, 0.0]
Indi 25: Fitness: 49.252121212121224Genotype: [0.0, 1.5, 0.0, 0.0, 0.0, 0.0, 1.7, 1.0, 0.0, 1.4, 0.0, 1.8, 0.0, 1.5]
Indi 26: Fitness: 49.332121212121216Genotype: [0.0, 1.0, 0.0, 1.9, 0.0, 0.0, 0.0, 0.0, 1.2, 0.0, 1.3, 1.9, 1.1, 0.0]
Indi 27: Fitness: 49.61212121212122Genotype: [0.0, 1.0, 0.0, 1.5, 1.6, 1.0, 1.7, 0.0, 0.0, 0.0, 1.3, 1.9, 1.1, 0.0]
Indi 28: Fitness: 49.69212121212122Genotype: [0.0, 1.0, 0.0, 1.5, 1.2, 1.0, 1.7, 0.0, 0.0, 0.0, 1.3, 1.9, 1.1, 0.0]
Indi 29: Fitness: 49.732121212121214Genotype: [0.0, 1.5, 1.9, 0.0, 0.0, 0.0, 1.8, 0.0, 0.0, 1.2, 0.0, 0.0, 0.0, 1.9]
Indi 30: Fitness: 50.09212121212122Genotype: [0.0, 1.5, 1.9, 0.0, 1.8, 0.0, 1.8, 0.0, 1.6, 0.0, 0.0, 0.0, 0.0, 1.7]
Indi 31: Fitness: 50.13212121212122Genotype: [2.0, 0.0, 1.6, 0.0, 1.9, 1.1, 0.0, 0.0, 0.0, 1.4, 2.0, 1.3, 0.0, 1.8]
Indi 32: Fitness: 50.372121212121215Genotype: [2.0, 0.0, 0.0, 0.0, 1.9, 1.1, 1.3, 0.0, 0.0, 1.4, 2.0, 1.3, 0.0, 1.8]
Indi 33: Fitness: 50.372121212121215Genotype: [0.0, 1.5, 0.0, 0.0, 1.9, 1.1, 0.0, 0.0, 0.0, 1.4, 2.0, 1.3, 0.0, 1.8]
Indi 34: Fitness: 50.37212121212122Genotype: [0.0, 1.0, 0.0, 0.0, 0.0, 0.0, 1.8, 0.0, 0.0, 1.2, 0.0, 0.0, 0.0, 1.9]
Indi 35: Fitness: 50.57212121212122Genotype: [0.0, 0.0, 0.0, 0.0, 1.9, 1.1, 0.0, 1.4, 0.0, 1.4, 2.0, 1.3, 0.0, 1.8]
Indi 36: Fitness: 50.81212121212123Genotype: [2.0, 0.0, 1.6, 0.0, 1.9, 1.1, 0.0, 0.0, 0.0, 1.4, 2.0, 0.0, 0.0, 1.8]
Indi 37: Fitness: 51.13212121212122Genotype: [0.0, 1.5, 1.9, 0.0, 0.0, 0.0, 1.8, 0.0, 0.0, 1.2, 0.0, 0.0, 0.0, 1.9]
Indi 38: Fitness: 51.41212121212122Genotype: [0.0, 1.0, 0.0, 0.0, 1.9, 1.1, 0.0, 0.0, 0.0, 1.4, 2.0, 1.3, 0.0, 1.8]
Indi 39: Fitness: 51.45212121212122Genotype: [0.0, 1.0, 0.0, 1.9, 1.2, 0.0, 0.0, 0.0, 1.2, 0.0, 1.3, 1.9, 1.1, 0.0]
Indi 40: Fitness: 51.53212121212122Genotype: [0.0, 1.5, 0.0, 0.0, 0.0, 0.0, 1.7, 0.0, 0.0, 1.4, 0.0, 1.8, 0.0, 1.5]
Indi 41: Fitness: 51.532121212121226Genotype: [2.0, 0.0, 1.6, 0.0, 1.9, 1.1, 0.0, 0.0, 0.0, 1.4, 2.0, 1.3, 0.0, 1.8]
Indi 42: Fitness: 51.612121212121224Genotype: [0.0, 1.5, 1.9, 0.0, 1.8, 0.0, 1.8, 0.0, 1.6, 1.2, 0.0, 0.0, 0.0, 1.9]
Indi 43: Fitness: 51.732121212121214Genotype: [0.0, 1.0, 0.0, 1.5, 1.6, 1.0, 1.7, 0.0, 0.0, 0.0, 1.3, 1.9, 1.1, 0.0]
Indi 44: Fitness: 51.81212121212123Genotype: [0.0, 1.5, 1.9, 0.0, 0.0, 0.0, 1.8, 0.0, 0.0, 1.2, 0.0, 0.0, 0.0, 1.9]
Indi 45: Fitness: 51.89212121212122Genotype: [2.0, 0.0, 1.6, 0.0, 1.9, 1.1, 0.0, 0.0, 0.0, 1.4, 2.0, 1.3, 0.0, 1.8]
Indi 46: Fitness: 51.93212121212122Genotype: [0.0, 1.0, 0.0, 0.0, 1.9, 1.1, 0.0, 0.0, 0.0, 1.4, 2.0, 1.3, 0.0, 1.8]
Indi 47: Fitness: 51.972121212121216Genotype: [0.0, 1.0, 0.0, 0.0, 1.9, 1.1, 0.0, 0.0, 0.0, 1.4, 2.0, 1.3, 0.0, 1.8]
Indi 48: Fitness: 52.01212121212122Genotype: [0.0, 1.0, 0.0, 1.5, 1.2, 1.0, 1.7, 0.0, 0.0, 0.0, 1.3, 1.9, 1.1, 0.0]
Indi 49: Fitness: 52.612121212121224Genotype: [2.0, 0.0, 1.6, 0.0, 1.0, 1.2, 0.0, 0.0, 0.0, 1.4, 2.0, 1.3, 0.0, 1.8]
