INICIO: Sun Jan 28 02:43:00 EST 2018
INDIVIDUALS OF LAST GENERATION: 37
Indi 0: Fitness: 17.21212121212122Genotype: [0.0, 1.0, 0.0, 0.0, 0.0, 0.0, 1.8, 0.0, 0.0, 1.2, 0.0, 0.0, 0.0, 1.9]
Indi 1: Fitness: 24.892121212121218Genotype: [0.0, 1.0, 0.0, 0.0, 1.2, 1.0, 1.7, 0.0, 0.0, 0.0, 1.6, 1.9, 1.5, 0.0]
Indi 2: Fitness: 28.77212121212122Genotype: [2.0, 0.0, 0.0, 1.9, 1.2, 1.0, 1.7, 0.0, 0.0, 0.0, 1.6, 1.9, 1.5, 0.0]
Indi 3: Fitness: 30.29212121212122Genotype: [1.3, 1.0, 0.0, 0.0, 0.0, 0.0, 1.8, 0.0, 0.0, 1.2, 0.0, 0.0, 0.0, 1.9]
Indi 4: Fitness: 30.852121212121215Genotype: [0.0, 1.0, 0.0, 0.0, 1.9, 1.1, 1.0, 0.0, 0.0, 0.0, 2.0, 1.0, 0.0, 1.8]
Indi 5: Fitness: 34.06060606060606Genotype: [1.8, 0.0, 1.9, 0.0, 0.0, 0.0, 1.8, 0.0, 0.0, 1.2, 0.0, 0.0, 1.9, 1.9]
Indi 6: Fitness: 37.340606060606056Genotype: [2.0, 1.9, 1.6, 0.0, 1.9, 1.1, 1.0, 0.0, 0.0, 1.4, 2.0, 1.0, 1.9, 1.8]
Indi 7: Fitness: 37.34060606060607Genotype: [0.0, 1.0, 1.2, 0.0, 1.9, 1.1, 0.0, 0.0, 0.0, 1.4, 2.0, 1.3, 1.9, 1.8]
Indi 8: Fitness: 40.372121212121215Genotype: [0.0, 0.0, 1.6, 0.0, 1.9, 1.1, 1.0, 0.0, 0.0, 1.4, 2.0, 1.0, 0.0, 1.8]
Indi 9: Fitness: 42.97212121212122Genotype: [2.0, 0.0, 1.9, 0.0, 0.0, 0.0, 1.8, 0.0, 0.0, 0.0, 0.0, 0.0, 0.0, 1.9]
Indi 10: Fitness: 45.05212121212122Genotype: [0.0, 1.0, 1.2, 0.0, 1.2, 1.0, 1.7, 0.0, 0.0, 0.0, 1.6, 1.9, 1.5, 0.0]
Indi 11: Fitness: 47.13212121212122Genotype: [0.0, 1.0, 0.0, 1.9, 1.2, 1.0, 1.7, 1.3, 0.0, 0.0, 1.6, 1.9, 1.6, 0.0]
Indi 12: Fitness: 47.172121212121226Genotype: [0.0, 1.0, 1.6, 0.0, 1.9, 1.1, 1.0, 0.0, 0.0, 1.4, 2.0, 1.0, 0.0, 1.8]
Indi 13: Fitness: 47.81212121212122Genotype: [0.0, 1.1, 1.2, 1.9, 1.2, 1.0, 1.7, 0.0, 0.0, 1.1, 1.6, 1.9, 1.5, 0.0]
Indi 14: Fitness: 48.05212121212123Genotype: [2.0, 0.0, 0.0, 1.9, 1.2, 1.0, 1.7, 0.0, 0.0, 0.0, 1.6, 1.9, 1.5, 0.0]
Indi 15: Fitness: 48.17212121212122Genotype: [0.0, 1.0, 1.2, 0.0, 1.9, 0.0, 0.0, 0.0, 0.0, 1.4, 2.0, 1.3, 0.0, 1.8]
Indi 16: Fitness: 48.212121212121225Genotype: [0.0, 1.0, 0.0, 1.5, 1.6, 1.6, 0.0, 0.0, 0.0, 0.0, 1.3, 1.9, 0.0, 0.0]
Indi 17: Fitness: 48.57212121212122Genotype: [0.0, 1.0, 0.0, 0.0, 0.0, 0.0, 1.8, 0.0, 0.0, 0.0, 0.0, 0.0, 0.0, 1.9]
Indi 18: Fitness: 48.85212121212122Genotype: [0.0, 1.0, 0.0, 1.9, 1.2, 1.0, 1.7, 0.0, 0.0, 0.0, 0.0, 0.0, 1.5, 0.0]
Indi 19: Fitness: 48.89212121212122Genotype: [0.0, 1.0, 1.2, 0.0, 1.9, 1.1, 0.0, 0.0, 0.0, 1.4, 2.0, 1.3, 0.0, 1.8]
Indi 20: Fitness: 49.13212121212122Genotype: [2.0, 0.0, 0.0, 0.0, 0.0, 0.0, 1.8, 0.0, 0.0, 1.2, 0.0, 0.0, 0.0, 1.9]
Indi 21: Fitness: 49.17212121212122Genotype: [0.0, 1.0, 0.0, 1.5, 1.2, 1.7, 1.7, 0.0, 0.0, 1.1, 1.6, 1.9, 1.1, 0.0]
Indi 22: Fitness: 49.45212121212121Genotype: [0.0, 1.0, 0.0, 1.5, 1.6, 1.6, 0.0, 0.0, 0.0, 0.0, 1.3, 1.9, 1.2, 0.0]
Indi 23: Fitness: 49.612121212121224Genotype: [2.0, 1.6, 1.6, 0.0, 1.9, 1.1, 1.0, 0.0, 1.4, 1.4, 2.0, 1.0, 0.0, 1.8]
Indi 24: Fitness: 49.692121212121215Genotype: [0.0, 1.0, 0.0, 1.5, 1.2, 1.0, 1.7, 0.0, 0.0, 0.0, 1.6, 1.9, 0.0, 0.0]
Indi 25: Fitness: 49.73212121212123Genotype: [0.0, 1.1, 0.0, 0.0, 0.0, 0.0, 1.8, 0.0, 0.0, 0.0, 0.0, 0.0, 0.0, 1.9]
Indi 26: Fitness: 49.81212121212122Genotype: [0.0, 1.0, 2.0, 0.0, 1.1, 1.1, 1.0, 0.0, 0.0, 1.4, 2.0, 1.0, 0.0, 1.8]
Indi 27: Fitness: 49.93212121212122Genotype: [0.0, 1.0, 0.0, 1.5, 1.6, 1.6, 1.2, 0.0, 0.0, 0.0, 0.0, 1.5, 1.2, 0.0]
Indi 28: Fitness: 50.13212121212122Genotype: [0.0, 1.0, 1.2, 0.0, 1.9, 1.1, 0.0, 0.0, 0.0, 1.4, 0.0, 1.3, 0.0, 1.8]
Indi 29: Fitness: 50.332121212121216Genotype: [0.0, 2.0, 1.2, 1.9, 0.0, 1.0, 1.7, 0.0, 0.0, 0.0, 1.6, 1.9, 1.5, 0.0]
Indi 30: Fitness: 50.41212121212122Genotype: [0.0, 1.0, 1.6, 0.0, 1.9, 1.1, 1.0, 0.0, 0.0, 1.4, 2.0, 1.0, 0.0, 1.8]
Indi 31: Fitness: 50.45212121212122Genotype: [2.0, 0.0, 1.2, 1.9, 1.2, 1.0, 1.7, 0.0, 0.0, 0.0, 1.6, 1.9, 1.5, 0.0]
Indi 32: Fitness: 50.49212121212122Genotype: [0.0, 1.0, 0.0, 1.5, 1.2, 1.0, 1.7, 0.0, 0.0, 1.2, 1.6, 1.9, 0.0, 0.0]
Indi 33: Fitness: 50.53212121212122Genotype: [2.0, 0.0, 1.6, 0.0, 1.0, 1.2, 0.0, 0.0, 0.0, 0.0, 2.0, 1.3, 0.0, 1.8]
Indi 34: Fitness: 50.85212121212122Genotype: [0.0, 1.0, 0.0, 1.5, 1.2, 1.0, 1.7, 0.0, 0.0, 0.0, 1.6, 1.9, 1.1, 0.0]
Indi 35: Fitness: 50.85212121212122Genotype: [2.0, 0.0, 1.6, 0.0, 1.0, 1.2, 0.0, 0.0, 0.0, 0.0, 2.0, 1.3, 0.0, 1.8]
Indi 36: Fitness: 50.89212121212122Genotype: [0.0, 1.0, 0.0, 1.9, 1.2, 1.0, 1.7, 0.0, 0.0, 0.0, 1.6, 1.9, 1.5, 0.0]
Indi 37: Fitness: 51.252121212121224Genotype: [0.0, 1.0, 1.2, 1.9, 1.2, 1.0, 1.7, 0.0, 0.0, 0.0, 1.6, 1.9, 1.5, 0.0]
Indi 38: Fitness: 51.65212121212122Genotype: [0.0, 1.0, 1.6, 0.0, 1.1, 1.1, 1.0, 0.0, 0.0, 1.4, 0.0, 1.0, 0.0, 1.8]
Indi 39: Fitness: 52.05212121212121Genotype: [2.0, 0.0, 1.6, 0.0, 1.0, 1.2, 1.7, 0.0, 0.0, 1.4, 2.0, 1.5, 0.0, 1.8]
Indi 40: Fitness: 52.45212121212122Genotype: [0.0, 1.0, 1.6, 0.0, 1.9, 1.1, 1.0, 0.0, 0.0, 1.4, 2.0, 1.0, 0.0, 1.8]
Indi 41: Fitness: 52.49212121212122Genotype: [0.0, 1.0, 0.0, 1.5, 1.6, 1.6, 1.2, 0.0, 0.0, 0.0, 1.3, 1.9, 1.2, 0.0]
Indi 42: Fitness: 52.532121212121226Genotype: [0.0, 1.0, 1.2, 0.0, 1.9, 1.1, 0.0, 0.0, 0.0, 1.4, 2.0, 1.3, 0.0, 1.8]
Indi 43: Fitness: 52.612121212121224Genotype: [2.0, 0.0, 1.6, 0.0, 1.0, 1.2, 0.0, 0.0, 0.0, 1.4, 2.0, 1.3, 0.0, 1.8]
Indi 44: Fitness: 52.65212121212122Genotype: [0.0, 1.0, 0.0, 1.5, 1.2, 1.0, 1.7, 0.0, 0.0, 0.0, 1.6, 1.9, 1.1, 0.0]
Indi 45: Fitness: 52.77212121212121Genotype: [0.0, 1.0, 1.2, 1.9, 1.2, 1.0, 1.7, 0.0, 0.0, 0.0, 1.6, 1.9, 1.5, 0.0]
Indi 46: Fitness: 52.77212121212121Genotype: [0.0, 1.0, 0.0, 0.0, 0.0, 0.0, 1.8, 0.0, 0.0, 1.2, 0.0, 0.0, 0.0, 1.9]
Indi 47: Fitness: 52.85212121212122Genotype: [2.0, 0.0, 1.6, 0.0, 1.9, 1.1, 1.0, 0.0, 0.0, 1.4, 2.0, 1.0, 0.0, 1.8]
Indi 48: Fitness: 52.972121212121216Genotype: [2.0, 0.0, 1.9, 0.0, 0.0, 0.0, 1.8, 0.0, 0.0, 1.2, 0.0, 0.0, 0.0, 1.9]
Indi 49: Fitness: 53.17212121212121Genotype: [0.0, 1.0, 0.0, 1.9, 1.2, 1.0, 1.7, 0.0, 0.0, 0.0, 1.6, 1.9, 1.5, 0.0]
