INICIO: Sun Jan 28 02:35:58 EST 2018
INDIVIDUALS OF LAST GENERATION: 36
Indi 0: Fitness: 11.372121212121218Genotype: [0.0, 1.0, 0.0, 0.0, 0.0, 0.0, 1.4, 0.0, 0.0, 1.2, 0.0, 0.0, 0.0, 1.9]
Indi 1: Fitness: 24.61212121212122Genotype: [2.0, 0.0, 1.9, 0.0, 0.0, 0.0, 1.8, 1.7, 0.0, 1.2, 0.0, 0.0, 0.0, 1.9]
Indi 2: Fitness: 33.74060606060607Genotype: [0.0, 1.0, 1.2, 0.0, 1.9, 1.1, 0.0, 0.0, 0.0, 1.4, 0.0, 1.3, 1.8, 1.8]
Indi 3: Fitness: 34.93212121212122Genotype: [0.0, 1.0, 0.0, 1.5, 1.2, 1.0, 1.7, 0.0, 0.0, 0.0, 1.6, 1.9, 1.1, 0.0]
Indi 4: Fitness: 36.94060606060606Genotype: [2.0, 0.0, 1.6, 0.0, 1.0, 1.2, 0.0, 1.3, 0.0, 1.4, 2.0, 1.3, 1.6, 1.8]
Indi 5: Fitness: 37.10060606060606Genotype: [2.0, 0.0, 1.6, 0.0, 1.0, 0.0, 0.0, 0.0, 0.0, 1.4, 2.0, 1.3, 1.3, 1.8]
Indi 6: Fitness: 37.57212121212122Genotype: [1.1, 0.0, 1.9, 0.0, 0.0, 0.0, 1.8, 0.0, 0.0, 1.2, 0.0, 0.0, 0.0, 1.9]
Indi 7: Fitness: 39.93212121212122Genotype: [0.0, 1.0, 1.6, 0.0, 1.0, 1.2, 0.0, 0.0, 0.0, 1.4, 2.0, 1.3, 0.0, 1.8]
Indi 8: Fitness: 40.65212121212122Genotype: [0.0, 1.0, 1.2, 0.0, 1.2, 1.0, 1.7, 0.0, 0.0, 0.0, 0.0, 1.9, 1.5, 0.0]
Indi 9: Fitness: 41.17212121212121Genotype: [2.0, 0.0, 0.0, 1.5, 1.6, 1.6, 1.2, 0.0, 0.0, 0.0, 1.3, 1.9, 1.2, 0.0]
Indi 10: Fitness: 46.85212121212122Genotype: [0.0, 1.0, 0.0, 1.5, 0.0, 1.0, 1.7, 0.0, 0.0, 0.0, 1.6, 0.0, 1.1, 0.0]
Indi 11: Fitness: 47.49212121212122Genotype: [0.0, 1.0, 0.0, 1.5, 1.2, 1.0, 1.5, 0.0, 0.0, 0.0, 1.6, 1.9, 1.1, 0.0]
Indi 12: Fitness: 47.93212121212122Genotype: [2.0, 0.0, 1.6, 0.0, 1.9, 1.1, 1.0, 0.0, 0.0, 1.4, 2.0, 1.9, 0.0, 1.2]
Indi 13: Fitness: 48.17212121212121Genotype: [0.0, 1.0, 0.0, 1.5, 1.6, 1.6, 1.2, 0.0, 0.0, 0.0, 1.6, 1.9, 1.2, 0.0]
Indi 14: Fitness: 48.57212121212122Genotype: [0.0, 1.0, 1.2, 1.9, 1.2, 1.0, 1.7, 0.0, 0.0, 0.0, 0.0, 1.2, 1.5, 0.0]
Indi 15: Fitness: 48.65212121212122Genotype: [0.0, 1.0, 0.0, 1.9, 1.2, 1.0, 1.7, 0.0, 0.0, 0.0, 1.6, 1.9, 1.1, 0.0]
Indi 16: Fitness: 48.77212121212122Genotype: [1.3, 0.0, 1.6, 0.0, 1.9, 1.1, 1.0, 0.0, 0.0, 1.4, 0.0, 1.0, 0.0, 1.8]
Indi 17: Fitness: 48.97212121212122Genotype: [0.0, 1.0, 1.2, 0.0, 1.9, 1.1, 0.0, 0.0, 0.0, 1.4, 2.0, 1.3, 0.0, 1.8]
Indi 18: Fitness: 49.012121212121215Genotype: [0.0, 0.0, 0.0, 1.9, 1.2, 0.0, 1.7, 0.0, 0.0, 0.0, 1.6, 1.9, 1.5, 0.0]
Indi 19: Fitness: 49.09212121212122Genotype: [0.0, 1.0, 0.0, 0.0, 0.0, 0.0, 1.8, 0.0, 0.0, 1.2, 0.0, 0.0, 0.0, 1.9]
Indi 20: Fitness: 49.09212121212122Genotype: [0.0, 1.0, 0.0, 1.5, 1.6, 0.0, 1.2, 0.0, 0.0, 0.0, 1.3, 1.9, 1.2, 0.0]
Indi 21: Fitness: 49.13212121212122Genotype: [0.0, 0.0, 1.2, 0.0, 1.9, 1.1, 1.9, 0.0, 0.0, 1.4, 2.0, 1.3, 0.0, 1.8]
Indi 22: Fitness: 49.13212121212122Genotype: [0.0, 1.0, 0.0, 1.5, 1.6, 1.6, 0.0, 0.0, 0.0, 0.0, 2.0, 1.9, 1.2, 0.0]
Indi 23: Fitness: 49.212121212121225Genotype: [2.0, 0.0, 1.6, 0.0, 1.9, 0.0, 1.0, 0.0, 0.0, 1.7, 2.0, 1.0, 0.0, 1.8]
Indi 24: Fitness: 49.292121212121216Genotype: [0.0, 1.0, 1.6, 0.0, 1.9, 1.1, 1.0, 0.0, 0.0, 1.9, 2.0, 1.0, 0.0, 1.8]
Indi 25: Fitness: 49.332121212121216Genotype: [0.0, 1.0, 1.6, 0.0, 1.9, 1.1, 1.0, 0.0, 0.0, 1.4, 1.7, 1.0, 0.0, 0.0]
Indi 26: Fitness: 49.45212121212121Genotype: [2.0, 0.0, 0.0, 0.0, 0.0, 0.0, 1.8, 0.0, 0.0, 1.2, 0.0, 0.0, 0.0, 1.9]
Indi 27: Fitness: 49.49212121212122Genotype: [0.0, 1.0, 0.0, 1.5, 1.2, 1.0, 1.7, 0.0, 0.0, 0.0, 1.6, 1.9, 1.1, 0.0]
Indi 28: Fitness: 49.53212121212122Genotype: [0.0, 1.0, 0.0, 0.0, 1.9, 1.1, 1.0, 0.0, 0.0, 1.4, 2.0, 1.0, 0.0, 1.8]
Indi 29: Fitness: 49.57212121212122Genotype: [2.0, 0.0, 1.9, 0.0, 1.0, 1.2, 0.0, 0.0, 1.3, 1.4, 2.0, 1.3, 0.0, 1.8]
Indi 30: Fitness: 49.69212121212122Genotype: [0.0, 1.0, 0.0, 1.1, 0.0, 0.0, 1.8, 0.0, 0.0, 1.2, 0.0, 0.0, 0.0, 1.9]
Indi 31: Fitness: 50.172121212121226Genotype: [0.0, 1.0, 1.0, 0.0, 0.0, 0.0, 1.8, 0.0, 0.0, 1.2, 0.0, 0.0, 0.0, 1.9]
Indi 32: Fitness: 50.29212121212122Genotype: [0.0, 1.0, 1.2, 0.0, 1.9, 1.0, 0.0, 0.0, 0.0, 1.4, 2.0, 1.3, 0.0, 1.8]
Indi 33: Fitness: 50.33212121212122Genotype: [2.0, 0.0, 1.9, 0.0, 0.0, 0.0, 1.8, 0.0, 0.0, 1.2, 0.0, 0.0, 0.0, 1.9]
Indi 34: Fitness: 50.45212121212122Genotype: [2.0, 0.0, 1.9, 0.0, 0.0, 0.0, 1.8, 0.0, 0.0, 1.2, 0.0, 0.0, 0.0, 1.9]
Indi 35: Fitness: 50.53212121212122Genotype: [0.0, 1.0, 1.6, 0.0, 1.0, 1.2, 0.0, 0.0, 0.0, 1.4, 2.0, 1.3, 0.0, 1.8]
Indi 36: Fitness: 50.77212121212121Genotype: [0.0, 1.0, 0.0, 1.9, 1.2, 1.0, 1.7, 0.0, 0.0, 0.0, 1.6, 1.9, 1.5, 0.0]
Indi 37: Fitness: 50.81212121212123Genotype: [0.0, 1.0, 1.6, 0.0, 1.9, 1.1, 1.0, 0.0, 0.0, 1.4, 2.0, 1.0, 0.0, 1.8]
Indi 38: Fitness: 51.61212121212121Genotype: [1.0, 1.0, 0.0, 1.9, 1.2, 1.9, 1.7, 0.0, 0.0, 0.0, 1.6, 1.9, 1.5, 0.0]
Indi 39: Fitness: 51.93212121212123Genotype: [0.0, 1.0, 0.0, 1.5, 1.2, 1.0, 1.7, 0.0, 0.0, 0.0, 1.6, 1.9, 0.0, 0.0]
Indi 40: Fitness: 52.45212121212122Genotype: [0.0, 1.0, 1.6, 0.0, 1.9, 1.1, 1.0, 0.0, 0.0, 1.4, 2.0, 1.0, 0.0, 1.8]
Indi 41: Fitness: 52.49212121212122Genotype: [0.0, 1.0, 0.0, 1.5, 1.6, 1.6, 1.2, 0.0, 0.0, 0.0, 1.3, 1.9, 1.2, 0.0]
Indi 42: Fitness: 52.532121212121226Genotype: [0.0, 1.0, 1.2, 0.0, 1.9, 1.1, 0.0, 0.0, 0.0, 1.4, 2.0, 1.3, 0.0, 1.8]
Indi 43: Fitness: 52.612121212121224Genotype: [2.0, 0.0, 1.6, 0.0, 1.0, 1.2, 0.0, 0.0, 0.0, 1.4, 2.0, 1.3, 0.0, 1.8]
Indi 44: Fitness: 52.65212121212122Genotype: [0.0, 1.0, 0.0, 1.5, 1.2, 1.0, 1.7, 0.0, 0.0, 0.0, 1.6, 1.9, 1.1, 0.0]
Indi 45: Fitness: 52.77212121212121Genotype: [0.0, 1.0, 0.0, 0.0, 0.0, 0.0, 1.8, 0.0, 0.0, 1.2, 0.0, 0.0, 0.0, 1.9]
Indi 46: Fitness: 52.77212121212121Genotype: [0.0, 1.0, 1.2, 1.9, 1.2, 1.0, 1.7, 0.0, 0.0, 0.0, 1.6, 1.9, 1.5, 0.0]
Indi 47: Fitness: 52.85212121212122Genotype: [2.0, 0.0, 1.6, 0.0, 1.9, 1.1, 1.0, 0.0, 0.0, 1.4, 2.0, 1.0, 0.0, 1.8]
Indi 48: Fitness: 52.972121212121216Genotype: [2.0, 0.0, 1.9, 0.0, 0.0, 0.0, 1.8, 0.0, 0.0, 1.2, 0.0, 0.0, 0.0, 1.9]
Indi 49: Fitness: 53.17212121212121Genotype: [0.0, 1.0, 0.0, 1.9, 1.2, 1.0, 1.7, 0.0, 0.0, 0.0, 1.6, 1.9, 1.5, 0.0]
