INICIO: Sun Jan 28 00:27:57 EST 2018
INDIVIDUALS OF LAST GENERATION: 20
Indi 0: Fitness: 24.012121212121222Genotype: [0.0, 1.0, 1.2, 0.0, 1.9, 1.1, 0.0, 0.0, 0.0, 0.0, 2.0, 1.3, 0.0, 1.8]
Indi 1: Fitness: 24.41212121212122Genotype: [0.0, 0.0, 1.3, 1.5, 1.2, 1.0, 1.7, 0.0, 0.0, 0.0, 1.3, 1.9, 1.1, 0.0]
Indi 2: Fitness: 25.612121212121213Genotype: [2.0, 0.0, 0.0, 0.0, 1.9, 1.1, 1.0, 0.0, 0.0, 1.0, 2.0, 1.0, 0.0, 1.8]
Indi 3: Fitness: 26.29212121212122Genotype: [2.0, 0.0, 1.9, 0.0, 0.0, 0.0, 1.8, 0.0, 0.0, 1.2, 0.0, 0.0, 0.0, 1.9]
Indi 4: Fitness: 26.77212121212122Genotype: [0.0, 1.0, 0.0, 1.5, 0.0, 1.0, 1.7, 0.0, 0.0, 0.0, 1.3, 1.9, 0.0, 0.0]
Indi 5: Fitness: 26.932121212121224Genotype: [0.0, 1.0, 0.0, 1.5, 1.8, 1.0, 1.7, 0.0, 0.0, 1.8, 1.3, 1.9, 1.1, 0.0]
Indi 6: Fitness: 29.212121212121218Genotype: [2.0, 0.0, 1.6, 0.0, 1.9, 1.1, 1.0, 0.0, 0.0, 1.4, 1.5, 1.0, 0.0, 1.8]
Indi 7: Fitness: 30.412121212121214Genotype: [0.0, 1.0, 0.0, 0.0, 0.0, 0.0, 1.8, 0.0, 0.0, 1.2, 0.0, 0.0, 0.0, 1.9]
Indi 8: Fitness: 31.77212121212122Genotype: [2.0, 0.0, 0.0, 1.5, 1.2, 1.0, 1.7, 0.0, 0.0, 0.0, 1.3, 1.9, 1.1, 0.0]
Indi 9: Fitness: 33.212121212121225Genotype: [0.0, 1.0, 0.0, 0.0, 0.0, 1.1, 0.0, 0.0, 0.0, 0.0, 2.0, 1.3, 0.0, 1.8]
Indi 10: Fitness: 36.21212121212122Genotype: [0.0, 1.8, 0.0, 0.0, 1.9, 1.1, 0.0, 0.0, 0.0, 1.4, 2.0, 1.3, 0.0, 1.8]
Indi 11: Fitness: 36.212121212121225Genotype: [2.0, 0.0, 1.6, 0.0, 1.0, 1.2, 0.0, 0.0, 0.0, 1.4, 2.0, 1.3, 0.0, 1.3]
Indi 12: Fitness: 36.73212121212122Genotype: [2.0, 0.0, 0.0, 1.5, 1.2, 1.0, 1.7, 0.0, 0.0, 0.0, 1.3, 1.9, 1.1, 0.0]
Indi 13: Fitness: 41.73212121212122Genotype: [0.0, 1.0, 0.0, 1.5, 1.2, 1.4, 1.7, 0.0, 1.1, 0.0, 1.3, 1.9, 1.1, 0.0]
Indi 14: Fitness: 43.13212121212122Genotype: [0.0, 1.0, 0.0, 1.5, 1.6, 1.0, 1.7, 0.0, 0.0, 0.0, 1.8, 1.9, 0.0, 0.0]
Indi 15: Fitness: 45.17212121212122Genotype: [0.0, 1.0, 0.0, 0.0, 1.9, 1.1, 0.0, 0.0, 0.0, 1.4, 2.0, 1.3, 0.0, 1.8]
Indi 16: Fitness: 48.252121212121224Genotype: [2.0, 0.0, 0.0, 1.5, 1.2, 1.0, 1.7, 0.0, 0.0, 0.0, 1.3, 1.9, 1.1, 0.0]
Indi 17: Fitness: 48.45212121212121Genotype: [0.0, 0.0, 1.9, 0.0, 1.1, 0.0, 1.8, 0.0, 0.0, 1.2, 0.0, 0.0, 0.0, 1.9]
Indi 18: Fitness: 48.612121212121224Genotype: [0.0, 0.0, 1.9, 0.0, 0.0, 0.0, 1.8, 0.0, 1.8, 1.2, 0.0, 0.0, 0.0, 1.9]
Indi 19: Fitness: 48.65212121212122Genotype: [1.1, 0.0, 1.9, 0.0, 0.0, 0.0, 1.8, 0.0, 0.0, 1.2, 0.0, 0.0, 0.0, 1.9]
Indi 20: Fitness: 48.732121212121214Genotype: [0.0, 1.0, 0.0, 0.0, 1.9, 1.1, 0.0, 0.0, 0.0, 1.4, 2.0, 1.3, 0.0, 1.8]
Indi 21: Fitness: 48.77212121212122Genotype: [0.0, 1.0, 0.0, 0.0, 1.9, 1.1, 0.0, 0.0, 0.0, 0.0, 2.0, 2.0, 0.0, 1.8]
Indi 22: Fitness: 48.97212121212122Genotype: [2.0, 0.0, 1.6, 0.0, 1.0, 1.2, 0.0, 0.0, 0.0, 1.4, 1.8, 1.3, 0.0, 1.8]
Indi 23: Fitness: 49.05212121212122Genotype: [0.0, 0.0, 0.0, 1.5, 1.6, 1.0, 1.7, 0.0, 0.0, 0.0, 1.3, 1.9, 0.0, 0.0]
Indi 24: Fitness: 49.212121212121225Genotype: [0.0, 0.0, 0.0, 0.0, 1.9, 1.1, 0.0, 0.0, 0.0, 1.4, 2.0, 1.3, 0.0, 1.8]
Indi 25: Fitness: 49.292121212121216Genotype: [0.0, 1.0, 1.6, 0.0, 1.9, 1.1, 1.0, 0.0, 0.0, 1.4, 2.0, 1.0, 0.0, 1.8]
Indi 26: Fitness: 49.532121212121226Genotype: [2.0, 0.0, 1.6, 0.0, 1.9, 1.1, 0.0, 0.0, 0.0, 1.4, 0.0, 0.0, 0.0, 1.8]
Indi 27: Fitness: 49.61212121212122Genotype: [2.0, 0.0, 1.6, 0.0, 1.9, 1.1, 0.0, 1.4, 0.0, 1.4, 2.0, 1.3, 0.0, 1.8]
Indi 28: Fitness: 49.692121212121215Genotype: [2.0, 0.0, 0.0, 1.5, 1.2, 1.0, 1.7, 0.0, 0.0, 0.0, 1.3, 1.9, 1.1, 0.0]
Indi 29: Fitness: 49.732121212121214Genotype: [2.0, 0.0, 1.6, 0.0, 1.9, 0.0, 1.0, 0.0, 0.0, 1.4, 2.0, 0.0, 0.0, 1.8]
Indi 30: Fitness: 49.85212121212122Genotype: [1.3, 1.0, 0.0, 0.0, 1.9, 0.0, 0.0, 0.0, 0.0, 1.4, 2.0, 1.3, 0.0, 1.8]
Indi 31: Fitness: 49.972121212121216Genotype: [0.0, 1.8, 1.6, 0.0, 1.9, 1.1, 0.0, 0.0, 0.0, 1.4, 2.0, 1.3, 0.0, 1.8]
Indi 32: Fitness: 50.13212121212122Genotype: [0.0, 1.0, 0.0, 1.5, 1.6, 1.0, 1.7, 0.0, 0.0, 0.0, 1.3, 1.9, 0.0, 0.0]
Indi 33: Fitness: 50.252121212121224Genotype: [2.0, 0.0, 1.9, 0.0, 0.0, 0.0, 1.8, 0.0, 0.0, 1.2, 0.0, 1.5, 0.0, 1.9]
Indi 34: Fitness: 50.292121212121216Genotype: [0.0, 0.0, 1.9, 0.0, 0.0, 0.0, 0.0, 0.0, 0.0, 1.2, 0.0, 0.0, 0.0, 1.9]
Indi 35: Fitness: 50.41212121212122Genotype: [1.1, 0.0, 1.6, 0.0, 1.9, 1.1, 0.0, 0.0, 0.0, 1.4, 2.0, 1.3, 0.0, 1.0]
Indi 36: Fitness: 50.61212121212122Genotype: [2.0, 0.0, 2.0, 0.0, 1.0, 1.2, 0.0, 0.0, 0.0, 1.4, 2.0, 1.3, 0.0, 1.8]
Indi 37: Fitness: 51.05212121212122Genotype: [0.0, 1.0, 0.0, 0.0, 1.9, 1.1, 0.0, 0.0, 0.0, 0.0, 2.0, 1.3, 0.0, 1.8]
Indi 38: Fitness: 51.21212121212121Genotype: [0.0, 1.0, 1.6, 0.0, 1.9, 1.2, 0.0, 0.0, 0.0, 1.8, 2.0, 1.3, 0.0, 1.8]
Indi 39: Fitness: 51.81212121212123Genotype: [0.0, 1.0, 1.6, 0.0, 1.9, 1.1, 0.0, 0.0, 0.0, 1.4, 2.0, 1.3, 0.0, 1.8]
Indi 40: Fitness: 51.89212121212122Genotype: [0.0, 0.0, 1.9, 0.0, 0.0, 0.0, 1.8, 0.0, 0.0, 1.2, 0.0, 0.0, 0.0, 1.9]
Indi 41: Fitness: 51.89212121212122Genotype: [2.0, 0.0, 1.6, 0.0, 1.9, 1.1, 0.0, 0.0, 0.0, 1.4, 2.0, 1.3, 0.0, 1.8]
Indi 42: Fitness: 51.93212121212122Genotype: [0.0, 1.0, 0.0, 0.0, 1.9, 1.1, 0.0, 0.0, 0.0, 1.4, 2.0, 1.3, 0.0, 1.8]
Indi 43: Fitness: 51.972121212121216Genotype: [0.0, 1.0, 0.0, 0.0, 1.9, 1.1, 0.0, 0.0, 0.0, 1.4, 2.0, 1.3, 0.0, 1.8]
Indi 44: Fitness: 52.012121212121215Genotype: [0.0, 1.0, 0.0, 1.5, 1.6, 1.0, 1.7, 0.0, 0.0, 0.0, 1.3, 1.9, 0.0, 0.0]
Indi 45: Fitness: 52.01212121212122Genotype: [0.0, 1.0, 0.0, 1.5, 1.2, 1.0, 1.7, 0.0, 0.0, 0.0, 1.3, 1.9, 1.1, 0.0]
Indi 46: Fitness: 52.532121212121226Genotype: [0.0, 1.0, 1.2, 0.0, 1.9, 1.1, 0.0, 0.0, 0.0, 1.4, 2.0, 1.3, 0.0, 1.8]
Indi 47: Fitness: 52.612121212121224Genotype: [2.0, 0.0, 1.6, 0.0, 1.0, 1.2, 0.0, 0.0, 0.0, 1.4, 2.0, 1.3, 0.0, 1.8]
Indi 48: Fitness: 52.85212121212122Genotype: [2.0, 0.0, 1.6, 0.0, 1.9, 1.1, 1.0, 0.0, 0.0, 1.4, 2.0, 1.0, 0.0, 1.8]
Indi 49: Fitness: 52.972121212121216Genotype: [2.0, 0.0, 1.9, 0.0, 0.0, 0.0, 1.8, 0.0, 0.0, 1.2, 0.0, 0.0, 0.0, 1.9]
