INICIO: Sun Jan 28 01:39:38 EST 2018
INDIVIDUALS OF LAST GENERATION: 29
Indi 0: Fitness: 18.94060606060606Genotype: [0.0, 1.0, 0.0, 1.7, 0.0, 0.0, 1.8, 0.0, 0.0, 1.2, 0.0, 0.0, 1.7, 1.9]
Indi 1: Fitness: 24.13212121212122Genotype: [0.0, 1.0, 0.0, 1.5, 1.6, 1.2, 1.7, 0.0, 0.0, 0.0, 1.3, 1.9, 0.0, 0.0]
Indi 2: Fitness: 25.892121212121218Genotype: [0.0, 1.0, 0.0, 1.5, 1.2, 1.0, 1.7, 0.0, 0.0, 0.0, 1.6, 1.9, 1.1, 0.0]
Indi 3: Fitness: 26.29212121212122Genotype: [0.0, 1.0, 0.0, 1.9, 1.6, 1.0, 1.7, 0.0, 0.0, 0.0, 1.3, 1.9, 1.2, 0.0]
Indi 4: Fitness: 26.412121212121214Genotype: [0.0, 1.0, 1.2, 0.0, 1.9, 1.1, 0.0, 1.7, 0.0, 1.4, 2.0, 1.3, 0.0, 1.8]
Indi 5: Fitness: 26.572121212121214Genotype: [0.0, 1.0, 1.2, 0.0, 1.9, 1.1, 0.0, 0.0, 0.0, 1.4, 1.2, 1.3, 0.0, 1.8]
Indi 6: Fitness: 36.183838383838385Genotype: [0.0, 1.0, 0.0, 1.5, 1.2, 1.0, 1.7, 0.0, 0.0, 0.0, 1.3, 1.9, 1.1, 1.3]
Indi 7: Fitness: 36.81212121212122Genotype: [0.0, 1.0, 0.0, 1.5, 1.2, 1.0, 1.7, 1.1, 0.0, 0.0, 1.3, 1.9, 1.4, 0.0]
Indi 8: Fitness: 38.572121212121225Genotype: [0.0, 1.0, 0.0, 1.5, 1.6, 1.0, 1.3, 0.0, 0.0, 0.0, 1.3, 1.9, 0.0, 0.0]
Indi 9: Fitness: 38.69212121212122Genotype: [2.0, 0.0, 1.9, 0.0, 0.0, 0.0, 1.8, 0.0, 0.0, 1.2, 0.0, 0.0, 0.0, 0.0]
Indi 10: Fitness: 39.85212121212122Genotype: [0.0, 1.0, 1.2, 0.0, 0.0, 1.1, 0.0, 0.0, 0.0, 1.4, 2.0, 1.3, 0.0, 1.8]
Indi 11: Fitness: 42.49212121212122Genotype: [0.0, 1.0, 1.6, 0.0, 1.9, 1.1, 1.0, 0.0, 0.0, 1.4, 2.0, 1.0, 0.0, 1.8]
Indi 12: Fitness: 44.97212121212122Genotype: [0.0, 1.0, 0.0, 1.5, 1.6, 1.0, 1.7, 0.0, 0.0, 0.0, 1.3, 1.9, 0.0, 0.0]
Indi 13: Fitness: 45.172121212121226Genotype: [0.0, 1.0, 1.6, 0.0, 1.9, 1.1, 1.0, 0.0, 0.0, 1.4, 2.0, 1.0, 0.0, 1.8]
Indi 14: Fitness: 45.53212121212122Genotype: [2.0, 0.0, 0.0, 0.0, 1.9, 1.1, 0.0, 0.0, 0.0, 1.4, 2.0, 1.3, 0.0, 1.8]
Indi 15: Fitness: 47.01212121212122Genotype: [2.0, 0.0, 1.9, 0.0, 0.0, 0.0, 1.8, 0.0, 0.0, 1.2, 0.0, 0.0, 0.0, 1.9]
Indi 16: Fitness: 47.97212121212122Genotype: [0.0, 1.0, 0.0, 0.0, 1.9, 1.1, 0.0, 0.0, 0.0, 1.4, 2.0, 1.3, 0.0, 1.8]
Indi 17: Fitness: 48.292121212121216Genotype: [2.0, 0.0, 1.6, 0.0, 1.9, 1.1, 1.0, 0.0, 0.0, 1.4, 2.0, 1.0, 0.0, 1.8]
Indi 18: Fitness: 48.49212121212122Genotype: [0.0, 1.0, 0.0, 0.0, 1.2, 1.0, 0.0, 0.0, 0.0, 0.0, 1.3, 1.9, 1.1, 0.0]
Indi 19: Fitness: 48.77212121212121Genotype: [0.0, 1.0, 0.0, 1.5, 1.2, 1.0, 1.7, 0.0, 0.0, 0.0, 1.6, 1.9, 1.1, 0.0]
Indi 20: Fitness: 48.93212121212122Genotype: [0.0, 1.0, 0.0, 0.0, 1.9, 1.1, 0.0, 0.0, 0.0, 1.4, 2.0, 1.3, 0.0, 1.8]
Indi 21: Fitness: 49.172121212121226Genotype: [1.0, 0.0, 1.6, 0.0, 1.0, 1.9, 0.0, 0.0, 0.0, 1.4, 2.0, 1.3, 0.0, 1.8]
Indi 22: Fitness: 49.332121212121216Genotype: [2.0, 0.0, 1.3, 0.0, 1.0, 1.2, 0.0, 0.0, 0.0, 1.3, 2.0, 1.3, 0.0, 1.8]
Indi 23: Fitness: 49.33212121212123Genotype: [2.0, 0.0, 1.2, 0.0, 1.9, 1.7, 1.0, 0.0, 0.0, 1.4, 2.0, 1.0, 0.0, 1.8]
Indi 24: Fitness: 49.37212121212122Genotype: [2.0, 0.0, 0.0, 0.0, 0.0, 0.0, 1.8, 0.0, 0.0, 1.2, 0.0, 0.0, 0.0, 1.9]
Indi 25: Fitness: 49.57212121212122Genotype: [0.0, 1.0, 1.6, 0.0, 1.9, 1.1, 0.0, 0.0, 0.0, 0.0, 2.0, 1.3, 0.0, 1.8]
Indi 26: Fitness: 49.732121212121214Genotype: [2.0, 0.0, 1.6, 0.0, 1.9, 1.1, 1.1, 0.0, 0.0, 1.4, 2.0, 1.0, 0.0, 1.8]
Indi 27: Fitness: 49.732121212121214Genotype: [0.0, 1.0, 0.0, 1.5, 1.6, 1.0, 1.7, 0.0, 0.0, 0.0, 1.3, 1.9, 1.2, 0.0]
Indi 28: Fitness: 50.17212121212122Genotype: [0.0, 0.0, 0.0, 1.5, 1.6, 1.0, 1.7, 0.0, 0.0, 0.0, 1.3, 1.9, 1.2, 0.0]
Indi 29: Fitness: 50.252121212121224Genotype: [2.0, 0.0, 1.6, 0.0, 1.0, 1.2, 0.0, 0.0, 0.0, 1.4, 2.0, 1.3, 0.0, 1.8]
Indi 30: Fitness: 50.41212121212122Genotype: [0.0, 1.0, 0.0, 1.5, 1.2, 1.0, 1.7, 0.0, 0.0, 0.0, 1.6, 1.9, 0.0, 0.0]
Indi 31: Fitness: 50.49212121212122Genotype: [2.0, 0.0, 1.6, 0.0, 1.9, 1.1, 1.0, 0.0, 0.0, 1.4, 2.0, 1.0, 0.0, 1.8]
Indi 32: Fitness: 50.532121212121226Genotype: [0.0, 1.0, 0.0, 0.0, 1.9, 1.1, 0.0, 0.0, 0.0, 1.4, 2.0, 0.0, 0.0, 1.8]
Indi 33: Fitness: 50.65212121212122Genotype: [0.0, 1.0, 0.0, 1.5, 1.6, 1.0, 1.7, 1.1, 1.8, 0.0, 1.3, 1.9, 1.2, 0.0]
Indi 34: Fitness: 50.732121212121214Genotype: [0.0, 1.0, 1.8, 0.0, 1.9, 1.1, 0.0, 1.4, 0.0, 1.4, 2.0, 1.3, 0.0, 1.8]
Indi 35: Fitness: 50.932121212121224Genotype: [0.0, 1.0, 0.0, 1.1, 0.0, 0.0, 1.8, 0.0, 0.0, 0.0, 0.0, 0.0, 0.0, 1.9]
Indi 36: Fitness: 51.41212121212122Genotype: [0.0, 1.0, 0.0, 1.5, 1.2, 0.0, 1.7, 0.0, 0.0, 0.0, 1.6, 1.9, 1.1, 0.0]
Indi 37: Fitness: 51.532121212121204Genotype: [2.0, 0.0, 1.9, 0.0, 0.0, 1.3, 1.8, 0.0, 0.0, 1.4, 0.0, 0.0, 0.0, 1.9]
Indi 38: Fitness: 51.69212121212122Genotype: [0.0, 1.0, 0.0, 0.0, 0.0, 0.0, 1.8, 0.0, 0.0, 0.0, 0.0, 1.3, 0.0, 1.9]
Indi 39: Fitness: 52.012121212121215Genotype: [0.0, 1.0, 0.0, 1.5, 1.6, 1.0, 1.7, 0.0, 0.0, 0.0, 1.3, 1.9, 0.0, 0.0]
Indi 40: Fitness: 52.01212121212122Genotype: [0.0, 1.0, 0.0, 1.5, 1.2, 1.0, 1.7, 0.0, 0.0, 0.0, 1.3, 1.9, 1.1, 0.0]
Indi 41: Fitness: 52.17212121212121Genotype: [0.0, 1.0, 0.0, 0.0, 1.9, 1.1, 0.0, 0.0, 0.0, 1.4, 2.0, 1.3, 0.0, 1.8]
Indi 42: Fitness: 52.172121212121226Genotype: [0.0, 1.0, 0.0, 1.5, 1.6, 1.0, 1.7, 0.0, 0.0, 0.0, 1.3, 1.9, 1.2, 0.0]
Indi 43: Fitness: 52.45212121212122Genotype: [0.0, 1.0, 1.6, 0.0, 1.9, 1.1, 1.0, 0.0, 0.0, 1.4, 2.0, 1.0, 0.0, 1.8]
Indi 44: Fitness: 52.532121212121226Genotype: [0.0, 1.0, 1.2, 0.0, 1.9, 1.1, 0.0, 0.0, 0.0, 1.4, 2.0, 1.3, 0.0, 1.8]
Indi 45: Fitness: 52.612121212121224Genotype: [2.0, 0.0, 1.6, 0.0, 1.0, 1.2, 0.0, 0.0, 0.0, 1.4, 2.0, 1.3, 0.0, 1.8]
Indi 46: Fitness: 52.65212121212122Genotype: [0.0, 1.0, 0.0, 1.5, 1.2, 1.0, 1.7, 0.0, 0.0, 0.0, 1.6, 1.9, 1.1, 0.0]
Indi 47: Fitness: 52.77212121212121Genotype: [0.0, 1.0, 0.0, 0.0, 0.0, 0.0, 1.8, 0.0, 0.0, 1.2, 0.0, 0.0, 0.0, 1.9]
Indi 48: Fitness: 52.85212121212122Genotype: [2.0, 0.0, 1.6, 0.0, 1.9, 1.1, 1.0, 0.0, 0.0, 1.4, 2.0, 1.0, 0.0, 1.8]
Indi 49: Fitness: 52.972121212121216Genotype: [2.0, 0.0, 1.9, 0.0, 0.0, 0.0, 1.8, 0.0, 0.0, 1.2, 0.0, 0.0, 0.0, 1.9]
