INICIO: Sat Jan 27 22:22:09 EST 2018
INDIVIDUALS OF LAST GENERATION: 5
Indi 0: Fitness: 9.61212121212122Genotype: [0.0, 1.0, 1.7, 1.9, 1.2, 1.0, 1.7, 0.0, 0.0, 0.0, 1.3, 1.9, 1.1, 0.0]
Indi 1: Fitness: 25.372121212121222Genotype: [0.0, 1.0, 0.0, 1.9, 0.0, 0.0, 0.0, 0.0, 1.2, 0.0, 1.3, 1.9, 1.1, 0.0]
Indi 2: Fitness: 25.412121212121225Genotype: [0.0, 1.0, 0.0, 0.0, 0.0, 0.0, 1.7, 0.0, 0.0, 1.4, 0.0, 1.8, 0.0, 1.5]
Indi 3: Fitness: 26.892121212121214Genotype: [0.0, 1.0, 0.0, 1.5, 0.0, 1.2, 1.7, 0.0, 1.2, 0.0, 1.3, 1.9, 1.1, 0.0]
Indi 4: Fitness: 27.652121212121223Genotype: [0.0, 1.5, 1.9, 0.0, 1.8, 0.0, 1.8, 0.0, 1.6, 1.2, 0.0, 0.0, 0.0, 1.9]
Indi 5: Fitness: 30.452121212121217Genotype: [0.0, 1.0, 0.0, 0.0, 1.8, 0.0, 1.8, 0.0, 1.6, 1.2, 0.0, 0.0, 0.0, 1.9]
Indi 6: Fitness: 36.7430303030303Genotype: [0.0, 1.5, 0.0, 0.0, 1.3, 1.2, 1.2, 0.0, 1.9, 1.7, 1.7, 0.0, 1.8, 1.0]
Indi 7: Fitness: 37.32121212121212Genotype: [0.0, 1.5, 1.1, 0.0, 0.0, 0.0, 1.7, 0.0, 0.0, 1.4, 0.0, 1.8, 1.7, 1.5]
Indi 8: Fitness: 40.652121212121216Genotype: [0.0, 0.0, 0.0, 0.0, 1.7, 1.2, 1.2, 0.0, 1.9, 0.0, 1.7, 0.0, 1.8, 1.0]
Indi 9: Fitness: 41.57212121212122Genotype: [0.0, 1.5, 1.9, 1.1, 1.8, 0.0, 1.8, 0.0, 1.6, 1.2, 1.3, 0.0, 0.0, 1.9]
Indi 10: Fitness: 46.69212121212122Genotype: [0.0, 0.0, 1.6, 1.5, 1.6, 1.0, 1.7, 0.0, 0.0, 0.0, 1.3, 1.9, 1.1, 0.0]
Indi 11: Fitness: 46.81212121212122Genotype: [0.0, 1.0, 0.0, 0.0, 1.8, 0.0, 1.8, 0.0, 1.6, 1.2, 0.0, 0.0, 0.0, 1.9]
Indi 12: Fitness: 46.932121212121224Genotype: [2.0, 0.0, 0.0, 0.0, 0.0, 0.0, 1.7, 0.0, 0.0, 1.4, 0.0, 1.8, 0.0, 1.5]
Indi 13: Fitness: 47.185454545454554Genotype: [0.0, 0.0, 0.0, 0.0, 1.3, 1.2, 1.2, 0.0, 1.9, 1.7, 1.7, 0.0, 1.9, 1.0]
Indi 14: Fitness: 47.332121212121216Genotype: [0.0, 0.0, 0.0, 0.0, 1.3, 0.0, 1.2, 0.0, 1.9, 1.7, 1.7, 0.0, 1.8, 1.0]
Indi 15: Fitness: 47.77454545454547Genotype: [0.0, 0.0, 0.0, 0.0, 1.3, 1.2, 1.2, 0.0, 1.9, 0.0, 1.7, 0.0, 1.8, 1.2]
Indi 16: Fitness: 47.85212121212122Genotype: [0.0, 1.5, 0.0, 0.0, 1.8, 0.0, 1.8, 0.0, 1.6, 1.2, 0.0, 0.0, 0.0, 1.1]
Indi 17: Fitness: 48.85212121212122Genotype: [2.0, 0.0, 1.6, 0.0, 1.9, 1.3, 0.0, 0.0, 0.0, 1.4, 2.0, 0.0, 0.0, 1.8]
Indi 18: Fitness: 48.89212121212122Genotype: [0.0, 1.0, 0.0, 1.9, 1.2, 0.0, 0.0, 0.0, 1.3, 0.0, 1.3, 0.0, 1.1, 0.0]
Indi 19: Fitness: 49.012121212121215Genotype: [0.0, 1.5, 1.9, 1.6, 1.6, 0.0, 1.8, 0.0, 1.6, 1.2, 0.0, 1.8, 0.0, 1.1]
Indi 20: Fitness: 49.01212121212122Genotype: [0.0, 1.5, 1.9, 0.0, 1.8, 0.0, 1.8, 0.0, 1.6, 1.2, 0.0, 0.0, 0.0, 1.9]
Indi 21: Fitness: 49.05212121212122Genotype: [0.0, 1.5, 0.0, 0.0, 0.0, 0.0, 1.7, 0.0, 0.0, 1.4, 0.0, 1.8, 0.0, 1.5]
Indi 22: Fitness: 49.09212121212122Genotype: [0.0, 1.0, 0.0, 1.5, 1.2, 0.0, 1.7, 0.0, 1.2, 0.0, 1.3, 0.0, 1.1, 0.0]
Indi 23: Fitness: 49.37212121212123Genotype: [0.0, 1.0, 0.0, 1.5, 1.6, 1.0, 1.7, 0.0, 0.0, 0.0, 1.3, 0.0, 1.1, 0.0]
Indi 24: Fitness: 49.45212121212122Genotype: [0.0, 1.5, 2.0, 0.0, 0.0, 0.0, 1.7, 0.0, 0.0, 1.4, 0.0, 1.8, 0.0, 1.5]
Indi 25: Fitness: 49.53212121212122Genotype: [0.0, 1.0, 0.0, 1.5, 1.2, 0.0, 1.7, 0.0, 1.2, 0.0, 1.3, 1.9, 1.1, 0.0]
Indi 26: Fitness: 49.69212121212122Genotype: [0.0, 1.7, 0.0, 1.6, 1.8, 0.0, 1.8, 0.0, 1.6, 1.2, 0.0, 0.0, 0.0, 1.1]
Indi 27: Fitness: 49.732121212121214Genotype: [2.0, 0.0, 1.6, 0.0, 1.9, 1.1, 0.0, 0.0, 0.0, 1.9, 0.0, 1.3, 0.0, 1.8]
Indi 28: Fitness: 49.77212121212122Genotype: [0.0, 1.0, 0.0, 1.5, 1.2, 0.0, 0.0, 0.0, 0.0, 0.0, 1.3, 1.9, 1.1, 0.0]
Indi 29: Fitness: 49.89212121212122Genotype: [0.0, 0.0, 1.9, 0.0, 1.8, 0.0, 1.8, 0.0, 1.6, 1.2, 0.0, 0.0, 0.0, 1.9]
Indi 30: Fitness: 49.89212121212122Genotype: [0.0, 1.5, 1.9, 1.6, 1.8, 0.0, 1.8, 0.0, 1.6, 1.4, 0.0, 0.0, 0.0, 0.0]
Indi 31: Fitness: 49.93212121212122Genotype: [0.0, 1.0, 0.0, 1.5, 1.2, 1.0, 1.5, 0.0, 0.0, 0.0, 1.3, 1.9, 1.1, 0.0]
Indi 32: Fitness: 50.17212121212121Genotype: [0.0, 1.5, 1.9, 0.0, 1.3, 0.0, 1.8, 0.0, 1.2, 1.2, 0.0, 0.0, 0.0, 1.9]
Indi 33: Fitness: 50.61212121212121Genotype: [2.0, 0.0, 1.6, 0.0, 1.9, 1.1, 1.5, 0.0, 0.0, 1.4, 2.0, 1.3, 0.0, 1.8]
Indi 34: Fitness: 50.61212121212122Genotype: [0.0, 0.0, 0.0, 0.0, 1.3, 1.2, 1.2, 0.0, 2.0, 1.7, 1.7, 0.0, 1.8, 1.0]
Indi 35: Fitness: 50.65212121212123Genotype: [0.0, 1.0, 0.0, 1.5, 1.6, 1.0, 1.7, 0.0, 0.0, 0.0, 1.3, 1.9, 1.1, 0.0]
Indi 36: Fitness: 50.85212121212122Genotype: [0.0, 1.0, 0.0, 0.0, 1.2, 0.0, 1.8, 0.0, 1.2, 0.0, 1.3, 1.9, 1.1, 0.0]
Indi 37: Fitness: 51.13212121212122Genotype: [0.0, 0.0, 0.0, 0.0, 1.3, 1.2, 0.0, 0.0, 1.9, 0.0, 1.7, 0.0, 1.8, 1.0]
Indi 38: Fitness: 51.212121212121225Genotype: [0.0, 1.5, 1.9, 1.6, 1.8, 0.0, 1.8, 0.0, 1.6, 1.2, 0.0, 0.0, 0.0, 1.1]
Indi 39: Fitness: 51.292121212121216Genotype: [0.0, 0.0, 0.0, 0.0, 1.3, 1.2, 1.2, 0.0, 1.9, 0.0, 1.7, 0.0, 1.8, 1.0]
Indi 40: Fitness: 51.332121212121216Genotype: [0.0, 1.0, 0.0, 1.5, 1.2, 1.0, 1.7, 0.0, 0.0, 0.0, 1.3, 1.9, 1.1, 0.0]
Indi 41: Fitness: 51.332121212121216Genotype: [0.0, 0.0, 1.6, 0.0, 1.9, 1.1, 0.0, 0.0, 0.0, 1.4, 2.0, 1.3, 0.0, 1.8]
Indi 42: Fitness: 51.372121212121215Genotype: [0.0, 1.0, 0.0, 1.5, 1.2, 0.0, 1.7, 0.0, 1.2, 0.0, 1.3, 1.9, 1.1, 0.0]
Indi 43: Fitness: 51.372121212121215Genotype: [0.0, 0.0, 0.0, 0.0, 1.3, 1.2, 1.2, 0.0, 1.9, 1.7, 1.7, 0.0, 1.8, 1.0]
Indi 44: Fitness: 51.45212121212122Genotype: [0.0, 1.0, 0.0, 1.9, 1.2, 0.0, 0.0, 0.0, 1.2, 0.0, 1.3, 1.9, 1.1, 0.0]
Indi 45: Fitness: 51.53212121212122Genotype: [0.0, 1.5, 0.0, 0.0, 0.0, 0.0, 1.7, 0.0, 0.0, 1.4, 0.0, 1.8, 0.0, 1.5]
Indi 46: Fitness: 51.612121212121224Genotype: [0.0, 1.5, 1.9, 0.0, 1.8, 0.0, 1.8, 0.0, 1.6, 1.2, 0.0, 0.0, 0.0, 1.9]
Indi 47: Fitness: 51.732121212121214Genotype: [0.0, 1.0, 0.0, 1.5, 1.6, 1.0, 1.7, 0.0, 0.0, 0.0, 1.3, 1.9, 1.1, 0.0]
Indi 48: Fitness: 51.89212121212122Genotype: [2.0, 0.0, 1.6, 0.0, 1.9, 1.1, 0.0, 0.0, 0.0, 1.4, 2.0, 1.3, 0.0, 1.8]
Indi 49: Fitness: 52.01212121212122Genotype: [0.0, 1.0, 0.0, 1.5, 1.2, 1.0, 1.7, 0.0, 0.0, 0.0, 1.3, 1.9, 1.1, 0.0]
