INICIO: Sun Jan 28 20:43:20 BRST 2018
INDIVIDUALS OF LAST GENERATION: 30
Indi 0: Fitness: 4.460606060606061Genotype: [1.7, 1.2, 1.1, 0.0, 1.0, 0.0, 0.0, 0.0, 1.7, 1.0, 0.0, 1.0, 0.0, 0.0, 1.3, 1.2, 0.0, 0.0, 0.0, 0.0, 0.0, 1.1, 0.0, 1.7, 0.0, 2.0, 0.0, 0.0, 1.8, 1.9, 0.0, 0.0, 0.0, 1.7, 1.3]
Indi 1: Fitness: 10.660606060606064Genotype: [0.0, 1.3, 0.0, 1.0, 1.7, 0.0, 1.4, 0.0, 0.0, 0.0, 0.0, 0.0, 0.0, 1.2, 0.0, 1.6, 0.0, 2.0, 1.5, 0.0, 1.2, 1.8, 0.0, 0.0, 0.0, 1.0, 1.2, 0.0, 0.0, 0.0, 0.0, 0.0, 0.0, 1.2, 1.9]
Indi 2: Fitness: 19.36060606060606Genotype: [1.8, 0.0, 0.0, 1.0, 1.7, 0.0, 1.4, 1.7, 1.7, 0.0, 0.0, 1.3, 1.3, 1.6, 0.0, 1.2, 0.0, 2.0, 1.5, 0.0, 1.6, 0.0, 0.0, 0.0, 0.0, 0.0, 0.0, 0.0, 0.0, 1.3, 0.0, 1.3, 0.0, 1.9, 0.0]
Indi 3: Fitness: 20.61212121212122Genotype: [0.0, 1.3, 0.0, 1.9, 1.1, 1.3, 0.0, 0.0, 1.2, 1.7, 1.9, 1.2, 0.0, 2.0, 0.0, 1.2, 0.0, 0.0, 0.0, 2.0, 1.4, 1.7, 0.0, 1.4, 0.0, 1.9, 1.6, 0.0, 0.0, 0.0, 0.0, 0.0, 0.0, 0.0, 1.6]
Indi 4: Fitness: 27.21212121212122Genotype: [1.2, 1.8, 0.0, 1.0, 1.7, 0.0, 1.4, 1.7, 1.7, 0.0, 0.0, 0.0, 1.3, 1.2, 0.0, 1.2, 0.0, 2.0, 1.5, 0.0, 1.6, 1.8, 0.0, 0.0, 0.0, 0.0, 1.2, 0.0, 0.0, 1.3, 0.0, 0.0, 0.0, 1.9, 0.0]
Indi 5: Fitness: 33.46060606060606Genotype: [0.0, 1.1, 0.0, 1.9, 1.1, 1.4, 0.0, 1.7, 1.2, 1.7, 1.9, 1.2, 0.0, 1.2, 0.0, 1.2, 0.0, 0.0, 0.0, 2.0, 1.4, 1.7, 1.5, 1.4, 0.0, 1.9, 1.6, 0.0, 0.0, 0.0, 0.0, 2.0, 0.0, 0.0, 1.6]
Indi 6: Fitness: 34.46060606060606Genotype: [1.2, 1.8, 1.1, 0.0, 1.0, 1.9, 0.0, 1.3, 0.0, 1.0, 1.4, 1.0, 1.7, 0.0, 0.0, 1.2, 0.0, 0.0, 0.0, 0.0, 0.0, 1.1, 1.2, 1.7, 0.0, 0.0, 0.0, 0.0, 1.8, 1.9, 0.0, 0.0, 1.7, 0.0, 1.4]
Indi 7: Fitness: 35.06060606060606Genotype: [1.3, 1.3, 0.0, 0.0, 1.2, 0.0, 0.0, 1.3, 1.7, 0.0, 0.0, 0.0, 0.0, 1.2, 0.0, 1.2, 0.0, 2.0, 1.5, 1.1, 1.2, 1.8, 1.4, 0.0, 0.0, 0.0, 1.8, 0.0, 0.0, 0.0, 0.0, 0.0, 0.0, 1.8, 1.4]
Indi 8: Fitness: 36.46060606060607Genotype: [1.2, 1.8, 0.0, 0.0, 0.0, 0.0, 0.0, 0.0, 0.0, 0.0, 1.4, 1.0, 1.7, 0.0, 0.0, 1.2, 0.0, 0.0, 0.0, 0.0, 0.0, 1.1, 1.2, 1.7, 0.0, 0.0, 0.0, 0.0, 1.8, 1.9, 1.6, 0.0, 0.0, 0.0, 1.4]
Indi 9: Fitness: 36.86060606060607Genotype: [1.8, 0.0, 0.0, 1.0, 1.7, 0.0, 0.0, 1.7, 1.7, 0.0, 0.0, 0.0, 1.3, 1.2, 0.0, 1.2, 0.0, 2.0, 1.5, 0.0, 0.0, 0.0, 0.0, 0.0, 0.0, 1.4, 0.0, 0.0, 0.0, 1.3, 0.0, 1.5, 0.0, 1.9, 0.0]
Indi 10: Fitness: 39.612121212121224Genotype: [1.2, 1.8, 1.1, 0.0, 1.0, 0.0, 0.0, 0.0, 0.0, 0.0, 0.0, 1.0, 1.7, 0.0, 0.0, 0.0, 0.0, 0.0, 0.0, 0.0, 0.0, 0.0, 1.2, 1.7, 0.0, 0.0, 0.0, 0.0, 1.8, 1.8, 0.0, 0.0, 0.0, 0.0, 1.4]
Indi 11: Fitness: 39.71212121212122Genotype: [0.0, 1.3, 0.0, 1.0, 1.2, 0.0, 1.4, 1.3, 1.7, 1.0, 0.0, 0.0, 0.0, 1.2, 0.0, 1.6, 0.0, 2.0, 1.5, 0.0, 1.8, 1.8, 0.0, 1.8, 0.0, 0.0, 1.8, 1.0, 0.0, 0.0, 0.0, 0.0, 0.0, 1.6, 0.0]
Indi 12: Fitness: 44.81212121212122Genotype: [0.0, 1.3, 1.1, 0.0, 1.1, 1.3, 1.4, 0.0, 0.0, 1.7, 1.9, 1.2, 0.0, 2.0, 0.0, 1.2, 0.0, 0.0, 0.0, 2.0, 0.0, 1.7, 0.0, 1.4, 0.0, 1.8, 1.4, 0.0, 1.8, 1.3, 0.0, 0.0, 0.0, 0.0, 1.3]
Indi 13: Fitness: 45.11212121212122Genotype: [1.2, 0.0, 1.1, 0.0, 1.0, 0.0, 0.0, 0.0, 0.0, 1.0, 0.0, 1.0, 1.4, 0.0, 0.0, 0.0, 0.0, 0.0, 0.0, 0.0, 0.0, 0.0, 1.2, 1.7, 0.0, 0.0, 0.0, 0.0, 1.8, 1.8, 0.0, 0.0, 0.0, 0.0, 1.4]
Indi 14: Fitness: 46.91212121212122Genotype: [1.2, 1.8, 1.1, 0.0, 1.0, 0.0, 0.0, 0.0, 0.0, 1.8, 1.6, 1.0, 1.7, 1.2, 0.0, 1.2, 0.0, 0.0, 0.0, 0.0, 0.0, 0.0, 1.2, 1.7, 0.0, 0.0, 0.0, 1.5, 1.8, 1.8, 0.0, 0.0, 0.0, 0.0, 1.4]
Indi 15: Fitness: 47.11212121212122Genotype: [0.0, 1.2, 0.0, 1.0, 1.1, 1.3, 0.0, 0.0, 0.0, 1.7, 1.9, 1.7, 0.0, 2.0, 0.0, 1.2, 0.0, 0.0, 0.0, 0.0, 0.0, 1.7, 0.0, 1.4, 0.0, 1.8, 1.6, 0.0, 1.8, 1.3, 0.0, 0.0, 0.0, 0.0, 1.7]
Indi 16: Fitness: 47.81212121212121Genotype: [0.0, 1.5, 0.0, 1.0, 1.2, 0.0, 1.4, 1.3, 1.7, 0.0, 0.0, 0.0, 0.0, 1.2, 0.0, 1.2, 0.0, 2.0, 1.5, 0.0, 1.2, 1.8, 0.0, 0.0, 0.0, 0.0, 1.8, 0.0, 0.0, 0.0, 0.0, 0.0, 0.0, 1.8, 0.0]
Indi 17: Fitness: 47.81212121212122Genotype: [0.0, 0.0, 0.0, 0.0, 0.0, 1.5, 0.0, 1.0, 0.0, 1.5, 0.0, 1.1, 0.0, 1.3, 1.6, 1.9, 1.7, 1.6, 0.0, 1.9, 0.0, 1.9, 0.0, 0.0, 0.0, 1.9, 0.0, 0.0, 1.1, 0.0, 0.0, 1.1, 0.0, 0.0, 0.0]
Indi 18: Fitness: 49.112121212121224Genotype: [1.7, 1.8, 0.0, 1.0, 1.1, 1.3, 1.4, 0.0, 0.0, 1.7, 1.9, 1.2, 0.0, 2.0, 0.0, 1.2, 0.0, 0.0, 0.0, 2.0, 0.0, 1.7, 0.0, 1.4, 0.0, 1.8, 1.6, 0.0, 1.8, 1.3, 0.0, 0.0, 0.0, 0.0, 0.0]
Indi 19: Fitness: 49.21212121212122Genotype: [0.0, 1.5, 1.1, 0.0, 1.1, 1.3, 1.4, 1.6, 0.0, 0.0, 1.9, 1.2, 0.0, 2.0, 0.0, 1.2, 0.0, 0.0, 0.0, 2.0, 0.0, 1.7, 0.0, 1.4, 0.0, 1.8, 0.0, 0.0, 0.0, 1.3, 1.7, 0.0, 0.0, 0.0, 0.0]
Indi 20: Fitness: 49.31212121212122Genotype: [0.0, 1.3, 0.0, 0.0, 0.0, 0.0, 0.0, 1.0, 0.0, 1.5, 0.0, 1.6, 0.0, 1.4, 1.6, 1.9, 1.7, 0.0, 0.0, 1.9, 0.0, 1.3, 0.0, 0.0, 0.0, 1.9, 0.0, 0.0, 1.1, 0.0, 0.0, 1.1, 0.0, 0.0, 0.0]
Indi 21: Fitness: 49.31212121212123Genotype: [0.0, 1.1, 0.0, 1.0, 1.1, 1.3, 1.4, 0.0, 0.0, 1.7, 1.9, 0.0, 1.7, 2.0, 0.0, 1.2, 0.0, 0.0, 0.0, 2.0, 0.0, 1.7, 0.0, 1.4, 0.0, 1.8, 0.0, 0.0, 1.8, 1.3, 0.0, 0.0, 0.0, 0.0, 0.0]
Indi 22: Fitness: 49.41212121212122Genotype: [1.7, 1.8, 1.1, 0.0, 1.4, 0.0, 0.0, 0.0, 0.0, 1.0, 0.0, 0.0, 0.0, 0.0, 1.3, 1.1, 0.0, 0.0, 0.0, 0.0, 0.0, 1.1, 1.2, 1.7, 1.8, 2.0, 0.0, 0.0, 1.8, 1.9, 0.0, 0.0, 0.0, 0.0, 1.4]
Indi 23: Fitness: 49.41212121212122Genotype: [0.0, 1.3, 0.0, 1.0, 1.7, 0.0, 1.4, 0.0, 1.7, 0.0, 0.0, 0.0, 0.0, 1.2, 0.0, 1.2, 0.0, 2.0, 1.5, 0.0, 1.2, 0.0, 0.0, 0.0, 0.0, 0.0, 1.2, 0.0, 0.0, 0.0, 0.0, 0.0, 0.0, 1.8, 0.0]
Indi 24: Fitness: 50.112121212121224Genotype: [0.0, 1.3, 0.0, 1.0, 1.2, 0.0, 1.4, 1.3, 1.7, 0.0, 0.0, 0.0, 1.8, 1.6, 1.5, 1.2, 0.0, 1.8, 1.5, 0.0, 1.2, 1.8, 0.0, 1.8, 0.0, 0.0, 1.8, 1.1, 0.0, 0.0, 0.0, 0.0, 0.0, 0.0, 0.0]
Indi 25: Fitness: 50.21212121212122Genotype: [0.0, 1.3, 0.0, 1.0, 1.1, 1.3, 1.4, 0.0, 0.0, 1.7, 1.9, 1.2, 0.0, 2.0, 0.0, 1.2, 0.0, 0.0, 0.0, 2.0, 0.0, 1.7, 0.0, 1.4, 0.0, 1.8, 1.6, 0.0, 1.8, 1.3, 0.0, 0.0, 0.0, 0.0, 0.0]
Indi 26: Fitness: 50.41212121212122Genotype: [0.0, 1.1, 0.0, 1.0, 1.1, 1.3, 1.4, 0.0, 0.0, 1.7, 1.9, 1.7, 0.0, 2.0, 1.7, 1.2, 0.0, 0.0, 0.0, 2.0, 0.0, 1.3, 0.0, 1.4, 0.0, 1.8, 1.6, 0.0, 1.8, 1.3, 0.0, 0.0, 0.0, 0.0, 0.0]
Indi 27: Fitness: 50.51212121212122Genotype: [1.7, 1.4, 1.1, 0.0, 1.1, 1.3, 1.4, 0.0, 0.0, 0.0, 1.9, 1.2, 0.0, 2.0, 0.0, 1.1, 0.0, 0.0, 0.0, 1.8, 0.0, 1.7, 1.7, 1.4, 0.0, 1.8, 1.4, 0.0, 1.8, 1.3, 0.0, 0.0, 0.0, 0.0, 1.3]
Indi 28: Fitness: 50.71212121212122Genotype: [0.0, 1.5, 1.1, 0.0, 1.1, 1.3, 1.4, 0.0, 0.0, 1.7, 1.9, 2.0, 0.0, 1.3, 0.0, 0.0, 2.0, 0.0, 0.0, 2.0, 0.0, 1.7, 0.0, 1.4, 0.0, 1.8, 1.5, 0.0, 1.8, 1.3, 0.0, 0.0, 0.0, 0.0, 1.3]
Indi 29: Fitness: 50.81212121212122Genotype: [0.0, 1.3, 1.7, 1.0, 1.7, 0.0, 1.4, 0.0, 0.0, 0.0, 0.0, 0.0, 0.0, 1.2, 0.0, 1.2, 0.0, 0.0, 2.0, 0.0, 1.2, 1.8, 0.0, 0.0, 1.4, 0.0, 0.0, 0.0, 0.0, 0.0, 0.0, 0.0, 0.0, 1.9, 0.0]
Indi 30: Fitness: 50.81212121212122Genotype: [0.0, 1.1, 0.0, 0.0, 0.0, 1.3, 0.0, 0.0, 1.2, 0.0, 0.0, 1.2, 0.0, 2.0, 0.0, 1.2, 0.0, 1.2, 0.0, 2.0, 1.4, 1.7, 0.0, 1.4, 0.0, 1.9, 1.6, 0.0, 0.0, 0.0, 0.0, 0.0, 0.0, 0.0, 1.6]
Indi 31: Fitness: 51.012121212121215Genotype: [1.8, 0.0, 0.0, 1.0, 1.7, 0.0, 1.4, 0.0, 1.4, 0.0, 0.0, 0.0, 1.3, 1.2, 0.0, 1.8, 0.0, 2.0, 1.5, 0.0, 1.6, 0.0, 0.0, 0.0, 0.0, 0.0, 1.2, 0.0, 0.0, 1.3, 0.0, 0.0, 0.0, 1.9, 0.0]
Indi 32: Fitness: 51.01212121212122Genotype: [2.0, 1.8, 0.0, 0.0, 1.0, 0.0, 0.0, 0.0, 0.0, 1.0, 0.0, 1.0, 0.0, 0.0, 1.3, 1.2, 0.0, 0.0, 0.0, 0.0, 0.0, 1.1, 1.2, 0.0, 0.0, 2.0, 0.0, 0.0, 1.8, 1.9, 0.0, 0.0, 1.2, 0.0, 1.4]
Indi 33: Fitness: 51.31212121212122Genotype: [0.0, 1.3, 0.0, 0.0, 0.0, 0.0, 0.0, 1.2, 0.0, 1.5, 0.0, 0.0, 0.0, 1.4, 1.6, 0.0, 1.7, 1.7, 0.0, 1.9, 0.0, 1.9, 0.0, 0.0, 0.0, 1.9, 0.0, 0.0, 1.1, 0.0, 0.0, 1.2, 0.0, 0.0, 0.0]
Indi 34: Fitness: 51.41212121212122Genotype: [1.2, 1.8, 1.1, 0.0, 1.0, 0.0, 0.0, 0.0, 0.0, 1.0, 1.4, 1.9, 1.7, 1.6, 1.2, 1.0, 0.0, 0.0, 0.0, 0.0, 0.0, 1.4, 1.2, 1.7, 0.0, 0.0, 2.0, 0.0, 1.8, 1.9, 0.0, 1.3, 0.0, 0.0, 1.4]
Indi 35: Fitness: 51.41212121212122Genotype: [0.0, 1.1, 0.0, 1.0, 1.7, 0.0, 1.4, 1.7, 1.7, 0.0, 0.0, 0.0, 1.3, 1.2, 0.0, 1.2, 0.0, 2.0, 1.5, 0.0, 1.6, 1.8, 0.0, 0.0, 0.0, 0.0, 1.2, 0.0, 0.0, 1.3, 0.0, 0.0, 0.0, 1.9, 0.0]
Indi 36: Fitness: 51.51212121212122Genotype: [0.0, 1.1, 0.0, 1.9, 1.1, 1.3, 0.0, 0.0, 1.5, 1.7, 1.9, 1.2, 0.0, 0.0, 0.0, 1.2, 0.0, 0.0, 0.0, 0.0, 1.4, 1.7, 0.0, 1.4, 0.0, 1.9, 1.6, 0.0, 0.0, 0.0, 0.0, 0.0, 0.0, 0.0, 0.0]
Indi 37: Fitness: 51.71212121212122Genotype: [1.2, 1.8, 1.1, 0.0, 1.1, 1.3, 1.4, 0.0, 0.0, 1.7, 1.9, 1.2, 0.0, 2.0, 0.0, 1.2, 0.0, 0.0, 0.0, 2.0, 0.0, 1.7, 0.0, 1.4, 0.0, 1.8, 1.4, 0.0, 1.8, 1.3, 0.0, 0.0, 0.0, 0.0, 1.3]
Indi 38: Fitness: 52.91212121212122Genotype: [0.0, 1.1, 1.1, 0.0, 1.0, 0.0, 0.0, 0.0, 0.0, 1.0, 1.4, 1.0, 1.7, 0.0, 0.0, 1.2, 0.0, 0.0, 0.0, 0.0, 0.0, 1.1, 1.2, 1.7, 0.0, 0.0, 0.0, 0.0, 1.8, 1.9, 0.0, 0.0, 0.0, 0.0, 1.4]
Indi 39: Fitness: 53.71212121212122Genotype: [1.8, 0.0, 0.0, 0.0, 0.0, 0.0, 0.0, 1.0, 0.0, 1.5, 0.0, 0.0, 0.0, 1.4, 1.6, 1.9, 1.7, 0.0, 0.0, 1.9, 0.0, 1.9, 0.0, 0.0, 0.0, 1.9, 0.0, 0.0, 1.1, 0.0, 0.0, 1.1, 0.0, 0.0, 0.0]
Indi 40: Fitness: 53.81212121212122Genotype: [0.0, 1.1, 0.0, 1.9, 1.1, 1.3, 0.0, 0.0, 1.2, 1.7, 1.9, 1.2, 0.0, 2.0, 0.0, 1.2, 0.0, 0.0, 0.0, 2.0, 1.4, 1.7, 0.0, 1.4, 0.0, 1.9, 1.6, 0.0, 0.0, 0.0, 0.0, 0.0, 0.0, 0.0, 1.6]
Indi 41: Fitness: 53.81212121212123Genotype: [0.0, 1.3, 0.0, 1.0, 1.2, 0.0, 1.4, 1.3, 1.7, 0.0, 0.0, 0.0, 0.0, 1.2, 0.0, 1.2, 0.0, 2.0, 1.5, 0.0, 1.2, 1.8, 0.0, 0.0, 0.0, 0.0, 1.8, 0.0, 0.0, 0.0, 0.0, 0.0, 0.0, 1.8, 0.0]
Indi 42: Fitness: 53.912121212121214Genotype: [1.8, 0.0, 0.0, 1.0, 1.7, 0.0, 1.4, 1.7, 1.7, 0.0, 0.0, 0.0, 1.3, 1.2, 0.0, 1.2, 0.0, 2.0, 1.5, 0.0, 1.6, 1.8, 0.0, 0.0, 0.0, 0.0, 1.2, 0.0, 0.0, 1.3, 0.0, 0.0, 0.0, 1.9, 0.0]
Indi 43: Fitness: 54.11212121212122Genotype: [0.0, 1.1, 0.0, 1.0, 1.1, 1.3, 1.4, 0.0, 0.0, 1.7, 1.9, 1.2, 0.0, 2.0, 0.0, 1.2, 0.0, 0.0, 0.0, 2.0, 0.0, 1.7, 0.0, 1.4, 0.0, 1.8, 1.6, 0.0, 1.8, 1.3, 0.0, 0.0, 0.0, 0.0, 0.0]
Indi 44: Fitness: 54.112121212121224Genotype: [1.2, 1.8, 1.1, 0.0, 1.0, 0.0, 0.0, 0.0, 0.0, 1.0, 0.0, 1.0, 1.7, 0.0, 0.0, 1.2, 0.0, 0.0, 0.0, 0.0, 0.0, 0.0, 1.2, 1.7, 0.0, 0.0, 0.0, 0.0, 1.8, 1.8, 0.0, 0.0, 0.0, 0.0, 1.4]
Indi 45: Fitness: 54.21212121212122Genotype: [1.2, 1.8, 1.1, 0.0, 1.0, 0.0, 0.0, 0.0, 0.0, 1.0, 1.4, 1.0, 1.7, 0.0, 0.0, 1.2, 0.0, 0.0, 0.0, 0.0, 0.0, 1.1, 1.2, 1.7, 0.0, 0.0, 0.0, 0.0, 1.8, 1.9, 0.0, 0.0, 0.0, 0.0, 1.4]
Indi 46: Fitness: 54.212121212121225Genotype: [0.0, 1.3, 0.0, 0.0, 0.0, 0.0, 0.0, 1.0, 0.0, 1.5, 0.0, 0.0, 0.0, 1.4, 1.6, 1.9, 1.7, 0.0, 0.0, 1.9, 0.0, 1.9, 0.0, 0.0, 0.0, 1.9, 0.0, 0.0, 1.1, 0.0, 0.0, 1.1, 0.0, 0.0, 0.0]
Indi 47: Fitness: 54.61212121212122Genotype: [0.0, 1.3, 0.0, 1.0, 1.7, 0.0, 1.4, 0.0, 1.7, 0.0, 0.0, 0.0, 0.0, 1.2, 0.0, 1.2, 0.0, 2.0, 1.5, 0.0, 1.2, 1.8, 0.0, 0.0, 0.0, 0.0, 1.2, 0.0, 0.0, 1.3, 0.0, 0.0, 0.0, 1.9, 0.0]
Indi 48: Fitness: 54.61212121212122Genotype: [0.0, 1.5, 1.1, 0.0, 1.1, 1.3, 1.4, 0.0, 0.0, 1.7, 1.9, 1.2, 0.0, 2.0, 0.0, 1.2, 0.0, 0.0, 0.0, 2.0, 0.0, 1.7, 0.0, 1.4, 0.0, 1.8, 1.4, 0.0, 1.8, 1.3, 0.0, 0.0, 0.0, 0.0, 1.3]
Indi 49: Fitness: 55.61212121212122Genotype: [1.7, 1.8, 1.1, 0.0, 1.0, 0.0, 0.0, 0.0, 0.0, 1.0, 0.0, 1.0, 0.0, 0.0, 1.3, 1.2, 0.0, 0.0, 0.0, 0.0, 0.0, 1.1, 1.2, 1.7, 0.0, 2.0, 0.0, 0.0, 1.8, 1.9, 0.0, 0.0, 0.0, 0.0, 1.4]
