INICIO: Sun Jan 28 21:52:37 BRST 2018
INDIVIDUALS OF LAST GENERATION: 81
Indi 0: Fitness: -20.339393939393936Genotype: [1.2, 0.0, 1.1, 0.0, 1.0, 1.6, 0.0, 0.0, 0.0, 2.0, 0.0, 1.5, 1.4, 0.0, 2.0, 0.0, 0.0, 0.0, 0.0, 1.3, 0.0, 0.0, 1.2, 1.7, 0.0, 1.3, 0.0, 0.0, 1.8, 1.8, 0.0, 1.4, 0.0, 0.0, 1.4]
Indi 1: Fitness: -14.48787878787877Genotype: [0.0, 1.3, 0.0, 1.0, 1.7, 0.0, 1.7, 0.0, 1.7, 0.0, 0.0, 0.0, 0.0, 1.2, 1.2, 1.2, 0.0, 2.0, 1.5, 1.5, 0.0, 1.8, 0.0, 0.0, 0.0, 0.0, 0.0, 0.0, 0.0, 1.3, 0.0, 0.0, 0.0, 1.9, 0.0]
Indi 2: Fitness: -10.287878787878782Genotype: [0.0, 1.5, 0.0, 1.0, 1.7, 0.0, 1.4, 0.0, 1.7, 0.0, 0.0, 0.0, 0.0, 1.2, 0.0, 1.2, 0.0, 2.0, 1.5, 0.0, 1.2, 1.8, 0.0, 0.0, 0.0, 0.0, 1.2, 0.0, 0.0, 1.3, 0.0, 0.0, 0.0, 1.9, 0.0]
Indi 3: Fitness: -5.987878787878781Genotype: [0.0, 0.0, 0.0, 0.0, 0.0, 0.0, 0.0, 1.0, 0.0, 1.5, 0.0, 0.0, 0.0, 1.4, 1.6, 1.9, 1.8, 0.0, 0.0, 1.9, 0.0, 1.9, 0.0, 0.0, 0.0, 1.9, 0.0, 0.0, 1.1, 0.0, 0.0, 1.1, 0.0, 0.0, 1.1]
Indi 4: Fitness: 34.46060606060606Genotype: [0.0, 0.0, 0.0, 0.0, 1.0, 0.0, 0.0, 0.0, 0.0, 1.8, 0.0, 1.5, 1.7, 0.0, 2.0, 1.3, 0.0, 0.0, 0.0, 0.0, 0.0, 0.0, 1.2, 1.7, 0.0, 1.2, 0.0, 1.5, 1.8, 0.0, 0.0, 1.8, 0.0, 0.0, 1.4]
Indi 5: Fitness: 34.46060606060607Genotype: [0.0, 1.5, 1.1, 0.0, 1.1, 1.3, 1.4, 0.0, 0.0, 1.7, 1.9, 1.6, 0.0, 2.0, 1.5, 1.2, 0.0, 0.0, 0.0, 2.0, 0.0, 1.7, 1.2, 1.4, 0.0, 1.8, 1.4, 0.0, 0.0, 1.3, 1.8, 0.0, 0.0, 0.0, 1.3]
Indi 6: Fitness: 34.760606060606065Genotype: [0.0, 1.3, 0.0, 1.0, 1.7, 0.0, 1.4, 0.0, 1.7, 0.0, 0.0, 0.0, 0.0, 1.2, 0.0, 0.0, 0.0, 2.0, 1.5, 0.0, 1.2, 1.8, 0.0, 0.0, 1.2, 0.0, 1.2, 0.0, 1.8, 1.3, 0.0, 0.0, 0.0, 1.9, 1.8]
Indi 7: Fitness: 35.260606060606065Genotype: [0.0, 0.0, 0.0, 1.0, 1.7, 0.0, 1.4, 0.0, 1.5, 0.0, 0.0, 0.0, 0.0, 1.2, 0.0, 1.2, 0.0, 2.0, 1.5, 0.0, 1.2, 1.8, 0.0, 0.0, 0.0, 0.0, 1.2, 0.0, 0.0, 1.3, 0.0, 0.0, 1.7, 1.9, 0.0]
Indi 8: Fitness: 35.660606060606064Genotype: [2.0, 1.5, 1.1, 0.0, 1.1, 1.5, 1.4, 0.0, 0.0, 0.0, 1.9, 1.2, 0.0, 2.0, 0.0, 1.4, 0.0, 1.5, 0.0, 2.0, 0.0, 1.7, 0.0, 1.4, 0.0, 1.8, 1.4, 0.0, 1.7, 1.3, 0.0, 1.8, 0.0, 0.0, 1.3]
Indi 9: Fitness: 35.86060606060607Genotype: [1.2, 1.8, 0.0, 0.0, 1.0, 0.0, 0.0, 0.0, 0.0, 2.0, 0.0, 1.5, 1.8, 0.0, 0.0, 0.0, 0.0, 0.0, 0.0, 0.0, 0.0, 0.0, 1.2, 1.7, 0.0, 0.0, 0.0, 0.0, 1.4, 1.8, 0.0, 0.0, 1.6, 0.0, 1.4]
Indi 10: Fitness: 36.46060606060606Genotype: [0.0, 1.5, 1.4, 1.3, 1.7, 0.0, 0.0, 1.7, 1.7, 0.0, 0.0, 0.0, 0.0, 1.2, 0.0, 1.1, 0.0, 2.0, 1.5, 0.0, 1.6, 1.8, 0.0, 1.7, 1.9, 0.0, 1.2, 0.0, 1.9, 1.4, 0.0, 1.7, 0.0, 1.6, 0.0]
Indi 11: Fitness: 37.511111111111106Genotype: [1.2, 1.3, 1.4, 0.0, 1.0, 0.0, 0.0, 0.0, 0.0, 2.0, 0.0, 1.5, 1.7, 0.0, 0.0, 1.2, 0.0, 0.0, 1.5, 0.0, 0.0, 0.0, 1.2, 1.7, 0.0, 0.0, 0.0, 0.0, 1.8, 1.8, 0.0, 0.0, 1.4, 0.0, 1.4]
Indi 12: Fitness: 38.46060606060606Genotype: [1.9, 1.3, 0.0, 1.0, 1.7, 0.0, 1.0, 0.0, 1.7, 0.0, 0.0, 0.0, 0.0, 1.2, 0.0, 1.2, 0.0, 1.6, 0.0, 0.0, 1.2, 1.8, 0.0, 0.0, 0.0, 0.0, 0.0, 0.0, 0.0, 1.3, 0.0, 0.0, 1.3, 1.9, 0.0]
Indi 13: Fitness: 44.21212121212122Genotype: [0.0, 1.5, 1.1, 0.0, 1.1, 2.0, 1.4, 0.0, 0.0, 0.0, 1.9, 1.2, 1.6, 2.0, 0.0, 1.3, 0.0, 0.0, 0.0, 2.0, 0.0, 1.7, 1.3, 1.4, 0.0, 1.8, 1.4, 0.0, 1.8, 1.3, 0.0, 0.0, 0.0, 0.0, 1.3]
Indi 14: Fitness: 45.31212121212123Genotype: [2.0, 1.9, 0.0, 0.0, 0.0, 0.0, 1.6, 1.0, 1.4, 0.0, 0.0, 0.0, 0.0, 1.4, 1.6, 1.9, 1.7, 0.0, 0.0, 1.9, 0.0, 1.9, 0.0, 0.0, 0.0, 1.9, 0.0, 0.0, 1.1, 0.0, 0.0, 1.1, 0.0, 0.0, 0.0]
Indi 15: Fitness: 46.01212121212122Genotype: [0.0, 1.3, 1.1, 0.0, 1.1, 1.5, 1.4, 0.0, 0.0, 1.7, 1.9, 1.2, 0.0, 2.0, 0.0, 1.2, 0.0, 0.0, 0.0, 2.0, 0.0, 1.7, 0.0, 1.4, 0.0, 1.8, 1.4, 0.0, 1.7, 1.3, 0.0, 0.0, 0.0, 0.0, 1.3]
Indi 16: Fitness: 46.71212121212122Genotype: [1.2, 1.8, 1.1, 0.0, 1.1, 1.5, 1.4, 0.0, 0.0, 1.7, 1.9, 1.2, 0.0, 2.0, 0.0, 1.2, 0.0, 0.0, 0.0, 2.0, 0.0, 1.7, 0.0, 1.4, 0.0, 1.8, 1.4, 0.0, 1.7, 1.3, 0.0, 0.0, 0.0, 0.0, 1.3]
Indi 17: Fitness: 47.712121212121225Genotype: [0.0, 1.3, 0.0, 0.0, 1.7, 1.2, 1.4, 0.0, 1.6, 0.0, 0.0, 0.0, 0.0, 1.2, 0.0, 1.2, 0.0, 2.0, 1.5, 0.0, 1.2, 1.8, 0.0, 0.0, 0.0, 0.0, 1.2, 0.0, 0.0, 1.3, 0.0, 0.0, 0.0, 1.9, 0.0]
Indi 18: Fitness: 48.112121212121224Genotype: [1.2, 0.0, 1.1, 0.0, 1.0, 0.0, 0.0, 0.0, 0.0, 2.0, 0.0, 1.5, 1.7, 1.6, 0.0, 0.0, 0.0, 0.0, 0.0, 0.0, 0.0, 0.0, 1.2, 1.7, 0.0, 0.0, 0.0, 1.2, 1.8, 1.8, 0.0, 0.0, 0.0, 0.0, 1.4]
Indi 19: Fitness: 48.21212121212122Genotype: [0.0, 1.1, 0.0, 1.7, 1.7, 1.5, 0.0, 0.0, 1.7, 0.0, 1.3, 0.0, 0.0, 1.2, 0.0, 1.2, 0.0, 2.0, 1.5, 0.0, 1.6, 1.8, 0.0, 0.0, 0.0, 0.0, 1.2, 0.0, 1.9, 1.4, 0.0, 0.0, 0.0, 1.9, 0.0]
Indi 20: Fitness: 48.31212121212122Genotype: [0.0, 1.5, 1.1, 0.0, 0.0, 1.3, 1.4, 0.0, 0.0, 1.7, 1.9, 1.2, 0.0, 2.0, 1.4, 0.0, 0.0, 0.0, 0.0, 2.0, 0.0, 1.7, 0.0, 1.3, 0.0, 1.8, 1.4, 0.0, 1.8, 1.3, 0.0, 0.0, 0.0, 0.0, 1.3]
Indi 21: Fitness: 48.41212121212122Genotype: [0.0, 1.1, 0.0, 1.0, 1.7, 0.0, 0.0, 1.7, 1.7, 0.0, 0.0, 0.0, 0.0, 0.0, 0.0, 1.2, 0.0, 0.0, 1.8, 0.0, 1.6, 0.0, 0.0, 1.7, 0.0, 0.0, 2.0, 0.0, 1.9, 1.4, 0.0, 0.0, 0.0, 1.9, 0.0]
Indi 22: Fitness: 48.712121212121225Genotype: [0.0, 1.3, 1.1, 0.0, 1.0, 0.0, 0.0, 0.0, 0.0, 1.0, 0.0, 1.0, 0.0, 0.0, 1.3, 1.2, 0.0, 0.0, 0.0, 0.0, 0.0, 1.1, 1.2, 1.7, 0.0, 2.0, 0.0, 0.0, 1.8, 1.9, 0.0, 0.0, 0.0, 0.0, 1.4]
Indi 23: Fitness: 48.81212121212121Genotype: [0.0, 1.5, 1.1, 0.0, 1.1, 1.5, 1.4, 0.0, 0.0, 1.8, 1.9, 1.2, 0.0, 1.8, 0.0, 1.2, 0.0, 0.0, 0.0, 2.0, 0.0, 1.7, 0.0, 1.4, 0.0, 1.6, 1.4, 0.0, 1.7, 1.3, 0.0, 0.0, 0.0, 0.0, 0.0]
Indi 24: Fitness: 49.11212121212122Genotype: [0.0, 1.3, 0.0, 0.0, 1.0, 0.0, 1.1, 0.0, 0.0, 2.0, 0.0, 1.5, 1.9, 0.0, 0.0, 0.0, 0.0, 0.0, 0.0, 0.0, 0.0, 0.0, 1.2, 1.7, 0.0, 0.0, 0.0, 0.0, 1.8, 1.8, 0.0, 0.0, 0.0, 0.0, 1.4]
Indi 25: Fitness: 49.112121212121224Genotype: [0.0, 1.3, 0.0, 1.0, 1.7, 0.0, 1.4, 0.0, 1.7, 0.0, 0.0, 0.0, 0.0, 1.2, 0.0, 1.2, 0.0, 2.0, 1.5, 0.0, 1.2, 1.8, 0.0, 0.0, 0.0, 0.0, 1.2, 0.0, 0.0, 1.3, 0.0, 0.0, 0.0, 1.9, 0.0]
Indi 26: Fitness: 49.81212121212123Genotype: [1.2, 0.0, 1.1, 0.0, 1.0, 0.0, 0.0, 0.0, 0.0, 2.0, 0.0, 1.5, 1.7, 0.0, 0.0, 0.0, 0.0, 0.0, 0.0, 0.0, 0.0, 0.0, 1.2, 1.7, 0.0, 0.0, 0.0, 0.0, 1.8, 1.8, 0.0, 0.0, 0.0, 0.0, 1.4]
Indi 27: Fitness: 50.81212121212122Genotype: [1.7, 1.8, 1.1, 0.0, 1.0, 0.0, 0.0, 0.0, 0.0, 1.0, 0.0, 1.0, 0.0, 0.0, 1.3, 1.2, 0.0, 0.0, 2.0, 0.0, 0.0, 1.1, 1.2, 0.0, 0.0, 2.0, 0.0, 1.7, 1.8, 1.9, 0.0, 0.0, 0.0, 0.0, 1.4]
Indi 28: Fitness: 51.012121212121215Genotype: [0.0, 1.3, 0.0, 1.0, 1.7, 0.0, 1.4, 0.0, 1.7, 0.0, 0.0, 1.3, 1.8, 1.2, 0.0, 1.2, 0.0, 2.0, 1.5, 0.0, 1.4, 1.8, 0.0, 0.0, 0.0, 0.0, 1.2, 0.0, 0.0, 1.3, 0.0, 0.0, 0.0, 1.9, 0.0]
Indi 29: Fitness: 51.21212121212122Genotype: [0.0, 1.5, 1.1, 0.0, 1.0, 0.0, 0.0, 0.0, 0.0, 1.0, 0.0, 1.0, 0.0, 0.0, 1.3, 1.2, 0.0, 0.0, 0.0, 0.0, 0.0, 1.1, 1.2, 1.7, 0.0, 2.0, 0.0, 0.0, 1.8, 1.9, 0.0, 0.0, 0.0, 0.0, 1.4]
Indi 30: Fitness: 51.21212121212122Genotype: [1.2, 0.0, 1.1, 0.0, 1.0, 0.0, 1.7, 0.0, 0.0, 2.0, 0.0, 1.5, 1.7, 0.0, 2.0, 1.3, 0.0, 0.0, 0.0, 0.0, 0.0, 0.0, 1.2, 0.0, 0.0, 1.9, 0.0, 0.0, 1.8, 1.8, 0.0, 0.0, 0.0, 0.0, 1.4]
Indi 31: Fitness: 51.31212121212122Genotype: [0.0, 1.1, 1.1, 0.0, 1.0, 0.0, 0.0, 0.0, 0.0, 2.0, 0.0, 1.5, 1.7, 0.0, 0.0, 0.0, 0.0, 0.0, 0.0, 0.0, 0.0, 0.0, 1.2, 1.7, 0.0, 0.0, 0.0, 0.0, 1.8, 1.8, 0.0, 0.0, 0.0, 0.0, 1.4]
Indi 32: Fitness: 51.41212121212122Genotype: [1.7, 1.8, 1.1, 0.0, 1.1, 1.5, 1.4, 0.0, 0.0, 1.7, 1.9, 1.2, 0.0, 2.0, 0.0, 1.2, 0.0, 0.0, 0.0, 2.0, 0.0, 1.7, 0.0, 1.4, 0.0, 1.8, 1.4, 0.0, 1.7, 1.3, 0.0, 0.0, 0.0, 0.0, 1.3]
Indi 33: Fitness: 51.612121212121224Genotype: [0.0, 1.3, 1.9, 0.0, 1.3, 0.0, 1.6, 1.0, 0.0, 1.5, 0.0, 0.0, 1.2, 1.4, 1.6, 1.9, 1.7, 0.0, 1.0, 1.9, 0.0, 1.9, 0.0, 0.0, 0.0, 1.9, 1.2, 0.0, 1.1, 0.0, 0.0, 1.1, 0.0, 0.0, 0.0]
Indi 34: Fitness: 51.81212121212122Genotype: [0.0, 1.3, 1.1, 0.0, 1.1, 1.5, 1.4, 0.0, 0.0, 1.7, 1.9, 1.2, 0.0, 2.0, 0.0, 1.2, 0.0, 0.0, 0.0, 2.0, 0.0, 1.7, 0.0, 1.4, 0.0, 1.8, 1.4, 0.0, 1.7, 1.3, 0.0, 0.0, 0.0, 0.0, 1.3]
Indi 35: Fitness: 51.91212121212122Genotype: [1.2, 1.3, 0.0, 0.0, 1.0, 0.0, 0.0, 0.0, 0.0, 0.0, 0.0, 1.5, 0.0, 0.0, 0.0, 0.0, 0.0, 0.0, 0.0, 0.0, 0.0, 1.4, 1.2, 1.7, 1.3, 0.0, 0.0, 0.0, 1.8, 0.0, 0.0, 0.0, 0.0, 0.0, 1.4]
Indi 36: Fitness: 52.31212121212122Genotype: [1.7, 1.8, 1.1, 0.0, 1.0, 0.0, 0.0, 0.0, 0.0, 1.0, 0.0, 1.0, 0.0, 0.0, 1.3, 1.2, 0.0, 0.0, 1.4, 0.0, 0.0, 1.1, 1.2, 1.7, 1.7, 0.0, 0.0, 0.0, 1.8, 1.9, 0.0, 1.1, 0.0, 0.0, 1.4]
Indi 37: Fitness: 52.31212121212122Genotype: [1.7, 1.8, 1.5, 0.0, 1.0, 2.0, 0.0, 0.0, 0.0, 1.0, 0.0, 1.0, 1.8, 0.0, 1.3, 1.2, 0.0, 1.3, 0.0, 0.0, 0.0, 0.0, 1.2, 1.7, 0.0, 2.0, 0.0, 0.0, 1.8, 1.9, 0.0, 0.0, 0.0, 0.0, 1.4]
Indi 38: Fitness: 52.41212121212122Genotype: [1.2, 1.8, 1.1, 0.0, 1.0, 0.0, 0.0, 0.0, 0.0, 2.0, 0.0, 1.5, 1.7, 0.0, 0.0, 0.0, 0.0, 0.0, 0.0, 0.0, 0.0, 0.0, 1.2, 1.7, 0.0, 0.0, 0.0, 0.0, 1.8, 1.8, 0.0, 0.0, 0.0, 1.3, 0.0]
Indi 39: Fitness: 52.71212121212122Genotype: [0.0, 1.5, 1.1, 0.0, 1.1, 1.5, 1.4, 1.5, 0.0, 1.7, 1.3, 1.2, 1.3, 1.9, 0.0, 1.2, 0.0, 1.5, 0.0, 2.0, 0.0, 1.7, 0.0, 1.4, 0.0, 1.8, 1.4, 0.0, 1.7, 1.3, 0.0, 0.0, 0.0, 0.0, 1.3]
Indi 40: Fitness: 54.212121212121225Genotype: [0.0, 1.3, 0.0, 1.0, 1.7, 0.0, 1.4, 0.0, 1.7, 0.0, 0.0, 0.0, 0.0, 1.2, 0.0, 1.2, 0.0, 2.0, 1.5, 0.0, 1.2, 1.8, 0.0, 0.0, 0.0, 0.0, 1.2, 0.0, 0.0, 1.3, 0.0, 0.0, 0.0, 1.9, 0.0]
Indi 41: Fitness: 54.212121212121225Genotype: [0.0, 1.3, 0.0, 0.0, 0.0, 0.0, 0.0, 1.0, 0.0, 1.5, 0.0, 0.0, 0.0, 1.4, 1.6, 1.9, 1.7, 0.0, 0.0, 1.9, 0.0, 1.9, 0.0, 0.0, 0.0, 1.9, 0.0, 0.0, 1.1, 0.0, 0.0, 1.1, 0.0, 0.0, 0.0]
Indi 42: Fitness: 54.212121212121225Genotype: [0.0, 1.5, 1.1, 0.0, 1.1, 1.5, 1.4, 0.0, 0.0, 1.7, 1.9, 1.2, 0.0, 2.0, 0.0, 1.2, 0.0, 0.0, 0.0, 2.0, 0.0, 1.7, 0.0, 1.4, 0.0, 1.8, 1.4, 0.0, 1.7, 1.3, 0.0, 0.0, 0.0, 0.0, 1.3]
Indi 43: Fitness: 54.31212121212122Genotype: [1.2, 0.0, 1.1, 0.0, 1.0, 0.0, 0.0, 0.0, 0.0, 2.0, 0.0, 1.5, 1.7, 0.0, 2.0, 1.3, 0.0, 0.0, 0.0, 0.0, 0.0, 0.0, 1.2, 1.7, 0.0, 1.9, 0.0, 0.0, 1.8, 1.8, 0.0, 0.0, 0.0, 0.0, 1.4]
Indi 44: Fitness: 54.61212121212122Genotype: [0.0, 1.5, 1.1, 0.0, 1.1, 1.3, 1.4, 0.0, 0.0, 1.7, 1.9, 1.2, 0.0, 2.0, 0.0, 1.2, 0.0, 0.0, 0.0, 2.0, 0.0, 1.7, 0.0, 1.4, 0.0, 1.8, 1.4, 0.0, 1.8, 1.3, 0.0, 0.0, 0.0, 0.0, 1.3]
Indi 45: Fitness: 54.61212121212122Genotype: [0.0, 1.3, 0.0, 1.0, 1.7, 0.0, 1.4, 0.0, 1.7, 0.0, 0.0, 0.0, 0.0, 1.2, 0.0, 1.2, 0.0, 2.0, 1.5, 0.0, 1.2, 1.8, 0.0, 0.0, 0.0, 0.0, 1.2, 0.0, 0.0, 1.3, 0.0, 0.0, 0.0, 1.9, 0.0]
Indi 46: Fitness: 54.61212121212122Genotype: [1.2, 1.8, 1.1, 0.0, 1.0, 0.0, 0.0, 0.0, 0.0, 2.0, 0.0, 1.5, 1.7, 0.0, 0.0, 0.0, 0.0, 0.0, 0.0, 0.0, 0.0, 0.0, 1.2, 1.7, 0.0, 0.0, 0.0, 0.0, 1.8, 1.8, 0.0, 0.0, 0.0, 0.0, 1.4]
Indi 47: Fitness: 54.71212121212122Genotype: [0.0, 1.3, 0.0, 0.0, 1.0, 0.0, 0.0, 0.0, 0.0, 2.0, 0.0, 1.5, 1.7, 0.0, 0.0, 0.0, 0.0, 0.0, 0.0, 0.0, 0.0, 0.0, 1.2, 1.7, 0.0, 0.0, 0.0, 0.0, 1.8, 1.8, 0.0, 0.0, 0.0, 0.0, 1.4]
Indi 48: Fitness: 54.81212121212122Genotype: [0.0, 1.1, 0.0, 1.0, 1.7, 0.0, 0.0, 1.7, 1.7, 0.0, 0.0, 0.0, 0.0, 1.2, 0.0, 1.2, 0.0, 2.0, 1.5, 0.0, 1.6, 1.8, 0.0, 1.7, 0.0, 0.0, 1.2, 0.0, 1.9, 1.4, 0.0, 0.0, 0.0, 1.9, 0.0]
Indi 49: Fitness: 55.61212121212122Genotype: [1.7, 1.8, 1.1, 0.0, 1.0, 0.0, 0.0, 0.0, 0.0, 1.0, 0.0, 1.0, 0.0, 0.0, 1.3, 1.2, 0.0, 0.0, 0.0, 0.0, 0.0, 1.1, 1.2, 1.7, 0.0, 2.0, 0.0, 0.0, 1.8, 1.9, 0.0, 0.0, 0.0, 0.0, 1.4]
