INICIO: Sun Jan 28 21:35:14 BRST 2018
INDIVIDUALS OF LAST GENERATION: 68
Indi 0: Fitness: 1.912121212121221Genotype: [0.0, 1.3, 0.0, 0.0, 0.0, 0.0, 0.0, 0.0, 0.0, 1.5, 0.0, 0.0, 0.0, 1.4, 1.6, 0.0, 0.0, 0.0, 0.0, 1.9, 0.0, 1.9, 0.0, 0.0, 0.0, 1.9, 0.0, 2.0, 1.1, 0.0, 0.0, 1.1, 0.0, 0.0, 1.3]
Indi 1: Fitness: 12.012121212121215Genotype: [1.9, 1.4, 0.0, 0.0, 1.0, 0.0, 0.0, 0.0, 0.0, 1.0, 0.0, 1.0, 0.0, 0.0, 1.3, 1.2, 0.0, 0.0, 0.0, 0.0, 0.0, 1.1, 1.2, 1.7, 0.0, 2.0, 0.0, 1.4, 1.8, 1.9, 0.0, 0.0, 0.0, 0.0, 1.4]
Indi 2: Fitness: 17.91212121212122Genotype: [0.0, 1.3, 0.0, 0.0, 0.0, 0.0, 0.0, 1.8, 0.0, 1.4, 0.0, 1.1, 0.0, 1.4, 1.6, 1.9, 1.6, 0.0, 0.0, 1.9, 0.0, 1.9, 0.0, 0.0, 0.0, 1.9, 0.0, 0.0, 1.1, 1.3, 0.0, 1.1, 0.0, 0.0, 0.0]
Indi 3: Fitness: 20.612121212121213Genotype: [0.0, 1.3, 0.0, 0.0, 1.0, 0.0, 0.0, 0.0, 0.0, 2.0, 0.0, 1.5, 1.7, 0.0, 0.0, 0.0, 0.0, 0.0, 0.0, 0.0, 0.0, 0.0, 1.2, 1.7, 0.0, 0.0, 0.0, 0.0, 1.8, 1.8, 0.0, 0.0, 0.0, 0.0, 1.4]
Indi 4: Fitness: 34.36161616161617Genotype: [0.0, 0.0, 0.0, 1.0, 1.7, 0.0, 1.4, 0.0, 0.0, 1.4, 0.0, 0.0, 0.0, 1.2, 0.0, 1.2, 0.0, 2.0, 1.5, 0.0, 1.2, 1.8, 0.0, 0.0, 0.0, 0.0, 1.2, 0.0, 0.0, 0.0, 0.0, 1.3, 0.0, 1.9, 0.0]
Indi 5: Fitness: 34.86060606060607Genotype: [1.2, 1.8, 1.1, 0.0, 1.0, 1.5, 0.0, 0.0, 0.0, 1.0, 0.0, 1.0, 1.7, 1.2, 0.0, 1.2, 0.0, 0.0, 0.0, 1.0, 0.0, 0.0, 1.2, 0.0, 0.0, 1.1, 0.0, 0.0, 1.8, 1.8, 0.0, 2.0, 0.0, 0.0, 1.4]
Indi 6: Fitness: 35.06060606060606Genotype: [0.0, 0.0, 0.0, 1.0, 1.7, 0.0, 0.0, 1.7, 1.7, 0.0, 0.0, 1.7, 0.0, 1.2, 0.0, 1.2, 0.0, 2.0, 1.5, 0.0, 1.6, 1.8, 0.0, 1.6, 0.0, 0.0, 1.2, 1.8, 1.9, 1.4, 0.0, 0.0, 0.0, 1.9, 1.9]
Indi 7: Fitness: 35.86060606060606Genotype: [1.3, 1.4, 0.0, 1.0, 1.7, 1.7, 1.4, 0.0, 1.7, 0.0, 0.0, 0.0, 0.0, 1.2, 0.0, 1.2, 1.2, 2.0, 1.5, 0.0, 1.2, 1.8, 0.0, 0.0, 0.0, 0.0, 1.2, 0.0, 0.0, 1.3, 1.9, 0.0, 0.0, 1.9, 0.0]
Indi 8: Fitness: 36.260606060606065Genotype: [1.2, 1.8, 1.1, 0.0, 1.0, 0.0, 0.0, 0.0, 0.0, 2.0, 0.0, 1.5, 1.7, 0.0, 0.0, 0.0, 0.0, 0.0, 0.0, 0.0, 0.0, 0.0, 1.2, 1.7, 1.6, 0.0, 0.0, 0.0, 1.8, 1.2, 1.8, 0.0, 0.0, 0.0, 1.4]
Indi 9: Fitness: 36.41212121212122Genotype: [1.2, 1.8, 1.1, 0.0, 1.0, 0.0, 0.0, 0.0, 0.0, 1.0, 1.4, 1.0, 1.7, 0.0, 0.0, 1.2, 0.0, 0.0, 0.0, 0.0, 0.0, 1.1, 1.2, 1.7, 0.0, 0.0, 0.0, 0.0, 1.8, 1.9, 0.0, 0.0, 0.0, 0.0, 1.4]
Indi 10: Fitness: 36.66060606060607Genotype: [0.0, 1.5, 1.1, 0.0, 1.1, 1.5, 1.6, 0.0, 0.0, 1.7, 1.9, 1.2, 0.0, 2.0, 0.0, 1.4, 0.0, 0.0, 0.0, 2.0, 0.0, 1.7, 0.0, 1.4, 1.1, 1.8, 1.4, 0.0, 1.7, 1.3, 0.0, 1.6, 0.0, 0.0, 1.3]
Indi 11: Fitness: 36.71212121212122Genotype: [1.7, 0.0, 1.1, 0.0, 1.6, 0.0, 0.0, 0.0, 0.0, 1.0, 0.0, 1.0, 0.0, 1.5, 1.3, 1.7, 0.0, 0.0, 0.0, 0.0, 0.0, 1.1, 1.2, 1.7, 1.8, 2.0, 0.0, 0.0, 1.8, 1.9, 0.0, 0.0, 0.0, 0.0, 0.0]
Indi 12: Fitness: 38.06060606060606Genotype: [1.2, 1.8, 1.1, 0.0, 1.2, 0.0, 0.0, 0.0, 0.0, 1.0, 0.0, 0.0, 1.7, 0.0, 0.0, 0.0, 0.0, 0.0, 0.0, 0.0, 0.0, 0.0, 1.2, 1.7, 0.0, 0.0, 0.0, 0.0, 1.8, 1.8, 0.0, 0.0, 0.0, 2.0, 1.4]
Indi 13: Fitness: 38.46060606060606Genotype: [1.2, 1.8, 1.1, 1.8, 1.0, 0.0, 0.0, 0.0, 0.0, 1.0, 1.4, 1.0, 0.0, 0.0, 0.0, 1.2, 1.5, 0.0, 0.0, 0.0, 0.0, 1.1, 1.2, 1.7, 0.0, 0.0, 1.6, 0.0, 1.8, 1.9, 0.0, 1.4, 0.0, 0.0, 1.4]
Indi 14: Fitness: 39.86060606060606Genotype: [1.2, 1.4, 1.1, 0.0, 1.0, 1.9, 0.0, 0.0, 0.0, 2.0, 0.0, 1.5, 1.7, 1.0, 0.0, 0.0, 0.0, 0.0, 0.0, 1.8, 0.0, 0.0, 1.2, 1.7, 0.0, 0.0, 0.0, 0.0, 1.8, 1.8, 0.0, 0.0, 0.0, 1.1, 1.4]
Indi 15: Fitness: 43.91212121212122Genotype: [0.0, 1.3, 0.0, 1.0, 1.7, 0.0, 1.4, 0.0, 1.7, 0.0, 0.0, 0.0, 0.0, 1.8, 0.0, 1.2, 0.0, 2.0, 1.0, 0.0, 1.2, 1.8, 0.0, 0.0, 0.0, 0.0, 1.2, 0.0, 0.0, 1.3, 1.7, 0.0, 0.0, 0.0, 0.0]
Indi 16: Fitness: 43.91212121212122Genotype: [1.2, 1.8, 1.1, 0.0, 1.0, 0.0, 0.0, 0.0, 0.0, 1.0, 0.0, 1.0, 0.0, 0.0, 1.3, 1.2, 0.0, 0.0, 0.0, 0.0, 0.0, 1.1, 1.2, 1.7, 0.0, 2.0, 0.0, 0.0, 1.8, 1.9, 0.0, 0.0, 0.0, 0.0, 1.4]
Indi 17: Fitness: 47.01212121212123Genotype: [0.0, 0.0, 0.0, 1.0, 1.7, 0.0, 0.0, 1.7, 1.4, 0.0, 0.0, 0.0, 0.0, 1.2, 0.0, 0.0, 0.0, 2.0, 1.5, 0.0, 1.6, 1.8, 0.0, 1.7, 0.0, 0.0, 1.6, 0.0, 1.9, 1.4, 0.0, 0.0, 0.0, 1.9, 0.0]
Indi 18: Fitness: 48.612121212121224Genotype: [1.2, 1.8, 1.1, 0.0, 1.0, 0.0, 0.0, 0.0, 0.0, 1.0, 0.0, 1.0, 1.7, 0.0, 0.0, 1.0, 1.3, 1.3, 0.0, 0.0, 0.0, 0.0, 1.2, 1.7, 0.0, 0.0, 0.0, 0.0, 1.2, 1.8, 0.0, 0.0, 0.0, 0.0, 0.0]
Indi 19: Fitness: 48.81212121212122Genotype: [0.0, 1.5, 1.1, 0.0, 1.0, 0.0, 0.0, 0.0, 0.0, 1.0, 0.0, 1.0, 0.0, 0.0, 1.3, 1.2, 0.0, 0.0, 0.0, 0.0, 0.0, 1.1, 1.2, 1.7, 0.0, 2.0, 0.0, 0.0, 1.8, 1.9, 0.0, 0.0, 0.0, 0.0, 1.4]
Indi 20: Fitness: 49.012121212121215Genotype: [1.7, 1.8, 0.0, 1.0, 1.7, 0.0, 0.0, 1.7, 1.7, 0.0, 0.0, 0.0, 0.0, 1.2, 0.0, 1.2, 0.0, 2.0, 1.5, 0.0, 1.6, 1.8, 0.0, 1.7, 0.0, 0.0, 1.2, 0.0, 1.9, 1.4, 0.0, 0.0, 0.0, 1.9, 0.0]
Indi 21: Fitness: 49.31212121212122Genotype: [1.4, 1.5, 1.1, 0.0, 1.1, 1.5, 1.4, 0.0, 1.7, 1.7, 1.9, 1.2, 0.0, 2.0, 0.0, 1.2, 0.0, 0.0, 0.0, 2.0, 0.0, 1.7, 0.0, 1.4, 1.7, 1.8, 1.4, 0.0, 1.7, 1.3, 0.0, 0.0, 0.0, 0.0, 0.0]
Indi 22: Fitness: 49.512121212121215Genotype: [0.0, 1.3, 0.0, 1.0, 1.7, 0.0, 1.4, 0.0, 1.7, 0.0, 0.0, 0.0, 0.0, 1.2, 0.0, 1.4, 0.0, 2.0, 1.5, 0.0, 1.2, 1.8, 0.0, 0.0, 0.0, 0.0, 1.2, 1.3, 0.0, 0.0, 0.0, 0.0, 0.0, 1.9, 0.0]
Indi 23: Fitness: 49.512121212121215Genotype: [1.8, 1.8, 1.1, 0.0, 1.1, 1.8, 1.9, 0.0, 0.0, 1.7, 1.9, 1.2, 0.0, 2.0, 0.0, 1.2, 0.0, 0.0, 0.0, 2.0, 0.0, 1.7, 0.0, 1.4, 0.0, 1.8, 1.4, 0.0, 1.7, 0.0, 0.0, 0.0, 0.0, 0.0, 1.3]
Indi 24: Fitness: 49.51212121212122Genotype: [0.0, 1.3, 0.0, 0.0, 0.0, 0.0, 0.0, 1.0, 0.0, 1.5, 0.0, 0.0, 0.0, 1.4, 1.6, 1.9, 1.7, 0.0, 0.0, 1.9, 0.0, 1.9, 0.0, 0.0, 0.0, 1.9, 0.0, 0.0, 1.1, 0.0, 0.0, 1.1, 0.0, 0.0, 0.0]
Indi 25: Fitness: 49.612121212121224Genotype: [0.0, 1.1, 0.0, 1.0, 1.7, 0.0, 1.4, 0.0, 1.7, 0.0, 0.0, 0.0, 0.0, 1.2, 0.0, 1.2, 0.0, 2.0, 1.5, 0.0, 1.2, 1.8, 0.0, 0.0, 0.0, 0.0, 1.2, 0.0, 0.0, 1.3, 0.0, 0.0, 0.0, 1.9, 0.0]
Indi 26: Fitness: 49.81212121212122Genotype: [0.0, 1.3, 0.0, 1.0, 1.7, 0.0, 1.4, 0.0, 1.7, 0.0, 0.0, 0.0, 0.0, 1.2, 0.0, 1.2, 0.0, 2.0, 1.5, 0.0, 0.0, 1.8, 0.0, 0.0, 0.0, 0.0, 1.2, 0.0, 0.0, 1.3, 0.0, 0.0, 0.0, 1.9, 0.0]
Indi 27: Fitness: 50.512121212121215Genotype: [0.0, 1.5, 1.1, 0.0, 1.1, 1.3, 1.4, 0.0, 1.5, 1.7, 1.9, 1.2, 0.0, 2.0, 0.0, 1.2, 1.7, 0.0, 1.5, 2.0, 0.0, 1.7, 0.0, 0.0, 0.0, 1.6, 1.4, 0.0, 1.8, 1.3, 0.0, 0.0, 0.0, 0.0, 1.3]
Indi 28: Fitness: 50.61212121212122Genotype: [1.2, 1.3, 1.1, 0.0, 1.0, 0.0, 0.0, 0.0, 0.0, 1.0, 1.4, 1.0, 1.7, 0.0, 0.0, 1.2, 0.0, 0.0, 0.0, 0.0, 0.0, 1.1, 2.0, 0.0, 0.0, 0.0, 0.0, 0.0, 1.8, 1.9, 0.0, 0.0, 0.0, 0.0, 0.0]
Indi 29: Fitness: 50.612121212121224Genotype: [0.0, 1.5, 0.0, 0.0, 0.0, 0.0, 0.0, 1.0, 0.0, 1.5, 0.0, 0.0, 0.0, 1.4, 1.6, 1.9, 1.7, 0.0, 0.0, 1.9, 0.0, 1.9, 0.0, 0.0, 0.0, 1.9, 0.0, 0.0, 1.1, 0.0, 0.0, 1.1, 0.0, 0.0, 0.0]
Indi 30: Fitness: 50.712121212121225Genotype: [0.0, 2.0, 1.1, 1.0, 1.7, 0.0, 0.0, 1.7, 1.7, 0.0, 0.0, 0.0, 0.0, 1.2, 0.0, 1.2, 0.0, 2.0, 1.5, 0.0, 1.6, 2.0, 0.0, 1.7, 0.0, 0.0, 1.2, 0.0, 1.0, 1.4, 0.0, 0.0, 0.0, 0.0, 0.0]
Indi 31: Fitness: 50.81212121212122Genotype: [1.7, 1.8, 1.1, 0.0, 1.0, 2.0, 0.0, 0.0, 1.5, 1.0, 0.0, 1.0, 0.0, 0.0, 1.3, 1.2, 1.8, 0.0, 0.0, 0.0, 0.0, 0.0, 1.2, 0.0, 0.0, 2.0, 0.0, 0.0, 1.8, 1.9, 0.0, 0.0, 0.0, 0.0, 1.4]
Indi 32: Fitness: 51.01212121212122Genotype: [0.0, 1.3, 0.0, 0.0, 0.0, 0.0, 0.0, 1.0, 0.0, 1.5, 0.0, 1.5, 0.0, 1.4, 0.0, 1.9, 1.7, 0.0, 0.0, 1.9, 0.0, 0.0, 0.0, 1.3, 0.0, 1.9, 0.0, 0.0, 1.1, 0.0, 0.0, 1.1, 0.0, 0.0, 0.0]
Indi 33: Fitness: 51.21212121212122Genotype: [0.0, 1.9, 0.0, 0.0, 1.1, 0.0, 1.4, 0.0, 0.0, 1.7, 1.9, 1.2, 0.0, 2.0, 0.0, 1.2, 0.0, 0.0, 0.0, 2.0, 0.0, 0.0, 0.0, 1.4, 0.0, 1.7, 1.4, 0.0, 1.8, 1.3, 0.0, 0.0, 0.0, 0.0, 0.0]
Indi 34: Fitness: 51.512121212121215Genotype: [0.0, 1.3, 0.0, 0.0, 1.0, 0.0, 0.0, 0.0, 0.0, 1.0, 0.0, 1.0, 1.7, 0.0, 0.0, 1.2, 0.0, 0.0, 0.0, 0.0, 0.0, 0.0, 1.2, 1.7, 0.0, 0.0, 0.0, 0.0, 1.8, 1.8, 0.0, 0.0, 0.0, 0.0, 1.4]
Indi 35: Fitness: 51.512121212121215Genotype: [0.0, 1.3, 0.0, 1.0, 1.7, 0.0, 1.4, 0.0, 1.7, 0.0, 0.0, 0.0, 0.0, 1.2, 0.0, 0.0, 1.0, 2.0, 1.5, 0.0, 1.2, 1.8, 0.0, 0.0, 0.0, 0.0, 1.2, 0.0, 0.0, 0.0, 0.0, 0.0, 0.0, 1.9, 0.0]
Indi 36: Fitness: 51.81212121212122Genotype: [1.2, 1.8, 1.1, 0.0, 1.1, 1.3, 1.4, 0.0, 0.0, 1.7, 1.9, 1.2, 0.0, 2.0, 0.0, 1.2, 0.0, 0.0, 0.0, 2.0, 0.0, 1.7, 0.0, 1.4, 0.0, 1.8, 1.4, 0.0, 1.8, 1.3, 0.0, 0.0, 0.0, 0.0, 1.3]
Indi 37: Fitness: 51.91212121212122Genotype: [0.0, 0.0, 1.1, 0.0, 1.1, 1.3, 0.0, 0.0, 0.0, 1.7, 1.9, 0.0, 2.0, 2.0, 0.0, 1.2, 1.2, 0.0, 0.0, 2.0, 0.0, 1.7, 0.0, 1.4, 0.0, 1.8, 1.4, 0.0, 1.8, 1.3, 0.0, 0.0, 0.0, 0.0, 1.3]
Indi 38: Fitness: 52.012121212121215Genotype: [1.2, 1.8, 1.1, 0.0, 1.0, 0.0, 0.0, 0.0, 0.0, 2.0, 0.0, 1.5, 1.7, 0.0, 0.0, 0.0, 0.0, 0.0, 0.0, 0.0, 0.0, 0.0, 1.2, 0.0, 0.0, 0.0, 0.0, 0.0, 1.8, 0.0, 0.0, 0.0, 0.0, 0.0, 0.0]
Indi 39: Fitness: 52.11212121212122Genotype: [1.2, 1.8, 1.1, 0.0, 1.0, 0.0, 0.0, 1.9, 0.0, 1.0, 1.4, 1.0, 1.7, 0.0, 0.0, 1.2, 0.0, 0.0, 0.0, 0.0, 0.0, 1.1, 1.1, 1.7, 0.0, 0.0, 0.0, 0.0, 1.9, 1.9, 0.0, 0.0, 0.0, 0.0, 0.0]
Indi 40: Fitness: 54.112121212121224Genotype: [1.2, 1.8, 1.1, 0.0, 1.0, 0.0, 0.0, 0.0, 0.0, 1.0, 0.0, 1.0, 1.7, 0.0, 0.0, 1.2, 0.0, 0.0, 0.0, 0.0, 0.0, 0.0, 1.2, 1.7, 0.0, 0.0, 0.0, 0.0, 1.8, 1.8, 0.0, 0.0, 0.0, 0.0, 1.4]
Indi 41: Fitness: 54.21212121212122Genotype: [1.2, 1.8, 1.1, 0.0, 1.0, 0.0, 0.0, 0.0, 0.0, 1.0, 1.4, 1.0, 1.7, 0.0, 0.0, 1.2, 0.0, 0.0, 0.0, 0.0, 0.0, 1.1, 1.2, 1.7, 0.0, 0.0, 0.0, 0.0, 1.8, 1.9, 0.0, 0.0, 0.0, 0.0, 1.4]
Indi 42: Fitness: 54.212121212121225Genotype: [0.0, 1.5, 1.1, 0.0, 1.1, 1.5, 1.4, 0.0, 0.0, 1.7, 1.9, 1.2, 0.0, 2.0, 0.0, 1.2, 0.0, 0.0, 0.0, 2.0, 0.0, 1.7, 0.0, 1.4, 0.0, 1.8, 1.4, 0.0, 1.7, 1.3, 0.0, 0.0, 0.0, 0.0, 1.3]
Indi 43: Fitness: 54.212121212121225Genotype: [0.0, 1.3, 0.0, 0.0, 0.0, 0.0, 0.0, 1.0, 0.0, 1.5, 0.0, 0.0, 0.0, 1.4, 1.6, 1.9, 1.7, 0.0, 0.0, 1.9, 0.0, 1.9, 0.0, 0.0, 0.0, 1.9, 0.0, 0.0, 1.1, 0.0, 0.0, 1.1, 0.0, 0.0, 0.0]
Indi 44: Fitness: 54.212121212121225Genotype: [0.0, 1.3, 0.0, 1.0, 1.7, 0.0, 1.4, 0.0, 1.7, 0.0, 0.0, 0.0, 0.0, 1.2, 0.0, 1.2, 0.0, 2.0, 1.5, 0.0, 1.2, 1.8, 0.0, 0.0, 0.0, 0.0, 1.2, 0.0, 0.0, 1.3, 0.0, 0.0, 0.0, 1.9, 0.0]
Indi 45: Fitness: 54.61212121212122Genotype: [1.2, 1.8, 1.1, 0.0, 1.0, 0.0, 0.0, 0.0, 0.0, 2.0, 0.0, 1.5, 1.7, 0.0, 0.0, 0.0, 0.0, 0.0, 0.0, 0.0, 0.0, 0.0, 1.2, 1.7, 0.0, 0.0, 0.0, 0.0, 1.8, 1.8, 0.0, 0.0, 0.0, 0.0, 1.4]
Indi 46: Fitness: 54.61212121212122Genotype: [0.0, 1.3, 0.0, 1.0, 1.7, 0.0, 1.4, 0.0, 1.7, 0.0, 0.0, 0.0, 0.0, 1.2, 0.0, 1.2, 0.0, 2.0, 1.5, 0.0, 1.2, 1.8, 0.0, 0.0, 0.0, 0.0, 1.2, 0.0, 0.0, 1.3, 0.0, 0.0, 0.0, 1.9, 0.0]
Indi 47: Fitness: 54.61212121212122Genotype: [0.0, 1.5, 1.1, 0.0, 1.1, 1.3, 1.4, 0.0, 0.0, 1.7, 1.9, 1.2, 0.0, 2.0, 0.0, 1.2, 0.0, 0.0, 0.0, 2.0, 0.0, 1.7, 0.0, 1.4, 0.0, 1.8, 1.4, 0.0, 1.8, 1.3, 0.0, 0.0, 0.0, 0.0, 1.3]
Indi 48: Fitness: 54.81212121212122Genotype: [0.0, 1.1, 0.0, 1.0, 1.7, 0.0, 0.0, 1.7, 1.7, 0.0, 0.0, 0.0, 0.0, 1.2, 0.0, 1.2, 0.0, 2.0, 1.5, 0.0, 1.6, 1.8, 0.0, 1.7, 0.0, 0.0, 1.2, 0.0, 1.9, 1.4, 0.0, 0.0, 0.0, 1.9, 0.0]
Indi 49: Fitness: 55.61212121212122Genotype: [1.7, 1.8, 1.1, 0.0, 1.0, 0.0, 0.0, 0.0, 0.0, 1.0, 0.0, 1.0, 0.0, 0.0, 1.3, 1.2, 0.0, 0.0, 0.0, 0.0, 0.0, 1.1, 1.2, 1.7, 0.0, 2.0, 0.0, 0.0, 1.8, 1.9, 0.0, 0.0, 0.0, 0.0, 1.4]
