INICIO: Sun Jan 28 21:40:40 BRST 2018
INDIVIDUALS OF LAST GENERATION: 72
Indi 0: Fitness: -19.739393939393935Genotype: [0.0, 1.5, 1.7, 0.0, 1.1, 1.3, 1.4, 0.0, 0.0, 1.7, 1.9, 1.2, 1.9, 0.0, 0.0, 1.2, 0.0, 0.0, 0.0, 2.0, 0.0, 1.7, 0.0, 1.4, 0.0, 1.8, 1.4, 0.0, 0.0, 1.3, 0.0, 1.5, 0.0, 0.0, 1.3]
Indi 1: Fitness: -1.7878787878787854Genotype: [1.2, 1.8, 1.1, 0.0, 1.1, 1.5, 1.4, 0.0, 0.0, 1.7, 1.9, 1.2, 0.0, 2.0, 0.0, 1.2, 0.0, 0.0, 0.0, 2.0, 0.0, 1.7, 0.0, 1.4, 0.0, 1.8, 1.4, 0.0, 1.7, 1.3, 0.0, 0.0, 0.0, 0.0, 1.3]
Indi 2: Fitness: 21.86060606060606Genotype: [0.0, 1.3, 0.0, 1.0, 1.7, 0.0, 1.4, 0.0, 1.7, 0.0, 0.0, 1.9, 0.0, 1.2, 0.0, 1.2, 0.0, 2.0, 0.0, 0.0, 1.2, 1.8, 0.0, 0.0, 0.0, 0.0, 1.1, 0.0, 0.0, 1.3, 1.1, 0.0, 0.0, 1.9, 0.0]
Indi 3: Fitness: 34.36060606060606Genotype: [0.0, 1.3, 0.0, 1.0, 1.7, 0.0, 1.4, 0.0, 1.7, 0.0, 0.0, 0.0, 0.0, 1.2, 0.0, 0.0, 0.0, 2.0, 1.5, 0.0, 0.0, 0.0, 0.0, 1.6, 0.0, 0.0, 1.2, 0.0, 0.0, 1.3, 1.5, 0.0, 0.0, 1.9, 0.0]
Indi 4: Fitness: 35.26060606060606Genotype: [0.0, 1.1, 0.0, 1.0, 1.7, 0.0, 0.0, 1.7, 0.0, 0.0, 0.0, 0.0, 0.0, 1.2, 0.0, 1.2, 0.0, 2.0, 1.5, 0.0, 1.6, 1.8, 0.0, 1.7, 0.0, 0.0, 1.2, 0.0, 1.9, 1.4, 0.0, 0.0, 1.5, 1.9, 1.8]
Indi 5: Fitness: 35.46060606060606Genotype: [0.0, 1.5, 1.1, 0.0, 1.1, 1.5, 1.4, 0.0, 0.0, 1.7, 1.9, 1.2, 0.0, 2.0, 0.0, 1.2, 0.0, 0.0, 0.0, 1.1, 0.0, 1.7, 0.0, 1.4, 0.0, 1.8, 0.0, 0.0, 1.7, 1.3, 0.0, 1.9, 0.0, 1.2, 1.3]
Indi 6: Fitness: 37.46060606060607Genotype: [1.5, 1.1, 0.0, 1.0, 1.7, 0.0, 0.0, 1.6, 1.7, 0.0, 0.0, 0.0, 0.0, 0.0, 0.0, 1.2, 0.0, 2.0, 1.5, 0.0, 1.6, 1.8, 0.0, 0.0, 0.0, 0.0, 1.2, 0.0, 1.9, 1.4, 1.0, 0.0, 0.0, 1.9, 0.0]
Indi 7: Fitness: 39.13939393939394Genotype: [0.0, 1.5, 1.0, 0.0, 1.1, 0.0, 1.4, 0.0, 0.0, 1.7, 1.9, 1.2, 0.0, 2.0, 0.0, 0.0, 0.0, 0.0, 0.0, 1.1, 0.0, 1.7, 1.1, 1.4, 0.0, 1.8, 1.4, 0.0, 1.8, 1.3, 0.0, 0.0, 1.1, 0.0, 1.3]
Indi 8: Fitness: 46.369696969696975Genotype: [1.7, 1.8, 1.1, 1.8, 0.0, 0.0, 0.0, 1.4, 0.0, 1.1, 0.0, 1.0, 0.0, 0.0, 1.3, 1.2, 0.0, 0.0, 0.0, 0.0, 0.0, 1.1, 1.2, 1.7, 0.0, 2.0, 0.0, 0.0, 1.8, 1.9, 0.0, 0.0, 0.0, 1.3, 1.4]
Indi 9: Fitness: 46.71212121212122Genotype: [0.0, 1.5, 1.1, 0.0, 1.1, 1.5, 1.1, 0.0, 1.5, 1.7, 1.9, 1.2, 0.0, 1.3, 0.0, 1.2, 0.0, 0.0, 0.0, 2.0, 1.4, 1.7, 0.0, 1.8, 0.0, 1.8, 1.4, 0.0, 1.7, 1.3, 0.0, 0.0, 0.0, 0.0, 1.3]
Indi 10: Fitness: 46.71212121212122Genotype: [1.2, 1.8, 1.1, 0.0, 1.0, 0.0, 0.0, 0.0, 0.0, 1.0, 1.4, 1.0, 1.7, 0.0, 0.0, 1.2, 0.0, 0.0, 0.0, 0.0, 0.0, 1.1, 1.2, 1.7, 0.0, 0.0, 0.0, 0.0, 1.8, 1.9, 0.0, 0.0, 0.0, 0.0, 1.4]
Indi 11: Fitness: 46.81212121212123Genotype: [0.0, 1.8, 1.1, 1.6, 1.0, 0.0, 0.0, 2.0, 0.0, 1.4, 0.0, 1.0, 1.7, 0.0, 0.0, 1.5, 0.0, 0.0, 0.0, 0.0, 0.0, 0.0, 1.2, 1.7, 0.0, 0.0, 0.0, 0.0, 1.8, 0.0, 0.0, 0.0, 0.0, 0.0, 1.4]
Indi 12: Fitness: 47.112121212121224Genotype: [1.2, 0.0, 1.1, 0.0, 1.0, 0.0, 0.0, 0.0, 0.0, 2.0, 0.0, 1.5, 1.7, 0.0, 0.0, 0.0, 0.0, 0.0, 0.0, 0.0, 0.0, 0.0, 0.0, 1.7, 0.0, 0.0, 0.0, 0.0, 1.8, 1.8, 1.2, 0.0, 0.0, 0.0, 1.4]
Indi 13: Fitness: 47.91212121212122Genotype: [2.0, 1.8, 1.1, 0.0, 1.0, 0.0, 0.0, 0.0, 0.0, 1.0, 1.4, 1.0, 1.7, 0.0, 0.0, 1.2, 0.0, 0.0, 0.0, 0.0, 1.3, 1.1, 0.0, 0.0, 0.0, 0.0, 0.0, 0.0, 1.8, 1.9, 1.0, 0.0, 0.0, 0.0, 1.4]
Indi 14: Fitness: 48.012121212121215Genotype: [0.0, 1.1, 0.0, 0.0, 0.0, 0.0, 0.0, 1.0, 0.0, 1.5, 0.0, 0.0, 0.0, 1.4, 1.6, 1.9, 1.7, 0.0, 0.0, 1.9, 0.0, 1.9, 0.0, 0.0, 0.0, 1.9, 0.0, 0.0, 1.1, 0.0, 0.0, 1.1, 0.0, 0.0, 0.0]
Indi 15: Fitness: 48.21212121212122Genotype: [1.4, 1.3, 0.0, 0.0, 0.0, 0.0, 0.0, 1.0, 0.0, 1.5, 1.1, 0.0, 0.0, 1.4, 1.6, 1.9, 1.7, 0.0, 0.0, 1.9, 0.0, 1.5, 0.0, 0.0, 0.0, 1.9, 0.0, 1.5, 1.1, 0.0, 0.0, 1.1, 0.0, 0.0, 0.0]
Indi 16: Fitness: 48.612121212121224Genotype: [0.0, 1.5, 1.1, 0.0, 1.1, 1.3, 1.4, 0.0, 0.0, 1.7, 1.9, 1.2, 0.0, 2.0, 0.0, 1.2, 0.0, 0.0, 0.0, 2.0, 0.0, 1.7, 0.0, 1.4, 0.0, 1.8, 1.4, 0.0, 1.8, 1.3, 0.0, 0.0, 0.0, 0.0, 1.3]
Indi 17: Fitness: 48.81212121212121Genotype: [1.2, 1.8, 0.0, 0.0, 1.0, 0.0, 0.0, 0.0, 1.7, 0.0, 0.0, 1.5, 1.7, 0.0, 0.0, 0.0, 0.0, 1.5, 0.0, 0.0, 0.0, 0.0, 1.2, 1.7, 0.0, 0.0, 0.0, 0.0, 1.8, 1.8, 0.0, 0.0, 0.0, 0.0, 1.4]
Indi 18: Fitness: 49.41212121212122Genotype: [0.0, 1.3, 0.0, 0.0, 0.0, 0.0, 0.0, 1.0, 0.0, 0.0, 0.0, 1.5, 0.0, 1.4, 0.0, 1.9, 1.7, 0.0, 0.0, 1.2, 0.0, 1.9, 0.0, 0.0, 0.0, 1.9, 0.0, 0.0, 0.0, 0.0, 0.0, 1.1, 0.0, 0.0, 0.0]
Indi 19: Fitness: 49.41212121212122Genotype: [0.0, 1.3, 0.0, 0.0, 0.0, 0.0, 0.0, 1.0, 0.0, 1.5, 0.0, 0.0, 0.0, 1.4, 1.6, 1.9, 1.7, 0.0, 0.0, 1.9, 0.0, 1.9, 0.0, 0.0, 0.0, 1.9, 0.0, 0.0, 1.1, 0.0, 0.0, 1.1, 0.0, 0.0, 0.0]
Indi 20: Fitness: 49.612121212121224Genotype: [0.0, 1.3, 0.0, 1.0, 0.0, 0.0, 1.4, 1.2, 1.7, 0.0, 0.0, 0.0, 0.0, 1.2, 0.0, 1.2, 0.0, 2.0, 1.5, 0.0, 0.0, 1.8, 0.0, 0.0, 1.0, 0.0, 1.2, 0.0, 0.0, 1.3, 0.0, 0.0, 0.0, 1.7, 0.0]
Indi 21: Fitness: 49.81212121212121Genotype: [1.2, 1.8, 1.1, 0.0, 1.0, 1.6, 0.0, 0.0, 0.0, 1.0, 0.0, 1.0, 1.7, 0.0, 0.0, 1.2, 0.0, 0.0, 0.0, 0.0, 0.0, 0.0, 1.2, 0.0, 0.0, 0.0, 0.0, 0.0, 1.5, 1.8, 0.0, 0.0, 0.0, 1.0, 0.0]
Indi 22: Fitness: 49.81212121212122Genotype: [1.7, 1.8, 0.0, 0.0, 1.0, 0.0, 1.0, 1.3, 0.0, 1.0, 0.0, 1.0, 1.7, 0.0, 0.0, 1.2, 0.0, 0.0, 0.0, 0.0, 0.0, 0.0, 0.0, 1.7, 0.0, 0.0, 0.0, 0.0, 1.8, 1.8, 0.0, 0.0, 0.0, 0.0, 1.4]
Indi 23: Fitness: 49.91212121212122Genotype: [1.2, 0.0, 1.1, 0.0, 1.0, 0.0, 0.0, 1.7, 0.0, 1.0, 1.4, 0.0, 1.7, 0.0, 0.0, 1.2, 0.0, 0.0, 0.0, 0.0, 0.0, 1.7, 1.2, 1.7, 0.0, 1.4, 0.0, 0.0, 1.8, 1.9, 0.0, 0.0, 0.0, 0.0, 1.4]
Indi 24: Fitness: 50.01212121212122Genotype: [1.1, 1.8, 1.1, 0.0, 0.0, 0.0, 0.0, 0.0, 0.0, 1.0, 0.0, 1.0, 1.4, 0.0, 1.3, 1.2, 0.0, 1.6, 1.2, 0.0, 0.0, 1.1, 1.4, 1.7, 0.0, 2.0, 0.0, 0.0, 0.0, 1.9, 0.0, 0.0, 0.0, 0.0, 1.4]
Indi 25: Fitness: 50.21212121212122Genotype: [0.0, 1.5, 1.1, 0.0, 0.0, 1.5, 1.4, 0.0, 0.0, 1.7, 1.9, 1.2, 0.0, 1.9, 0.0, 1.2, 0.0, 1.9, 1.6, 2.0, 0.0, 1.7, 0.0, 1.4, 0.0, 1.8, 1.4, 0.0, 1.7, 1.3, 0.0, 0.0, 0.0, 0.0, 1.3]
Indi 26: Fitness: 50.31212121212121Genotype: [0.0, 1.3, 0.0, 1.0, 1.7, 2.0, 1.4, 0.0, 1.7, 0.0, 0.0, 0.0, 0.0, 1.2, 0.0, 1.8, 0.0, 2.0, 1.5, 0.0, 1.2, 0.0, 0.0, 0.0, 0.0, 0.0, 1.2, 0.0, 0.0, 2.0, 0.0, 0.0, 0.0, 1.9, 0.0]
Indi 27: Fitness: 50.31212121212121Genotype: [0.0, 1.3, 0.0, 0.0, 0.0, 0.0, 0.0, 1.0, 0.0, 1.5, 1.1, 0.0, 0.0, 1.4, 1.4, 1.9, 1.7, 0.0, 0.0, 1.9, 0.0, 1.9, 0.0, 0.0, 0.0, 1.9, 0.0, 0.0, 1.1, 0.0, 0.0, 1.1, 0.0, 0.0, 0.0]
Indi 28: Fitness: 50.31212121212122Genotype: [0.0, 1.3, 0.0, 1.6, 1.7, 0.0, 1.4, 0.0, 1.7, 2.0, 0.0, 0.0, 0.0, 1.2, 0.0, 1.2, 0.0, 2.0, 1.4, 0.0, 1.2, 1.8, 0.0, 0.0, 0.0, 1.3, 1.2, 0.0, 0.0, 1.3, 0.0, 0.0, 0.0, 1.6, 0.0]
Indi 29: Fitness: 50.61212121212122Genotype: [0.0, 1.3, 0.0, 1.0, 1.7, 0.0, 1.4, 0.0, 1.7, 0.0, 0.0, 0.0, 0.0, 1.2, 0.0, 1.2, 0.0, 2.0, 1.5, 0.0, 1.2, 1.8, 0.0, 0.0, 0.0, 0.0, 1.2, 0.0, 0.0, 1.3, 0.0, 0.0, 0.0, 1.9, 0.0]
Indi 30: Fitness: 50.61212121212122Genotype: [0.0, 1.5, 1.1, 0.0, 1.0, 0.0, 0.0, 0.0, 0.0, 1.0, 1.4, 1.0, 1.7, 0.0, 0.0, 1.2, 0.0, 0.0, 0.0, 0.0, 0.0, 1.1, 1.2, 1.7, 0.0, 0.0, 0.0, 0.0, 1.8, 1.9, 0.0, 0.0, 0.0, 0.0, 1.4]
Indi 31: Fitness: 50.71212121212122Genotype: [1.2, 1.8, 1.1, 0.0, 1.0, 0.0, 0.0, 0.0, 0.0, 1.0, 0.0, 1.0, 0.0, 0.0, 1.3, 1.2, 0.0, 0.0, 0.0, 0.0, 0.0, 1.1, 1.2, 1.7, 0.0, 2.0, 0.0, 0.0, 1.8, 1.9, 0.0, 0.0, 0.0, 0.0, 1.4]
Indi 32: Fitness: 50.81212121212122Genotype: [0.0, 1.1, 0.0, 1.0, 0.0, 0.0, 0.0, 1.7, 1.8, 0.0, 0.0, 0.0, 0.0, 1.2, 0.0, 0.0, 0.0, 2.0, 1.5, 0.0, 1.6, 1.8, 0.0, 0.0, 0.0, 0.0, 1.2, 0.0, 1.9, 1.4, 0.0, 0.0, 0.0, 1.9, 0.0]
Indi 33: Fitness: 50.81212121212122Genotype: [1.2, 1.8, 1.1, 0.0, 1.0, 0.0, 0.0, 0.0, 0.0, 2.0, 0.0, 1.5, 1.4, 0.0, 0.0, 0.0, 0.0, 0.0, 0.0, 1.9, 0.0, 0.0, 1.8, 1.7, 0.0, 0.0, 0.0, 0.0, 1.8, 1.8, 0.0, 0.0, 0.0, 0.0, 1.1]
Indi 34: Fitness: 50.912121212121214Genotype: [1.2, 1.8, 1.1, 0.0, 1.0, 1.9, 0.0, 0.0, 0.0, 1.0, 1.4, 1.0, 1.7, 0.0, 0.0, 1.2, 0.0, 0.0, 0.0, 0.0, 0.0, 0.0, 1.2, 1.7, 0.0, 0.0, 0.0, 0.0, 1.8, 1.9, 1.3, 0.0, 0.0, 0.0, 0.0]
Indi 35: Fitness: 51.81212121212122Genotype: [0.0, 1.3, 0.0, 1.0, 1.7, 0.0, 1.4, 0.0, 1.7, 0.0, 0.0, 0.0, 0.0, 1.2, 0.0, 0.0, 0.0, 0.0, 1.5, 0.0, 1.2, 0.0, 0.0, 0.0, 0.0, 0.0, 0.0, 0.0, 0.0, 1.3, 0.0, 0.0, 0.0, 1.5, 0.0]
Indi 36: Fitness: 51.81212121212123Genotype: [0.0, 1.5, 1.1, 0.0, 1.1, 1.3, 1.4, 0.0, 0.0, 1.9, 1.9, 1.2, 0.0, 1.0, 0.0, 1.6, 0.0, 0.0, 0.0, 2.0, 0.0, 1.7, 0.0, 1.4, 0.0, 1.8, 1.4, 0.0, 1.8, 1.3, 0.0, 0.0, 0.0, 0.0, 1.3]
Indi 37: Fitness: 51.91212121212122Genotype: [1.6, 1.8, 1.1, 0.0, 1.0, 0.0, 0.0, 0.0, 0.0, 1.0, 1.8, 1.0, 0.0, 0.0, 1.3, 1.2, 0.0, 0.0, 0.0, 0.0, 0.0, 1.1, 1.2, 1.7, 0.0, 0.0, 0.0, 0.0, 1.8, 1.9, 0.0, 0.0, 0.0, 0.0, 1.4]
Indi 38: Fitness: 52.41212121212122Genotype: [1.7, 1.8, 1.1, 0.0, 1.1, 1.3, 1.4, 0.0, 0.0, 1.7, 1.9, 1.2, 0.0, 2.0, 0.0, 1.2, 0.0, 0.0, 0.0, 2.0, 0.0, 1.7, 0.0, 1.4, 0.0, 1.8, 1.4, 0.0, 1.8, 1.3, 0.0, 0.0, 0.0, 0.0, 1.3]
Indi 39: Fitness: 53.61212121212122Genotype: [0.0, 1.3, 0.0, 1.0, 1.7, 0.0, 0.0, 1.7, 1.7, 0.0, 0.0, 0.0, 0.0, 1.2, 0.0, 1.2, 0.0, 2.0, 1.5, 0.0, 1.6, 1.8, 0.0, 1.7, 0.0, 0.0, 1.2, 0.0, 1.9, 1.4, 0.0, 0.0, 0.0, 1.9, 0.0]
Indi 40: Fitness: 54.112121212121224Genotype: [1.2, 1.8, 1.1, 0.0, 1.0, 0.0, 0.0, 0.0, 0.0, 1.0, 0.0, 1.0, 1.7, 0.0, 0.0, 1.2, 0.0, 0.0, 0.0, 0.0, 0.0, 0.0, 1.2, 1.7, 0.0, 0.0, 0.0, 0.0, 1.8, 1.8, 0.0, 0.0, 0.0, 0.0, 1.4]
Indi 41: Fitness: 54.21212121212122Genotype: [1.2, 1.8, 1.1, 0.0, 1.0, 0.0, 0.0, 0.0, 0.0, 1.0, 1.4, 1.0, 1.7, 0.0, 0.0, 1.2, 0.0, 0.0, 0.0, 0.0, 0.0, 1.1, 1.2, 1.7, 0.0, 0.0, 0.0, 0.0, 1.8, 1.9, 0.0, 0.0, 0.0, 0.0, 1.4]
Indi 42: Fitness: 54.212121212121225Genotype: [0.0, 1.5, 1.1, 0.0, 1.1, 1.5, 1.4, 0.0, 0.0, 1.7, 1.9, 1.2, 0.0, 2.0, 0.0, 1.2, 0.0, 0.0, 0.0, 2.0, 0.0, 1.7, 0.0, 1.4, 0.0, 1.8, 1.4, 0.0, 1.7, 1.3, 0.0, 0.0, 0.0, 0.0, 1.3]
Indi 43: Fitness: 54.212121212121225Genotype: [0.0, 1.3, 0.0, 0.0, 0.0, 0.0, 0.0, 1.0, 0.0, 1.5, 0.0, 0.0, 0.0, 1.4, 1.6, 1.9, 1.7, 0.0, 0.0, 1.9, 0.0, 1.9, 0.0, 0.0, 0.0, 1.9, 0.0, 0.0, 1.1, 0.0, 0.0, 1.1, 0.0, 0.0, 0.0]
Indi 44: Fitness: 54.212121212121225Genotype: [0.0, 1.3, 0.0, 1.0, 1.7, 0.0, 1.4, 0.0, 1.7, 0.0, 0.0, 0.0, 0.0, 1.2, 0.0, 1.2, 0.0, 2.0, 1.5, 0.0, 1.2, 1.8, 0.0, 0.0, 0.0, 0.0, 1.2, 0.0, 0.0, 1.3, 0.0, 0.0, 0.0, 1.9, 0.0]
Indi 45: Fitness: 54.61212121212122Genotype: [1.2, 1.8, 1.1, 0.0, 1.0, 0.0, 0.0, 0.0, 0.0, 2.0, 0.0, 1.5, 1.7, 0.0, 0.0, 0.0, 0.0, 0.0, 0.0, 0.0, 0.0, 0.0, 1.2, 1.7, 0.0, 0.0, 0.0, 0.0, 1.8, 1.8, 0.0, 0.0, 0.0, 0.0, 1.4]
Indi 46: Fitness: 54.61212121212122Genotype: [0.0, 1.3, 0.0, 1.0, 1.7, 0.0, 1.4, 0.0, 1.7, 0.0, 0.0, 0.0, 0.0, 1.2, 0.0, 1.2, 0.0, 2.0, 1.5, 0.0, 1.2, 1.8, 0.0, 0.0, 0.0, 0.0, 1.2, 0.0, 0.0, 1.3, 0.0, 0.0, 0.0, 1.9, 0.0]
Indi 47: Fitness: 54.61212121212122Genotype: [0.0, 1.5, 1.1, 0.0, 1.1, 1.3, 1.4, 0.0, 0.0, 1.7, 1.9, 1.2, 0.0, 2.0, 0.0, 1.2, 0.0, 0.0, 0.0, 2.0, 0.0, 1.7, 0.0, 1.4, 0.0, 1.8, 1.4, 0.0, 1.8, 1.3, 0.0, 0.0, 0.0, 0.0, 1.3]
Indi 48: Fitness: 54.81212121212122Genotype: [0.0, 1.1, 0.0, 1.0, 1.7, 0.0, 0.0, 1.7, 1.7, 0.0, 0.0, 0.0, 0.0, 1.2, 0.0, 1.2, 0.0, 2.0, 1.5, 0.0, 1.6, 1.8, 0.0, 1.7, 0.0, 0.0, 1.2, 0.0, 1.9, 1.4, 0.0, 0.0, 0.0, 1.9, 0.0]
Indi 49: Fitness: 55.61212121212122Genotype: [1.7, 1.8, 1.1, 0.0, 1.0, 0.0, 0.0, 0.0, 0.0, 1.0, 0.0, 1.0, 0.0, 0.0, 1.3, 1.2, 0.0, 0.0, 0.0, 0.0, 0.0, 1.1, 1.2, 1.7, 0.0, 2.0, 0.0, 0.0, 1.8, 1.9, 0.0, 0.0, 0.0, 0.0, 1.4]
