INICIO: Sun Jan 28 21:44:28 BRST 2018
INDIVIDUALS OF LAST GENERATION: 75
Indi 0: Fitness: 7.612121212121224Genotype: [0.0, 0.0, 1.7, 1.0, 1.7, 0.0, 0.0, 1.7, 1.7, 0.0, 0.0, 1.0, 0.0, 1.2, 0.0, 1.1, 0.0, 2.0, 1.5, 0.0, 1.6, 1.6, 0.0, 1.7, 0.0, 0.0, 1.2, 0.0, 1.2, 1.4, 0.0, 0.0, 0.0, 1.9, 0.0]
Indi 1: Fitness: 24.812121212121216Genotype: [1.7, 0.0, 1.1, 0.0, 1.0, 0.0, 0.0, 0.0, 1.7, 1.0, 0.0, 1.0, 0.0, 0.0, 1.3, 1.9, 1.7, 0.0, 0.0, 0.0, 0.0, 1.1, 1.2, 1.7, 0.0, 2.0, 0.0, 0.0, 1.8, 1.9, 0.0, 0.0, 0.0, 0.0, 1.4]
Indi 2: Fitness: 27.260606060606055Genotype: [1.7, 1.8, 0.0, 0.0, 1.0, 0.0, 0.0, 0.0, 0.0, 1.9, 0.0, 1.0, 0.0, 0.0, 1.3, 1.2, 0.0, 0.0, 0.0, 0.0, 0.0, 1.1, 1.2, 1.7, 1.9, 2.0, 0.0, 0.0, 1.8, 1.9, 1.9, 0.0, 0.0, 1.9, 1.4]
Indi 3: Fitness: 28.060606060606062Genotype: [0.0, 1.3, 0.0, 0.0, 1.7, 0.0, 1.6, 0.0, 1.7, 0.0, 0.0, 0.0, 0.0, 1.2, 0.0, 1.2, 0.0, 2.0, 1.5, 0.0, 1.2, 1.8, 0.0, 0.0, 0.0, 0.0, 1.2, 0.0, 0.0, 1.3, 0.0, 0.0, 1.7, 1.9, 0.0]
Indi 4: Fitness: 31.912121212121217Genotype: [0.0, 1.5, 0.0, 1.0, 1.7, 0.0, 1.4, 0.0, 1.7, 0.0, 0.0, 0.0, 0.0, 1.2, 0.0, 1.2, 0.0, 2.0, 1.5, 0.0, 1.2, 1.8, 0.0, 0.0, 0.0, 0.0, 1.2, 0.0, 0.0, 1.3, 0.0, 0.0, 0.0, 1.9, 0.0]
Indi 5: Fitness: 34.21212121212122Genotype: [1.2, 1.8, 0.0, 1.0, 1.7, 0.0, 1.4, 0.0, 1.7, 0.0, 0.0, 0.0, 0.0, 1.2, 0.0, 1.2, 0.0, 2.0, 1.5, 0.0, 1.2, 1.8, 0.0, 0.0, 0.0, 0.0, 1.2, 0.0, 0.0, 1.3, 0.0, 0.0, 0.0, 1.9, 0.0]
Indi 6: Fitness: 35.86060606060607Genotype: [0.0, 1.3, 0.0, 1.0, 1.7, 0.0, 1.4, 0.0, 1.7, 0.0, 0.0, 0.0, 1.9, 1.2, 0.0, 1.2, 0.0, 2.0, 1.5, 0.0, 1.3, 1.8, 0.0, 0.0, 0.0, 1.2, 1.2, 0.0, 0.0, 1.3, 0.0, 0.0, 0.0, 1.9, 1.3]
Indi 7: Fitness: 35.96060606060606Genotype: [1.8, 1.8, 1.1, 0.0, 1.0, 0.0, 0.0, 0.0, 1.1, 0.0, 0.0, 1.0, 1.7, 0.0, 0.0, 1.2, 0.0, 0.0, 0.0, 0.0, 0.0, 0.0, 1.2, 1.7, 0.0, 0.0, 0.0, 0.0, 1.8, 1.8, 0.0, 0.0, 1.6, 1.6, 1.4]
Indi 8: Fitness: 36.66060606060606Genotype: [1.2, 1.8, 1.1, 0.0, 1.0, 0.0, 0.0, 0.0, 0.0, 2.0, 0.0, 1.5, 0.0, 0.0, 0.0, 0.0, 0.0, 0.0, 0.0, 0.0, 0.0, 0.0, 1.2, 1.7, 0.0, 0.0, 0.0, 0.0, 1.8, 1.8, 2.0, 0.0, 0.0, 1.2, 0.0]
Indi 9: Fitness: 36.760606060606065Genotype: [1.2, 1.8, 1.1, 0.0, 1.0, 0.0, 0.0, 0.0, 0.0, 1.0, 1.4, 0.0, 1.7, 0.0, 0.0, 1.9, 0.0, 0.0, 0.0, 0.0, 0.0, 1.1, 1.2, 1.7, 0.0, 0.0, 0.0, 0.0, 1.8, 1.9, 1.5, 0.0, 2.0, 1.2, 1.4]
Indi 10: Fitness: 36.86060606060606Genotype: [0.0, 1.3, 0.0, 1.4, 0.0, 1.1, 0.0, 1.0, 0.0, 1.3, 0.0, 1.8, 0.0, 1.4, 1.6, 1.9, 1.7, 0.0, 2.0, 1.9, 0.0, 1.9, 0.0, 1.7, 0.0, 1.9, 0.0, 0.0, 1.1, 0.0, 0.0, 1.1, 0.0, 0.0, 1.3]
Indi 11: Fitness: 36.96161616161616Genotype: [1.2, 1.6, 1.1, 0.0, 1.0, 0.0, 0.0, 0.0, 0.0, 1.0, 1.2, 1.0, 0.0, 1.8, 0.0, 1.2, 0.0, 1.9, 0.0, 0.0, 0.0, 0.0, 1.2, 1.7, 0.0, 0.0, 0.0, 0.0, 1.8, 1.8, 0.0, 1.4, 0.0, 0.0, 1.4]
Indi 12: Fitness: 45.81212121212121Genotype: [0.0, 1.7, 1.1, 2.0, 1.1, 1.3, 1.4, 0.0, 0.0, 1.8, 0.0, 1.2, 0.0, 0.0, 0.0, 1.2, 0.0, 0.0, 0.0, 2.0, 0.0, 1.7, 0.0, 1.4, 0.0, 1.8, 1.4, 0.0, 1.8, 1.3, 0.0, 0.0, 0.0, 0.0, 1.3]
Indi 13: Fitness: 46.41212121212122Genotype: [0.0, 1.2, 1.1, 0.0, 1.1, 0.0, 1.4, 0.0, 0.0, 1.6, 1.9, 1.2, 0.0, 2.0, 0.0, 1.2, 0.0, 0.0, 0.0, 0.0, 0.0, 1.7, 0.0, 1.3, 0.0, 1.8, 1.4, 0.0, 1.8, 1.3, 0.0, 0.0, 0.0, 0.0, 1.3]
Indi 14: Fitness: 46.469696969696976Genotype: [0.0, 1.1, 0.0, 1.0, 1.7, 0.0, 0.0, 1.7, 1.7, 0.0, 0.0, 0.0, 0.0, 1.2, 1.9, 1.2, 0.0, 1.3, 1.5, 0.0, 1.6, 1.8, 0.0, 1.7, 0.0, 0.0, 1.2, 0.0, 0.0, 0.0, 0.0, 0.0, 0.0, 1.9, 0.0]
Indi 15: Fitness: 46.512121212121215Genotype: [0.0, 1.5, 1.1, 0.0, 1.1, 1.5, 0.0, 0.0, 0.0, 0.0, 1.9, 1.2, 0.0, 2.0, 0.0, 0.0, 0.0, 1.7, 0.0, 1.9, 0.0, 1.7, 0.0, 1.4, 0.0, 1.8, 1.4, 0.0, 1.7, 1.3, 0.0, 0.0, 0.0, 0.0, 1.3]
Indi 16: Fitness: 47.41212121212122Genotype: [0.0, 1.3, 1.4, 1.8, 0.0, 0.0, 0.0, 1.0, 0.0, 1.5, 0.0, 0.0, 0.0, 1.4, 1.6, 1.9, 1.7, 0.0, 0.0, 1.9, 0.0, 1.9, 0.0, 1.7, 0.0, 1.0, 1.9, 0.0, 1.1, 0.0, 0.0, 1.1, 0.0, 0.0, 1.0]
Indi 17: Fitness: 47.41212121212122Genotype: [0.0, 1.3, 0.0, 0.0, 0.0, 0.0, 0.0, 1.9, 0.0, 1.5, 1.1, 0.0, 1.6, 1.4, 1.6, 1.9, 1.7, 0.0, 1.2, 1.9, 0.0, 1.9, 0.0, 0.0, 0.0, 1.9, 0.0, 0.0, 2.0, 0.0, 0.0, 1.1, 0.0, 0.0, 0.0]
Indi 18: Fitness: 49.01212121212122Genotype: [0.0, 1.3, 0.0, 0.0, 1.7, 0.0, 0.0, 1.1, 1.7, 0.0, 0.0, 0.0, 0.0, 1.2, 0.0, 1.2, 0.0, 2.0, 1.5, 0.0, 1.2, 1.8, 1.4, 0.0, 0.0, 0.0, 1.7, 0.0, 0.0, 1.3, 0.0, 0.0, 0.0, 1.9, 0.0]
Indi 19: Fitness: 49.01212121212122Genotype: [0.0, 1.3, 1.1, 0.0, 1.0, 0.0, 0.0, 0.0, 0.0, 1.0, 0.0, 1.0, 0.0, 0.0, 1.3, 1.2, 0.0, 0.0, 0.0, 0.0, 0.0, 1.1, 1.2, 1.7, 0.0, 2.0, 0.0, 0.0, 1.8, 1.9, 0.0, 0.0, 0.0, 0.0, 1.4]
Indi 20: Fitness: 49.31212121212123Genotype: [0.0, 1.1, 0.0, 1.0, 1.7, 0.0, 0.0, 1.7, 1.7, 0.0, 0.0, 0.0, 0.0, 1.2, 0.0, 1.2, 0.0, 2.0, 1.1, 0.0, 1.6, 1.8, 0.0, 1.7, 0.0, 0.0, 1.1, 0.0, 1.9, 1.4, 0.0, 0.0, 0.0, 1.6, 0.0]
Indi 21: Fitness: 49.512121212121215Genotype: [0.0, 1.3, 0.0, 1.0, 1.7, 0.0, 0.0, 1.7, 1.7, 0.0, 0.0, 0.0, 0.0, 1.2, 0.0, 1.2, 0.0, 2.0, 1.5, 0.0, 1.6, 1.8, 0.0, 1.7, 0.0, 0.0, 1.2, 0.0, 1.9, 1.4, 0.0, 0.0, 0.0, 1.9, 0.0]
Indi 22: Fitness: 49.512121212121215Genotype: [1.2, 1.8, 0.0, 1.0, 1.7, 0.0, 1.4, 0.0, 1.7, 0.0, 0.0, 0.0, 0.0, 1.2, 0.0, 1.2, 0.0, 2.0, 1.5, 0.0, 1.2, 1.8, 0.0, 0.0, 0.0, 0.0, 1.2, 0.0, 0.0, 1.3, 0.0, 0.0, 0.0, 1.9, 0.0]
Indi 23: Fitness: 49.60909090909092Genotype: [1.2, 1.8, 1.1, 0.0, 1.0, 0.0, 0.0, 0.0, 0.0, 1.0, 0.0, 1.0, 1.7, 0.0, 0.0, 1.2, 0.0, 0.0, 0.0, 0.0, 0.0, 1.1, 1.2, 1.7, 0.0, 0.0, 0.0, 0.0, 0.0, 1.3, 1.2, 0.0, 0.0, 0.0, 1.3]
Indi 24: Fitness: 49.81212121212122Genotype: [0.0, 1.3, 0.0, 1.0, 0.0, 0.0, 1.4, 1.2, 1.7, 0.0, 0.0, 0.0, 0.0, 1.2, 0.0, 1.2, 0.0, 2.0, 1.2, 1.9, 1.2, 1.8, 0.0, 1.7, 0.0, 0.0, 1.2, 0.0, 0.0, 1.3, 0.0, 0.0, 0.0, 0.0, 0.0]
Indi 25: Fitness: 50.31212121212121Genotype: [1.2, 1.8, 1.0, 0.0, 1.0, 0.0, 0.0, 1.5, 0.0, 1.0, 0.0, 1.0, 1.9, 0.0, 0.0, 1.2, 0.0, 0.0, 0.0, 1.5, 0.0, 0.0, 1.2, 1.7, 0.0, 0.0, 0.0, 0.0, 1.8, 1.8, 0.0, 0.0, 0.0, 0.0, 1.4]
Indi 26: Fitness: 50.41212121212122Genotype: [0.0, 1.1, 1.1, 0.0, 1.1, 1.3, 1.4, 0.0, 0.0, 1.7, 1.9, 1.2, 0.0, 2.0, 0.0, 1.2, 0.0, 0.0, 0.0, 2.0, 0.0, 1.7, 0.0, 1.4, 0.0, 1.8, 1.4, 0.0, 1.8, 1.3, 0.0, 0.0, 0.0, 0.0, 1.3]
Indi 27: Fitness: 50.61212121212122Genotype: [0.0, 1.5, 0.0, 0.0, 1.1, 1.5, 1.4, 0.0, 0.0, 1.7, 1.9, 1.2, 0.0, 2.0, 0.0, 0.0, 0.0, 0.0, 0.0, 2.0, 0.0, 1.7, 0.0, 0.0, 0.0, 1.8, 1.4, 0.0, 1.7, 1.3, 1.3, 0.0, 0.0, 0.0, 1.3]
Indi 28: Fitness: 50.81212121212122Genotype: [1.7, 1.8, 1.1, 0.0, 1.1, 1.3, 1.4, 0.0, 0.0, 1.7, 1.9, 1.2, 0.0, 2.0, 0.0, 1.2, 0.0, 0.0, 0.0, 2.0, 0.0, 1.7, 0.0, 1.4, 0.0, 1.8, 1.4, 0.0, 1.8, 1.3, 0.0, 0.0, 0.0, 0.0, 1.3]
Indi 29: Fitness: 50.91212121212122Genotype: [0.0, 1.5, 0.0, 1.0, 1.7, 0.0, 1.4, 0.0, 1.7, 0.0, 0.0, 0.0, 0.0, 1.2, 0.0, 1.2, 0.0, 2.0, 1.5, 0.0, 1.2, 1.8, 0.0, 0.0, 0.0, 0.0, 1.2, 0.0, 0.0, 1.3, 0.0, 0.0, 0.0, 1.9, 0.0]
Indi 30: Fitness: 51.01212121212122Genotype: [0.0, 1.3, 0.0, 1.0, 1.7, 0.0, 1.4, 0.0, 1.7, 0.0, 0.0, 0.0, 0.0, 1.2, 0.0, 1.2, 0.0, 0.0, 0.0, 0.0, 1.2, 1.8, 0.0, 0.0, 0.0, 0.0, 1.3, 0.0, 0.0, 1.3, 0.0, 0.0, 0.0, 0.0, 0.0]
Indi 31: Fitness: 51.01212121212122Genotype: [0.0, 1.5, 1.1, 0.0, 1.1, 1.4, 1.4, 0.0, 0.0, 1.7, 1.9, 1.2, 0.0, 2.0, 0.0, 1.2, 0.0, 0.0, 0.0, 2.0, 0.0, 1.7, 0.0, 0.0, 0.0, 1.8, 0.0, 0.0, 1.7, 1.3, 0.0, 0.0, 0.0, 0.0, 1.3]
Indi 32: Fitness: 51.21212121212122Genotype: [1.2, 1.8, 1.1, 0.0, 1.0, 0.0, 1.7, 1.5, 0.0, 2.0, 0.0, 1.5, 1.7, 0.0, 0.0, 1.5, 0.0, 0.0, 0.0, 1.8, 0.0, 0.0, 1.2, 1.7, 0.0, 0.0, 0.0, 1.6, 0.0, 1.8, 0.0, 0.0, 0.0, 0.0, 1.4]
Indi 33: Fitness: 51.31212121212122Genotype: [0.0, 1.5, 2.0, 0.0, 2.0, 2.0, 1.4, 0.0, 0.0, 1.7, 1.9, 1.2, 0.0, 2.0, 0.0, 0.0, 0.0, 0.0, 0.0, 2.0, 1.6, 1.7, 0.0, 1.4, 1.9, 1.4, 1.4, 0.0, 1.8, 1.3, 0.0, 0.0, 0.0, 0.0, 1.3]
Indi 34: Fitness: 51.412121212121214Genotype: [1.7, 1.8, 0.0, 0.0, 1.0, 1.6, 0.0, 0.0, 0.0, 1.0, 0.0, 1.0, 0.0, 0.0, 1.8, 1.2, 0.0, 0.0, 0.0, 0.0, 0.0, 1.1, 1.2, 1.7, 0.0, 2.0, 0.0, 0.0, 1.8, 1.9, 0.0, 0.0, 1.4, 0.0, 0.0]
Indi 35: Fitness: 51.61212121212122Genotype: [0.0, 1.3, 0.0, 0.0, 0.0, 0.0, 0.0, 1.0, 0.0, 1.5, 0.0, 0.0, 0.0, 1.4, 1.6, 1.9, 1.7, 0.0, 0.0, 1.9, 0.0, 1.9, 0.0, 0.0, 0.0, 1.9, 0.0, 0.0, 1.1, 0.0, 0.0, 1.1, 0.0, 0.0, 0.0]
Indi 36: Fitness: 51.81212121212122Genotype: [1.2, 1.8, 0.0, 0.0, 0.0, 0.0, 0.0, 0.0, 0.0, 1.0, 1.4, 0.0, 0.0, 0.0, 0.0, 0.0, 0.0, 0.0, 0.0, 0.0, 2.0, 0.0, 1.2, 1.7, 0.0, 0.0, 0.0, 0.0, 1.8, 1.9, 0.0, 0.0, 0.0, 0.0, 1.4]
Indi 37: Fitness: 52.112121212121224Genotype: [0.0, 1.3, 0.0, 1.0, 1.2, 0.0, 1.4, 0.0, 1.7, 0.0, 0.0, 1.1, 0.0, 1.2, 0.0, 0.0, 0.0, 2.0, 1.5, 0.0, 1.2, 1.8, 0.0, 0.0, 0.0, 0.0, 1.2, 0.0, 0.0, 1.3, 0.0, 0.0, 0.0, 1.9, 0.0]
Indi 38: Fitness: 53.21212121212122Genotype: [1.2, 1.8, 0.0, 1.0, 1.7, 0.0, 0.0, 1.7, 1.7, 0.0, 0.0, 0.0, 0.0, 1.2, 0.0, 1.2, 0.0, 2.0, 1.5, 0.0, 1.6, 1.8, 0.0, 1.7, 0.0, 0.0, 1.2, 0.0, 1.9, 1.4, 0.0, 0.0, 0.0, 1.9, 0.0]
Indi 39: Fitness: 54.112121212121224Genotype: [1.2, 1.8, 1.1, 0.0, 1.0, 0.0, 0.0, 0.0, 0.0, 1.0, 0.0, 1.0, 1.7, 0.0, 0.0, 1.2, 0.0, 0.0, 0.0, 0.0, 0.0, 0.0, 1.2, 1.7, 0.0, 0.0, 0.0, 0.0, 1.8, 1.8, 0.0, 0.0, 0.0, 0.0, 1.4]
Indi 40: Fitness: 54.21212121212122Genotype: [1.2, 1.8, 1.1, 0.0, 1.0, 0.0, 0.0, 0.0, 0.0, 1.0, 1.4, 1.0, 1.7, 0.0, 0.0, 1.2, 0.0, 0.0, 0.0, 0.0, 0.0, 1.1, 1.2, 1.7, 0.0, 0.0, 0.0, 0.0, 1.8, 1.9, 0.0, 0.0, 0.0, 0.0, 1.4]
Indi 41: Fitness: 54.212121212121225Genotype: [0.0, 1.3, 0.0, 1.0, 1.7, 0.0, 1.4, 0.0, 1.7, 0.0, 0.0, 0.0, 0.0, 1.2, 0.0, 1.2, 0.0, 2.0, 1.5, 0.0, 1.2, 1.8, 0.0, 0.0, 0.0, 0.0, 1.2, 0.0, 0.0, 1.3, 0.0, 0.0, 0.0, 1.9, 0.0]
Indi 42: Fitness: 54.212121212121225Genotype: [0.0, 1.3, 0.0, 0.0, 0.0, 0.0, 0.0, 1.0, 0.0, 1.5, 0.0, 0.0, 0.0, 1.4, 1.6, 1.9, 1.7, 0.0, 0.0, 1.9, 0.0, 1.9, 0.0, 0.0, 0.0, 1.9, 0.0, 0.0, 1.1, 0.0, 0.0, 1.1, 0.0, 0.0, 0.0]
Indi 43: Fitness: 54.212121212121225Genotype: [0.0, 1.5, 1.1, 0.0, 1.1, 1.5, 1.4, 0.0, 0.0, 1.7, 1.9, 1.2, 0.0, 2.0, 0.0, 1.2, 0.0, 0.0, 0.0, 2.0, 0.0, 1.7, 0.0, 1.4, 0.0, 1.8, 1.4, 0.0, 1.7, 1.3, 0.0, 0.0, 0.0, 0.0, 1.3]
Indi 44: Fitness: 54.31212121212122Genotype: [1.2, 0.0, 1.1, 0.0, 1.0, 0.0, 0.0, 0.0, 0.0, 2.0, 0.0, 1.5, 1.7, 0.0, 2.0, 1.3, 0.0, 0.0, 0.0, 0.0, 0.0, 0.0, 1.2, 1.7, 0.0, 1.9, 0.0, 0.0, 1.8, 1.8, 0.0, 0.0, 0.0, 0.0, 1.4]
Indi 45: Fitness: 54.61212121212122Genotype: [0.0, 1.5, 1.1, 0.0, 1.1, 1.3, 1.4, 0.0, 0.0, 1.7, 1.9, 1.2, 0.0, 2.0, 0.0, 1.2, 0.0, 0.0, 0.0, 2.0, 0.0, 1.7, 0.0, 1.4, 0.0, 1.8, 1.4, 0.0, 1.8, 1.3, 0.0, 0.0, 0.0, 0.0, 1.3]
Indi 46: Fitness: 54.61212121212122Genotype: [0.0, 1.3, 0.0, 1.0, 1.7, 0.0, 1.4, 0.0, 1.7, 0.0, 0.0, 0.0, 0.0, 1.2, 0.0, 1.2, 0.0, 2.0, 1.5, 0.0, 1.2, 1.8, 0.0, 0.0, 0.0, 0.0, 1.2, 0.0, 0.0, 1.3, 0.0, 0.0, 0.0, 1.9, 0.0]
Indi 47: Fitness: 54.61212121212122Genotype: [1.2, 1.8, 1.1, 0.0, 1.0, 0.0, 0.0, 0.0, 0.0, 2.0, 0.0, 1.5, 1.7, 0.0, 0.0, 0.0, 0.0, 0.0, 0.0, 0.0, 0.0, 0.0, 1.2, 1.7, 0.0, 0.0, 0.0, 0.0, 1.8, 1.8, 0.0, 0.0, 0.0, 0.0, 1.4]
Indi 48: Fitness: 54.81212121212122Genotype: [0.0, 1.1, 0.0, 1.0, 1.7, 0.0, 0.0, 1.7, 1.7, 0.0, 0.0, 0.0, 0.0, 1.2, 0.0, 1.2, 0.0, 2.0, 1.5, 0.0, 1.6, 1.8, 0.0, 1.7, 0.0, 0.0, 1.2, 0.0, 1.9, 1.4, 0.0, 0.0, 0.0, 1.9, 0.0]
Indi 49: Fitness: 55.61212121212122Genotype: [1.7, 1.8, 1.1, 0.0, 1.0, 0.0, 0.0, 0.0, 0.0, 1.0, 0.0, 1.0, 0.0, 0.0, 1.3, 1.2, 0.0, 0.0, 0.0, 0.0, 0.0, 1.1, 1.2, 1.7, 0.0, 2.0, 0.0, 0.0, 1.8, 1.9, 0.0, 0.0, 0.0, 0.0, 1.4]
