INICIO: Sun Jan 28 20:29:44 BRST 2018
INDIVIDUALS OF LAST GENERATION: 20
Indi 0: Fitness: -1.9878787878787811Genotype: [0.0, 1.3, 0.0, 1.0, 1.7, 0.0, 1.4, 1.7, 1.7, 0.0, 0.0, 0.0, 1.3, 1.2, 0.0, 1.2, 0.0, 2.0, 1.5, 0.0, 1.6, 1.8, 0.0, 0.0, 0.0, 0.0, 1.2, 0.0, 0.0, 1.3, 0.0, 0.0, 0.0, 1.9, 0.0]
Indi 1: Fitness: -1.2878787878787818Genotype: [1.2, 0.0, 1.1, 0.0, 1.0, 0.0, 0.0, 0.0, 0.0, 1.0, 1.4, 1.0, 1.7, 0.0, 0.0, 1.2, 0.0, 0.0, 0.0, 0.0, 1.8, 1.1, 1.2, 1.7, 0.0, 0.0, 0.0, 0.0, 1.8, 1.9, 0.0, 1.7, 0.0, 0.0, 0.0]
Indi 2: Fitness: 18.312121212121216Genotype: [0.0, 1.8, 1.1, 1.6, 1.0, 0.0, 0.0, 0.0, 0.0, 1.0, 0.0, 1.7, 0.0, 0.0, 1.3, 1.2, 0.0, 1.6, 0.0, 1.6, 1.7, 1.1, 1.2, 1.7, 0.0, 2.0, 0.0, 0.0, 1.8, 1.9, 0.0, 0.0, 0.0, 0.0, 2.0]
Indi 3: Fitness: 22.812121212121227Genotype: [1.8, 0.0, 0.0, 1.9, 1.1, 1.3, 0.0, 0.0, 1.2, 1.7, 1.9, 1.2, 0.0, 2.0, 0.0, 1.2, 0.0, 0.0, 0.0, 2.0, 1.4, 1.7, 0.0, 1.4, 0.0, 1.9, 1.6, 0.0, 0.0, 0.0, 0.0, 0.0, 0.0, 0.0, 1.6]
Indi 4: Fitness: 29.457575757575768Genotype: [1.7, 1.8, 0.0, 1.0, 1.7, 0.0, 1.4, 0.0, 1.7, 0.0, 0.0, 0.0, 0.0, 1.2, 0.0, 1.2, 0.0, 2.0, 1.5, 0.0, 1.2, 1.8, 0.0, 0.0, 0.0, 0.0, 1.2, 0.0, 0.0, 1.3, 0.0, 0.0, 0.0, 1.9, 0.0]
Indi 5: Fitness: 30.71212121212122Genotype: [1.9, 1.3, 0.0, 1.9, 1.1, 0.0, 0.0, 1.8, 1.2, 1.7, 1.9, 1.9, 1.5, 2.0, 0.0, 1.2, 1.4, 0.0, 1.2, 2.0, 1.1, 1.5, 1.9, 0.0, 0.0, 1.6, 1.6, 0.0, 0.0, 0.0, 0.0, 0.0, 0.0, 0.0, 0.0]
Indi 6: Fitness: 31.412121212121217Genotype: [1.2, 1.8, 1.1, 1.9, 1.1, 1.3, 0.0, 0.0, 1.2, 1.7, 1.9, 1.9, 0.0, 2.0, 0.0, 1.2, 1.5, 0.0, 1.2, 2.0, 1.1, 1.5, 1.9, 1.4, 0.0, 1.6, 1.6, 0.0, 0.0, 0.0, 0.0, 0.0, 0.0, 0.0, 1.6]
Indi 7: Fitness: 32.71212121212122Genotype: [0.0, 1.5, 1.1, 0.0, 1.1, 1.3, 1.4, 0.0, 1.7, 1.7, 0.0, 1.2, 0.0, 2.0, 0.0, 1.2, 0.0, 0.0, 0.0, 1.2, 0.0, 1.7, 0.0, 1.4, 0.0, 1.8, 1.4, 0.0, 1.8, 1.3, 0.0, 0.0, 0.0, 0.0, 1.5]
Indi 8: Fitness: 35.06060606060606Genotype: [0.0, 1.3, 0.0, 0.0, 0.0, 0.0, 1.7, 1.0, 0.0, 1.5, 0.0, 0.0, 0.0, 1.8, 1.6, 1.9, 1.7, 0.0, 0.0, 1.9, 0.0, 1.9, 0.0, 0.0, 2.0, 1.9, 0.0, 0.0, 1.1, 0.0, 0.0, 1.1, 2.0, 0.0, 0.0]
Indi 9: Fitness: 35.660606060606064Genotype: [1.7, 1.8, 1.1, 0.0, 0.0, 0.0, 0.0, 0.0, 0.0, 0.0, 0.0, 1.0, 0.0, 0.0, 1.3, 1.2, 0.0, 0.0, 0.0, 0.0, 0.0, 1.1, 1.2, 1.7, 0.0, 2.0, 0.0, 0.0, 1.8, 1.9, 1.8, 0.0, 0.0, 0.0, 1.4]
Indi 10: Fitness: 35.760606060606065Genotype: [0.0, 1.3, 0.0, 1.9, 1.5, 1.3, 1.8, 1.2, 1.2, 1.7, 1.9, 1.9, 0.0, 2.0, 0.0, 1.2, 0.0, 0.0, 1.2, 2.0, 1.1, 1.5, 1.9, 1.4, 0.0, 1.6, 1.6, 0.0, 0.0, 0.0, 0.0, 0.0, 0.0, 1.4, 1.6]
Indi 11: Fitness: 35.96060606060607Genotype: [0.0, 1.1, 0.0, 1.9, 1.1, 1.3, 0.0, 0.0, 1.2, 1.7, 1.9, 1.2, 0.0, 2.0, 0.0, 1.2, 0.0, 0.0, 0.0, 0.0, 1.0, 1.7, 0.0, 1.1, 0.0, 1.9, 1.6, 0.0, 0.0, 0.0, 1.5, 0.0, 0.0, 0.0, 1.6]
Indi 12: Fitness: 36.260606060606065Genotype: [0.0, 1.3, 0.0, 0.0, 0.0, 0.0, 1.4, 1.0, 1.9, 1.5, 0.0, 0.0, 0.0, 1.4, 1.6, 1.9, 1.7, 0.0, 0.0, 1.9, 0.0, 1.9, 0.0, 0.0, 1.3, 1.9, 0.0, 0.0, 1.1, 0.0, 0.0, 1.1, 0.0, 1.5, 0.0]
Indi 13: Fitness: 36.56060606060606Genotype: [1.8, 0.0, 0.0, 1.0, 1.7, 0.0, 1.4, 0.0, 0.0, 0.0, 0.0, 0.0, 1.3, 1.2, 0.0, 1.2, 0.0, 2.0, 1.5, 0.0, 1.6, 1.8, 0.0, 0.0, 0.0, 0.0, 1.2, 0.0, 1.9, 1.3, 0.0, 1.9, 0.0, 1.9, 0.0]
Indi 14: Fitness: 37.06060606060607Genotype: [0.0, 1.3, 0.0, 0.0, 1.7, 0.0, 1.4, 0.0, 0.0, 0.0, 0.0, 0.0, 1.6, 1.2, 0.0, 1.2, 0.0, 2.0, 1.7, 0.0, 1.6, 1.8, 0.0, 0.0, 0.0, 0.0, 1.2, 0.0, 0.0, 1.3, 0.0, 0.0, 1.4, 1.9, 0.0]
Indi 15: Fitness: 37.260606060606065Genotype: [1.8, 0.0, 0.0, 1.0, 1.7, 0.0, 0.0, 1.7, 1.7, 0.0, 0.0, 0.0, 1.3, 1.2, 0.0, 0.0, 0.0, 2.0, 1.5, 0.0, 1.6, 1.8, 0.0, 0.0, 0.0, 0.0, 1.2, 0.0, 1.7, 1.7, 0.0, 1.6, 1.8, 1.9, 0.0]
Indi 16: Fitness: 37.86060606060606Genotype: [0.0, 1.3, 0.0, 1.0, 1.7, 0.0, 1.4, 0.0, 1.7, 0.0, 0.0, 0.0, 0.0, 1.2, 0.0, 1.4, 0.0, 2.0, 1.5, 1.3, 1.2, 1.8, 0.0, 0.0, 0.0, 1.6, 1.2, 0.0, 0.0, 1.3, 0.0, 0.0, 1.5, 1.9, 1.2]
Indi 17: Fitness: 46.21212121212122Genotype: [0.0, 1.3, 0.0, 0.0, 1.1, 1.3, 0.0, 0.0, 1.2, 1.7, 1.9, 1.9, 0.0, 0.0, 0.0, 1.2, 1.5, 0.0, 1.2, 2.0, 1.1, 0.0, 1.1, 1.4, 0.0, 1.6, 1.5, 0.0, 0.0, 1.6, 0.0, 0.0, 0.0, 0.0, 1.6]
Indi 18: Fitness: 46.91212121212122Genotype: [0.0, 1.1, 0.0, 1.0, 1.1, 1.3, 1.4, 0.0, 0.0, 1.7, 1.9, 1.2, 0.0, 2.0, 0.0, 1.2, 1.9, 0.0, 0.0, 2.0, 0.0, 1.7, 0.0, 1.4, 1.2, 1.8, 1.6, 1.7, 1.8, 1.3, 0.0, 0.0, 0.0, 0.0, 0.0]
Indi 19: Fitness: 47.012121212121215Genotype: [1.2, 1.8, 1.1, 1.2, 1.0, 0.0, 0.0, 0.0, 0.0, 1.0, 0.0, 1.0, 1.7, 0.0, 0.0, 1.2, 0.0, 0.0, 0.0, 0.0, 1.6, 1.1, 1.2, 1.7, 0.0, 0.0, 0.0, 0.0, 1.8, 1.9, 0.0, 0.0, 0.0, 0.0, 1.4]
Indi 20: Fitness: 47.112121212121224Genotype: [0.0, 0.0, 0.0, 1.9, 1.1, 1.3, 0.0, 0.0, 1.2, 1.7, 1.9, 1.2, 0.0, 2.0, 0.0, 1.2, 0.0, 0.0, 0.0, 2.0, 1.4, 1.7, 0.0, 1.4, 0.0, 0.0, 1.6, 0.0, 0.0, 0.0, 0.0, 0.0, 0.0, 0.0, 0.0]
Indi 21: Fitness: 47.31212121212122Genotype: [0.0, 1.1, 1.1, 1.9, 1.1, 1.3, 0.0, 0.0, 1.2, 1.7, 1.9, 1.2, 0.0, 2.0, 0.0, 1.3, 0.0, 1.7, 0.0, 2.0, 1.4, 1.7, 1.2, 1.4, 0.0, 1.9, 0.0, 0.0, 0.0, 0.0, 0.0, 0.0, 0.0, 0.0, 1.6]
Indi 22: Fitness: 47.412121212121214Genotype: [0.0, 1.1, 0.0, 1.0, 1.4, 1.3, 1.0, 0.0, 0.0, 1.7, 1.9, 1.2, 0.0, 2.0, 0.0, 1.2, 0.0, 0.0, 0.0, 2.0, 0.0, 1.1, 0.0, 1.4, 1.9, 1.8, 1.6, 0.0, 1.0, 1.3, 0.0, 0.0, 0.0, 0.0, 0.0]
Indi 23: Fitness: 49.01212121212123Genotype: [0.0, 1.3, 0.0, 1.0, 1.7, 0.0, 1.4, 1.7, 1.7, 0.0, 0.0, 0.0, 1.3, 1.2, 0.0, 1.2, 0.0, 2.0, 1.5, 0.0, 1.6, 1.8, 0.0, 0.0, 0.0, 0.0, 1.2, 0.0, 0.0, 1.3, 0.0, 0.0, 0.0, 1.9, 0.0]
Indi 24: Fitness: 49.21212121212122Genotype: [0.0, 1.8, 1.1, 0.0, 1.0, 0.0, 0.0, 0.0, 0.0, 1.0, 0.0, 1.0, 1.7, 0.0, 0.0, 1.2, 0.0, 0.0, 0.0, 1.3, 0.0, 0.0, 1.2, 1.7, 0.0, 0.0, 0.0, 0.0, 1.8, 1.6, 0.0, 0.0, 0.0, 0.0, 1.1]
Indi 25: Fitness: 49.21212121212122Genotype: [1.3, 1.1, 0.0, 1.0, 1.1, 1.3, 1.4, 0.0, 0.0, 0.0, 1.9, 1.2, 0.0, 2.0, 1.2, 0.0, 0.0, 0.0, 0.0, 2.0, 0.0, 1.7, 0.0, 1.4, 0.0, 1.8, 1.6, 0.0, 1.8, 1.3, 0.0, 1.3, 0.0, 0.0, 0.0]
Indi 26: Fitness: 49.712121212121225Genotype: [0.0, 1.1, 1.1, 0.0, 1.0, 0.0, 0.0, 0.0, 0.0, 1.0, 1.4, 1.0, 1.7, 0.0, 0.0, 1.2, 0.0, 0.0, 0.0, 0.0, 0.0, 1.1, 1.2, 1.7, 0.0, 0.0, 0.0, 0.0, 1.8, 1.9, 0.0, 0.0, 0.0, 0.0, 1.4]
Indi 27: Fitness: 49.81212121212122Genotype: [1.2, 1.8, 1.1, 1.9, 1.0, 1.5, 0.0, 0.0, 0.0, 1.0, 1.4, 1.0, 1.0, 0.0, 0.0, 1.2, 0.0, 0.0, 0.0, 0.0, 1.3, 1.1, 1.2, 1.7, 0.0, 0.0, 0.0, 0.0, 1.7, 1.9, 0.0, 0.0, 0.0, 0.0, 1.4]
Indi 28: Fitness: 49.81212121212122Genotype: [1.2, 1.8, 1.3, 0.0, 1.6, 0.0, 0.0, 0.0, 1.2, 1.0, 1.1, 1.0, 1.7, 0.0, 0.0, 1.2, 0.0, 1.5, 0.0, 0.0, 0.0, 0.0, 1.2, 1.7, 0.0, 0.0, 0.0, 0.0, 1.8, 1.8, 0.0, 0.0, 0.0, 0.0, 1.4]
Indi 29: Fitness: 49.91212121212122Genotype: [1.8, 0.0, 0.0, 1.8, 0.0, 0.0, 0.0, 1.7, 1.7, 0.0, 0.0, 0.0, 1.3, 1.2, 0.0, 1.2, 1.3, 2.0, 1.5, 0.0, 1.6, 1.8, 0.0, 0.0, 0.0, 0.0, 1.2, 0.0, 0.0, 1.3, 0.0, 0.0, 0.0, 1.9, 0.0]
Indi 30: Fitness: 50.11212121212122Genotype: [0.0, 1.5, 1.1, 0.0, 1.1, 1.3, 1.4, 0.0, 0.0, 1.7, 1.9, 1.2, 0.0, 2.0, 0.0, 1.2, 0.0, 0.0, 0.0, 2.0, 0.0, 1.7, 0.0, 0.0, 0.0, 1.8, 1.4, 1.6, 0.0, 1.3, 0.0, 0.0, 0.0, 0.0, 1.3]
Indi 31: Fitness: 50.512121212121215Genotype: [1.7, 0.0, 1.1, 0.0, 1.0, 1.0, 0.0, 0.0, 0.0, 1.0, 0.0, 1.0, 0.0, 0.0, 0.0, 1.2, 0.0, 0.0, 0.0, 0.0, 0.0, 1.1, 0.0, 1.7, 0.0, 1.2, 0.0, 0.0, 1.8, 1.9, 0.0, 0.0, 0.0, 0.0, 1.4]
Indi 32: Fitness: 51.01212121212122Genotype: [1.2, 1.9, 1.1, 0.0, 1.0, 0.0, 1.3, 0.0, 0.0, 1.0, 0.0, 1.0, 1.7, 0.0, 0.0, 1.2, 0.0, 0.0, 0.0, 1.7, 0.0, 0.0, 1.2, 1.7, 0.0, 0.0, 0.0, 1.1, 1.8, 1.8, 0.0, 0.0, 0.0, 0.0, 1.4]
Indi 33: Fitness: 51.01212121212122Genotype: [0.0, 1.1, 0.0, 1.9, 1.1, 1.3, 0.0, 0.0, 1.2, 1.7, 1.9, 1.9, 0.0, 2.0, 0.0, 1.2, 1.5, 0.0, 1.2, 2.0, 1.1, 1.5, 1.9, 1.4, 0.0, 1.6, 1.6, 0.0, 0.0, 0.0, 0.0, 0.0, 0.0, 0.0, 1.6]
Indi 34: Fitness: 51.11212121212122Genotype: [0.0, 1.3, 0.0, 0.0, 1.7, 0.0, 1.4, 0.0, 1.7, 0.0, 2.0, 0.0, 0.0, 1.2, 0.0, 1.2, 1.3, 2.0, 1.5, 1.1, 1.2, 1.8, 0.0, 0.0, 0.0, 1.1, 1.2, 0.0, 0.0, 1.3, 0.0, 0.0, 0.0, 1.9, 0.0]
Indi 35: Fitness: 51.612121212121224Genotype: [1.2, 1.8, 0.0, 1.0, 1.1, 1.3, 1.4, 0.0, 0.0, 1.7, 1.9, 1.2, 0.0, 2.0, 0.0, 1.2, 0.0, 0.0, 0.0, 2.0, 0.0, 1.7, 0.0, 1.4, 0.0, 1.8, 1.6, 0.0, 1.8, 1.3, 0.0, 0.0, 0.0, 0.0, 0.0]
Indi 36: Fitness: 51.712121212121225Genotype: [0.0, 1.3, 0.0, 0.0, 0.0, 0.0, 0.0, 1.0, 0.0, 1.5, 0.0, 0.0, 0.0, 1.4, 1.6, 1.9, 0.0, 0.0, 0.0, 0.0, 0.0, 1.9, 0.0, 0.0, 1.2, 1.9, 0.0, 0.0, 1.1, 0.0, 0.0, 1.1, 0.0, 0.0, 1.8]
Indi 37: Fitness: 52.01212121212122Genotype: [0.0, 1.5, 1.1, 1.0, 1.1, 1.3, 1.4, 0.0, 0.0, 1.7, 1.9, 1.2, 0.0, 2.0, 0.0, 1.2, 0.0, 0.0, 0.0, 2.0, 0.0, 1.7, 0.0, 1.4, 0.0, 1.8, 1.6, 0.0, 1.8, 1.3, 0.0, 0.0, 0.0, 0.0, 0.0]
Indi 38: Fitness: 52.11212121212122Genotype: [0.0, 0.0, 1.1, 0.0, 1.1, 1.3, 1.5, 0.0, 0.0, 1.4, 1.9, 1.0, 0.0, 2.0, 0.0, 1.2, 0.0, 0.0, 0.0, 0.0, 0.0, 1.7, 0.0, 1.4, 0.0, 1.8, 1.4, 0.0, 1.8, 1.3, 0.0, 0.0, 0.0, 0.0, 0.0]
Indi 39: Fitness: 52.51212121212122Genotype: [0.0, 1.3, 0.0, 1.0, 1.1, 1.3, 1.4, 0.0, 0.0, 1.7, 1.9, 1.2, 0.0, 2.0, 0.0, 1.2, 0.0, 0.0, 0.0, 2.0, 0.0, 1.7, 0.0, 1.4, 0.0, 1.8, 1.6, 0.0, 1.8, 1.3, 0.0, 0.0, 0.0, 0.0, 0.0]
Indi 40: Fitness: 53.61212121212122Genotype: [0.0, 1.3, 0.0, 1.9, 1.1, 1.3, 0.0, 0.0, 1.2, 1.7, 1.9, 1.9, 0.0, 2.0, 0.0, 1.2, 1.5, 0.0, 1.2, 2.0, 1.1, 1.5, 1.9, 1.4, 0.0, 1.6, 1.6, 0.0, 0.0, 0.0, 0.0, 0.0, 0.0, 0.0, 1.6]
Indi 41: Fitness: 53.81212121212122Genotype: [0.0, 1.1, 0.0, 1.9, 1.1, 1.3, 0.0, 0.0, 1.2, 1.7, 1.9, 1.2, 0.0, 2.0, 0.0, 1.2, 0.0, 0.0, 0.0, 2.0, 1.4, 1.7, 0.0, 1.4, 0.0, 1.9, 1.6, 0.0, 0.0, 0.0, 0.0, 0.0, 0.0, 0.0, 1.6]
Indi 42: Fitness: 53.912121212121214Genotype: [1.8, 0.0, 0.0, 1.0, 1.7, 0.0, 1.4, 1.7, 1.7, 0.0, 0.0, 0.0, 1.3, 1.2, 0.0, 1.2, 0.0, 2.0, 1.5, 0.0, 1.6, 1.8, 0.0, 0.0, 0.0, 0.0, 1.2, 0.0, 0.0, 1.3, 0.0, 0.0, 0.0, 1.9, 0.0]
Indi 43: Fitness: 54.11212121212122Genotype: [0.0, 1.1, 0.0, 1.0, 1.1, 1.3, 1.4, 0.0, 0.0, 1.7, 1.9, 1.2, 0.0, 2.0, 0.0, 1.2, 0.0, 0.0, 0.0, 2.0, 0.0, 1.7, 0.0, 1.4, 0.0, 1.8, 1.6, 0.0, 1.8, 1.3, 0.0, 0.0, 0.0, 0.0, 0.0]
Indi 44: Fitness: 54.112121212121224Genotype: [1.2, 1.8, 1.1, 0.0, 1.0, 0.0, 0.0, 0.0, 0.0, 1.0, 0.0, 1.0, 1.7, 0.0, 0.0, 1.2, 0.0, 0.0, 0.0, 0.0, 0.0, 0.0, 1.2, 1.7, 0.0, 0.0, 0.0, 0.0, 1.8, 1.8, 0.0, 0.0, 0.0, 0.0, 1.4]
Indi 45: Fitness: 54.21212121212122Genotype: [1.2, 1.8, 1.1, 0.0, 1.0, 0.0, 0.0, 0.0, 0.0, 1.0, 1.4, 1.0, 1.7, 0.0, 0.0, 1.2, 0.0, 0.0, 0.0, 0.0, 0.0, 1.1, 1.2, 1.7, 0.0, 0.0, 0.0, 0.0, 1.8, 1.9, 0.0, 0.0, 0.0, 0.0, 1.4]
Indi 46: Fitness: 54.212121212121225Genotype: [0.0, 1.3, 0.0, 0.0, 0.0, 0.0, 0.0, 1.0, 0.0, 1.5, 0.0, 0.0, 0.0, 1.4, 1.6, 1.9, 1.7, 0.0, 0.0, 1.9, 0.0, 1.9, 0.0, 0.0, 0.0, 1.9, 0.0, 0.0, 1.1, 0.0, 0.0, 1.1, 0.0, 0.0, 0.0]
Indi 47: Fitness: 54.61212121212122Genotype: [0.0, 1.3, 0.0, 1.0, 1.7, 0.0, 1.4, 0.0, 1.7, 0.0, 0.0, 0.0, 0.0, 1.2, 0.0, 1.2, 0.0, 2.0, 1.5, 0.0, 1.2, 1.8, 0.0, 0.0, 0.0, 0.0, 1.2, 0.0, 0.0, 1.3, 0.0, 0.0, 0.0, 1.9, 0.0]
Indi 48: Fitness: 54.61212121212122Genotype: [0.0, 1.5, 1.1, 0.0, 1.1, 1.3, 1.4, 0.0, 0.0, 1.7, 1.9, 1.2, 0.0, 2.0, 0.0, 1.2, 0.0, 0.0, 0.0, 2.0, 0.0, 1.7, 0.0, 1.4, 0.0, 1.8, 1.4, 0.0, 1.8, 1.3, 0.0, 0.0, 0.0, 0.0, 1.3]
Indi 49: Fitness: 55.61212121212122Genotype: [1.7, 1.8, 1.1, 0.0, 1.0, 0.0, 0.0, 0.0, 0.0, 1.0, 0.0, 1.0, 0.0, 0.0, 1.3, 1.2, 0.0, 0.0, 0.0, 0.0, 0.0, 1.1, 1.2, 1.7, 0.0, 2.0, 0.0, 0.0, 1.8, 1.9, 0.0, 0.0, 0.0, 0.0, 1.4]
