INICIO: Sun Jan 28 22:05:22 BRST 2018
INDIVIDUALS OF LAST GENERATION: 90
Indi 0: Fitness: -12.087878787878779Genotype: [1.7, 1.8, 0.0, 1.0, 1.7, 0.0, 1.4, 0.0, 1.7, 0.0, 0.0, 0.0, 0.0, 1.2, 0.0, 1.2, 0.0, 2.0, 1.5, 0.0, 1.2, 1.8, 0.0, 0.0, 0.0, 0.0, 1.2, 0.0, 0.0, 1.3, 0.0, 0.0, 0.0, 1.9, 0.0]
Indi 1: Fitness: -8.139393939393937Genotype: [0.0, 1.3, 0.0, 0.0, 1.2, 0.0, 1.9, 0.0, 0.0, 2.0, 0.0, 1.5, 1.7, 0.0, 0.0, 1.8, 0.0, 0.0, 0.0, 0.0, 0.0, 0.0, 1.2, 0.0, 0.0, 0.0, 0.0, 0.0, 1.8, 1.8, 1.8, 0.0, 1.5, 0.0, 1.2]
Indi 2: Fitness: 13.812121212121212Genotype: [1.5, 1.3, 0.0, 0.0, 0.0, 0.0, 0.0, 1.0, 0.0, 1.5, 0.0, 0.0, 0.0, 1.4, 1.6, 1.9, 1.7, 0.0, 0.0, 1.9, 0.0, 1.9, 0.0, 0.0, 0.0, 1.9, 0.0, 0.0, 1.1, 0.0, 1.5, 1.1, 0.0, 0.0, 0.0]
Indi 3: Fitness: 35.260606060606065Genotype: [0.0, 1.3, 0.0, 1.0, 1.7, 0.0, 1.4, 0.0, 1.5, 0.0, 0.0, 0.0, 0.0, 1.2, 0.0, 1.7, 0.0, 2.0, 1.5, 0.0, 1.2, 1.8, 1.7, 1.5, 0.0, 0.0, 1.2, 1.1, 0.0, 0.0, 0.0, 0.0, 1.0, 1.9, 0.0]
Indi 4: Fitness: 35.66060606060606Genotype: [0.0, 1.1, 0.0, 1.5, 0.0, 0.0, 0.0, 1.7, 1.7, 0.0, 0.0, 0.0, 0.0, 1.9, 0.0, 1.2, 0.0, 2.0, 1.5, 0.0, 1.6, 1.8, 0.0, 1.7, 0.0, 0.0, 1.2, 0.0, 1.9, 1.4, 0.0, 0.0, 0.0, 1.9, 1.9]
Indi 5: Fitness: 36.86060606060607Genotype: [1.2, 0.0, 1.1, 0.0, 1.0, 0.0, 0.0, 0.0, 0.0, 2.0, 0.0, 1.5, 1.7, 0.0, 2.0, 1.3, 0.0, 0.0, 0.0, 0.0, 0.0, 0.0, 1.2, 2.0, 1.4, 1.9, 0.0, 0.0, 1.8, 1.8, 0.0, 1.6, 0.0, 0.0, 1.4]
Indi 6: Fitness: 37.260606060606065Genotype: [0.0, 1.5, 1.4, 0.0, 1.1, 1.3, 0.0, 1.1, 0.0, 0.0, 1.7, 1.2, 0.0, 2.0, 0.0, 1.2, 1.2, 0.0, 0.0, 2.0, 0.0, 1.7, 0.0, 1.4, 0.0, 1.8, 1.4, 0.0, 1.8, 1.3, 0.0, 1.4, 0.0, 0.0, 1.3]
Indi 7: Fitness: 38.66060606060606Genotype: [1.7, 1.8, 1.1, 0.0, 1.0, 0.0, 0.0, 0.0, 0.0, 1.0, 0.0, 1.0, 1.8, 0.0, 1.3, 1.2, 0.0, 0.0, 0.0, 0.0, 0.0, 1.1, 1.6, 1.7, 0.0, 2.0, 0.0, 0.0, 1.8, 1.4, 1.6, 0.0, 0.0, 0.0, 1.4]
Indi 8: Fitness: 45.112121212121224Genotype: [0.0, 1.5, 1.1, 0.0, 1.1, 0.0, 1.4, 0.0, 0.0, 1.7, 1.9, 1.2, 0.0, 0.0, 0.0, 1.2, 0.0, 0.0, 0.0, 2.0, 0.0, 1.7, 1.7, 1.4, 0.0, 1.8, 1.4, 0.0, 0.0, 1.3, 0.0, 0.0, 0.0, 0.0, 1.3]
Indi 9: Fitness: 45.31212121212122Genotype: [1.2, 1.5, 1.1, 0.0, 1.0, 0.0, 0.0, 0.0, 0.0, 1.5, 0.0, 1.5, 0.0, 1.1, 0.0, 0.0, 0.0, 0.0, 0.0, 0.0, 0.0, 0.0, 1.2, 1.7, 0.0, 0.0, 0.0, 0.0, 1.8, 1.8, 0.0, 0.0, 0.0, 0.0, 1.5]
Indi 10: Fitness: 46.04848484848486Genotype: [1.9, 1.1, 0.0, 1.0, 1.7, 0.0, 0.0, 0.0, 1.7, 0.0, 0.0, 1.3, 0.0, 1.9, 1.5, 1.2, 0.0, 2.0, 1.5, 1.0, 1.6, 1.8, 1.8, 1.7, 0.0, 0.0, 1.2, 0.0, 1.9, 1.4, 0.0, 0.0, 0.0, 1.9, 0.0]
Indi 11: Fitness: 46.21212121212122Genotype: [0.0, 1.3, 0.0, 1.0, 1.7, 0.0, 1.4, 0.0, 1.7, 0.0, 0.0, 0.0, 0.0, 1.2, 0.0, 1.2, 0.0, 2.0, 1.5, 1.5, 1.2, 1.8, 0.0, 0.0, 0.0, 1.6, 1.5, 0.0, 0.0, 1.3, 0.0, 0.0, 0.0, 1.9, 0.0]
Indi 12: Fitness: 46.41212121212122Genotype: [0.0, 1.1, 0.0, 1.0, 1.7, 0.0, 0.0, 1.7, 1.7, 2.0, 0.0, 0.0, 0.0, 1.2, 0.0, 1.2, 0.0, 2.0, 1.5, 0.0, 1.6, 0.0, 0.0, 1.7, 0.0, 0.0, 1.2, 0.0, 1.9, 1.4, 0.0, 0.0, 0.0, 1.6, 0.0]
Indi 13: Fitness: 46.42121212121212Genotype: [1.7, 1.7, 1.1, 0.0, 1.0, 0.0, 1.9, 0.0, 0.0, 1.4, 0.0, 1.4, 0.0, 0.0, 1.3, 1.2, 0.0, 0.0, 0.0, 0.0, 0.0, 1.1, 1.2, 1.7, 0.0, 2.0, 0.0, 0.0, 1.8, 1.9, 0.0, 1.3, 0.0, 0.0, 1.4]
Indi 14: Fitness: 46.512121212121215Genotype: [0.0, 1.3, 1.1, 0.0, 1.1, 1.3, 1.4, 0.0, 0.0, 1.7, 1.9, 1.2, 0.0, 2.0, 0.0, 1.2, 0.0, 0.0, 0.0, 2.0, 0.0, 1.7, 0.0, 1.4, 0.0, 1.8, 1.4, 0.0, 1.8, 1.3, 0.0, 0.0, 0.0, 0.0, 1.3]
Indi 15: Fitness: 47.012121212121215Genotype: [0.0, 1.3, 1.7, 0.0, 0.0, 0.0, 0.0, 1.0, 1.3, 1.5, 0.0, 0.0, 0.0, 1.4, 1.6, 0.0, 1.7, 0.0, 0.0, 1.9, 0.0, 1.4, 0.0, 0.0, 0.0, 1.9, 0.0, 0.0, 1.1, 0.0, 0.0, 1.1, 0.0, 0.0, 0.0]
Indi 16: Fitness: 47.21212121212122Genotype: [1.2, 0.0, 1.1, 0.0, 1.5, 1.2, 0.0, 0.0, 0.0, 2.0, 1.4, 1.5, 1.3, 0.0, 2.0, 1.3, 0.0, 1.1, 0.0, 0.0, 0.0, 0.0, 1.2, 1.7, 0.0, 1.9, 0.0, 0.0, 1.8, 1.8, 0.0, 0.0, 0.0, 0.0, 1.4]
Indi 17: Fitness: 47.51212121212122Genotype: [0.0, 1.3, 0.0, 1.0, 1.7, 0.0, 1.4, 0.0, 1.7, 0.0, 0.0, 0.0, 0.0, 1.2, 0.0, 1.2, 0.0, 2.0, 1.5, 0.0, 1.2, 1.8, 0.0, 0.0, 0.0, 0.0, 1.2, 0.0, 0.0, 1.3, 0.0, 0.0, 0.0, 1.9, 0.0]
Indi 18: Fitness: 47.612121212121224Genotype: [0.0, 1.3, 0.0, 0.0, 1.0, 0.0, 0.0, 0.0, 0.0, 2.0, 0.0, 1.5, 1.7, 0.0, 0.0, 0.0, 0.0, 0.0, 0.0, 0.0, 0.0, 0.0, 1.2, 1.7, 0.0, 0.0, 0.0, 0.0, 1.8, 1.8, 0.0, 0.0, 0.0, 0.0, 1.4]
Indi 19: Fitness: 47.91212121212122Genotype: [0.0, 1.3, 1.1, 0.0, 1.0, 0.0, 0.0, 0.0, 0.0, 2.0, 0.0, 1.5, 1.7, 0.0, 2.0, 1.3, 0.0, 0.0, 0.0, 0.0, 0.0, 0.0, 1.2, 1.7, 0.0, 1.9, 0.0, 0.0, 1.8, 1.8, 0.0, 0.0, 0.0, 0.0, 1.4]
Indi 20: Fitness: 48.11212121212122Genotype: [0.0, 1.3, 0.0, 1.9, 0.0, 0.0, 0.0, 1.0, 1.9, 1.5, 0.0, 1.5, 0.0, 1.5, 0.0, 1.9, 1.5, 0.0, 0.0, 1.9, 0.0, 1.9, 0.0, 0.0, 0.0, 0.0, 0.0, 0.0, 1.1, 0.0, 0.0, 1.1, 0.0, 0.0, 1.0]
Indi 21: Fitness: 48.21212121212122Genotype: [0.0, 1.3, 0.0, 1.0, 1.7, 1.4, 1.4, 0.0, 1.7, 0.0, 1.7, 0.0, 0.0, 1.5, 0.0, 1.2, 0.0, 2.0, 1.5, 0.0, 1.2, 1.8, 0.0, 0.0, 0.0, 0.0, 1.2, 0.0, 0.0, 1.3, 0.0, 0.0, 0.0, 1.9, 0.0]
Indi 22: Fitness: 48.51212121212122Genotype: [0.0, 1.3, 0.0, 1.0, 1.4, 0.0, 0.0, 0.0, 1.7, 0.0, 0.0, 0.0, 0.0, 1.2, 0.0, 1.2, 0.0, 2.0, 1.5, 0.0, 1.2, 1.8, 0.0, 0.0, 0.0, 0.0, 1.2, 1.2, 0.0, 1.3, 0.0, 0.0, 0.0, 1.9, 0.0]
Indi 23: Fitness: 49.51212121212122Genotype: [0.0, 0.0, 0.0, 0.0, 1.2, 0.0, 0.0, 0.0, 0.0, 2.0, 1.1, 1.5, 1.7, 2.0, 0.0, 0.0, 0.0, 0.0, 0.0, 0.0, 0.0, 0.0, 1.2, 1.7, 0.0, 0.0, 0.0, 0.0, 1.8, 1.8, 0.0, 0.0, 0.0, 0.0, 1.4]
Indi 24: Fitness: 50.01212121212122Genotype: [0.0, 1.3, 0.0, 1.0, 1.7, 0.0, 1.4, 0.0, 1.7, 1.7, 0.0, 0.0, 0.0, 1.2, 0.0, 1.2, 0.0, 1.2, 1.5, 0.0, 1.7, 1.8, 0.0, 0.0, 0.0, 0.0, 1.2, 0.0, 0.0, 1.3, 0.0, 0.0, 0.0, 1.9, 0.0]
Indi 25: Fitness: 50.11212121212122Genotype: [0.0, 1.3, 0.0, 1.0, 1.7, 0.0, 1.4, 0.0, 1.7, 1.1, 1.3, 0.0, 0.0, 1.2, 0.0, 1.2, 0.0, 1.1, 1.5, 0.0, 1.2, 1.8, 0.0, 0.0, 0.0, 0.0, 1.2, 0.0, 0.0, 1.3, 0.0, 0.0, 0.0, 1.9, 0.0]
Indi 26: Fitness: 50.112121212121224Genotype: [1.2, 1.8, 1.1, 0.0, 1.1, 1.3, 1.4, 0.0, 0.0, 1.7, 1.9, 1.2, 0.0, 2.0, 0.0, 1.2, 0.0, 0.0, 0.0, 2.0, 0.0, 1.7, 0.0, 1.4, 0.0, 1.8, 1.4, 0.0, 1.8, 1.3, 0.0, 0.0, 0.0, 0.0, 1.3]
Indi 27: Fitness: 50.21212121212122Genotype: [0.0, 1.3, 0.0, 0.0, 1.4, 0.0, 0.0, 0.0, 0.0, 1.5, 0.0, 0.0, 0.0, 1.5, 1.9, 1.9, 1.5, 0.0, 0.0, 1.6, 1.4, 1.9, 0.0, 0.0, 0.0, 1.5, 0.0, 0.0, 1.1, 0.0, 0.0, 1.1, 0.0, 0.0, 0.0]
Indi 28: Fitness: 50.61212121212122Genotype: [0.0, 1.5, 1.1, 0.0, 1.0, 0.0, 0.0, 0.0, 0.0, 2.0, 0.0, 1.5, 1.7, 0.0, 0.0, 0.0, 0.0, 0.0, 0.0, 0.0, 0.0, 0.0, 1.2, 1.7, 0.0, 0.0, 0.0, 0.0, 1.8, 1.8, 0.0, 0.0, 0.0, 0.0, 1.4]
Indi 29: Fitness: 50.612121212121224Genotype: [1.2, 1.9, 1.1, 0.0, 1.1, 0.0, 0.0, 0.0, 0.0, 1.3, 0.0, 1.5, 0.0, 0.0, 0.0, 0.0, 0.0, 0.0, 0.0, 0.0, 0.0, 0.0, 1.2, 1.7, 0.0, 0.0, 0.0, 0.0, 1.8, 1.8, 0.0, 0.0, 0.0, 0.0, 1.4]
Indi 30: Fitness: 50.71212121212122Genotype: [0.0, 1.3, 0.0, 1.0, 1.7, 0.0, 1.4, 0.0, 1.7, 0.0, 0.0, 0.0, 0.0, 1.2, 0.0, 1.2, 0.0, 2.0, 1.5, 0.0, 1.2, 1.8, 0.0, 0.0, 0.0, 0.0, 1.2, 0.0, 0.0, 1.3, 0.0, 0.0, 0.0, 1.9, 0.0]
Indi 31: Fitness: 51.112121212121224Genotype: [0.0, 1.8, 1.1, 0.0, 1.0, 0.0, 0.0, 1.6, 0.0, 2.0, 0.0, 1.5, 1.7, 0.0, 0.0, 0.0, 0.0, 0.0, 0.0, 0.0, 0.0, 0.0, 1.2, 1.8, 0.0, 0.0, 0.0, 0.0, 1.8, 0.0, 0.0, 0.0, 0.0, 0.0, 1.4]
Indi 32: Fitness: 51.112121212121224Genotype: [0.0, 1.3, 0.0, 0.0, 0.0, 0.0, 0.0, 1.0, 0.0, 1.5, 0.0, 0.0, 0.0, 1.4, 0.0, 1.9, 1.7, 0.0, 0.0, 1.9, 0.0, 1.9, 0.0, 0.0, 0.0, 1.9, 0.0, 0.0, 2.0, 0.0, 0.0, 1.1, 0.0, 0.0, 0.0]
Indi 33: Fitness: 51.21212121212122Genotype: [0.0, 1.5, 1.1, 0.0, 1.1, 0.0, 1.4, 0.0, 0.0, 1.7, 1.9, 1.2, 0.0, 0.0, 0.0, 1.2, 0.0, 0.0, 0.0, 2.0, 0.0, 1.7, 0.0, 1.4, 0.0, 1.8, 1.4, 0.0, 1.8, 1.3, 0.0, 0.0, 0.0, 0.0, 0.0]
Indi 34: Fitness: 51.612121212121224Genotype: [0.0, 0.0, 0.0, 0.0, 1.0, 0.0, 0.0, 0.0, 0.0, 2.0, 1.1, 1.6, 1.7, 0.0, 1.8, 0.0, 0.0, 0.0, 0.0, 1.4, 0.0, 0.0, 1.2, 1.7, 0.0, 0.0, 0.0, 0.0, 1.8, 1.8, 0.0, 0.0, 0.0, 0.0, 1.4]
Indi 35: Fitness: 51.91212121212122Genotype: [1.7, 1.8, 1.1, 0.0, 1.0, 1.2, 0.0, 0.0, 0.0, 1.0, 0.0, 1.0, 0.0, 0.0, 1.9, 1.2, 0.0, 0.0, 0.0, 0.0, 1.6, 1.1, 1.2, 1.7, 0.0, 2.0, 0.0, 0.0, 1.8, 1.0, 0.0, 0.0, 0.0, 0.0, 0.0]
Indi 36: Fitness: 51.91212121212122Genotype: [1.2, 0.0, 0.0, 0.0, 0.0, 0.0, 0.0, 1.0, 0.0, 1.5, 0.0, 0.0, 0.0, 1.5, 1.6, 1.9, 1.5, 0.0, 0.0, 1.9, 0.0, 1.9, 0.0, 0.0, 0.0, 1.5, 0.0, 0.0, 1.1, 0.0, 0.0, 1.1, 0.0, 0.0, 0.0]
Indi 37: Fitness: 52.01212121212122Genotype: [0.0, 1.1, 0.0, 0.0, 0.0, 0.0, 0.0, 1.0, 0.0, 1.5, 0.0, 0.0, 0.0, 1.5, 1.6, 1.9, 1.5, 0.0, 0.0, 1.9, 0.0, 1.9, 0.0, 0.0, 0.0, 1.5, 0.0, 0.0, 1.1, 0.0, 0.0, 1.1, 0.0, 0.0, 0.0]
Indi 38: Fitness: 52.01212121212123Genotype: [1.2, 0.0, 0.0, 0.0, 1.0, 0.0, 0.0, 0.0, 0.0, 2.0, 0.0, 0.0, 1.7, 0.0, 2.0, 1.3, 1.1, 0.0, 0.0, 0.0, 0.0, 0.0, 1.2, 1.7, 1.4, 1.9, 0.0, 0.0, 1.8, 1.8, 0.0, 0.0, 0.0, 0.0, 1.4]
Indi 39: Fitness: 52.11212121212122Genotype: [0.0, 1.3, 0.0, 1.7, 1.4, 0.0, 0.0, 1.0, 0.0, 1.5, 0.0, 0.0, 0.0, 1.5, 1.6, 1.9, 1.5, 1.3, 0.0, 1.9, 0.0, 1.9, 1.7, 0.0, 0.0, 1.5, 0.0, 0.0, 1.1, 0.0, 0.0, 0.0, 0.0, 0.0, 0.0]
Indi 40: Fitness: 54.212121212121225Genotype: [0.0, 1.3, 0.0, 0.0, 0.0, 0.0, 0.0, 1.0, 0.0, 1.5, 0.0, 0.0, 0.0, 1.4, 1.6, 1.9, 1.7, 0.0, 0.0, 1.9, 0.0, 1.9, 0.0, 0.0, 0.0, 1.9, 0.0, 0.0, 1.1, 0.0, 0.0, 1.1, 0.0, 0.0, 0.0]
Indi 41: Fitness: 54.212121212121225Genotype: [0.0, 1.3, 0.0, 1.0, 1.7, 0.0, 1.4, 0.0, 1.7, 0.0, 0.0, 0.0, 0.0, 1.2, 0.0, 1.2, 0.0, 2.0, 1.5, 0.0, 1.2, 1.8, 0.0, 0.0, 0.0, 0.0, 1.2, 0.0, 0.0, 1.3, 0.0, 0.0, 0.0, 1.9, 0.0]
Indi 42: Fitness: 54.31212121212122Genotype: [1.2, 0.0, 1.1, 0.0, 1.0, 0.0, 0.0, 0.0, 0.0, 2.0, 0.0, 1.5, 1.7, 0.0, 2.0, 1.3, 0.0, 0.0, 0.0, 0.0, 0.0, 0.0, 1.2, 1.7, 0.0, 1.9, 0.0, 0.0, 1.8, 1.8, 0.0, 0.0, 0.0, 0.0, 1.4]
Indi 43: Fitness: 54.412121212121214Genotype: [0.0, 1.3, 0.0, 0.0, 0.0, 0.0, 0.0, 1.0, 0.0, 1.5, 0.0, 0.0, 0.0, 1.5, 1.6, 1.9, 1.5, 0.0, 0.0, 1.9, 0.0, 1.9, 0.0, 0.0, 0.0, 1.5, 0.0, 0.0, 1.1, 0.0, 0.0, 1.1, 0.0, 0.0, 0.0]
Indi 44: Fitness: 54.61212121212122Genotype: [1.2, 1.8, 1.1, 0.0, 1.0, 0.0, 0.0, 0.0, 0.0, 2.0, 0.0, 1.5, 1.7, 0.0, 0.0, 0.0, 0.0, 0.0, 0.0, 0.0, 0.0, 0.0, 1.2, 1.7, 0.0, 0.0, 0.0, 0.0, 1.8, 1.8, 0.0, 0.0, 0.0, 0.0, 1.4]
Indi 45: Fitness: 54.61212121212122Genotype: [0.0, 1.3, 0.0, 1.0, 1.7, 0.0, 1.4, 0.0, 1.7, 0.0, 0.0, 0.0, 0.0, 1.2, 0.0, 1.2, 0.0, 2.0, 1.5, 0.0, 1.2, 1.8, 0.0, 0.0, 0.0, 0.0, 1.2, 0.0, 0.0, 1.3, 0.0, 0.0, 0.0, 1.9, 0.0]
Indi 46: Fitness: 54.61212121212122Genotype: [0.0, 1.5, 1.1, 0.0, 1.1, 1.3, 1.4, 0.0, 0.0, 1.7, 1.9, 1.2, 0.0, 2.0, 0.0, 1.2, 0.0, 0.0, 0.0, 2.0, 0.0, 1.7, 0.0, 1.4, 0.0, 1.8, 1.4, 0.0, 1.8, 1.3, 0.0, 0.0, 0.0, 0.0, 1.3]
Indi 47: Fitness: 54.71212121212122Genotype: [0.0, 1.3, 0.0, 0.0, 1.0, 0.0, 0.0, 0.0, 0.0, 2.0, 0.0, 1.5, 1.7, 0.0, 0.0, 0.0, 0.0, 0.0, 0.0, 0.0, 0.0, 0.0, 1.2, 1.7, 0.0, 0.0, 0.0, 0.0, 1.8, 1.8, 0.0, 0.0, 0.0, 0.0, 1.4]
Indi 48: Fitness: 54.81212121212122Genotype: [0.0, 1.1, 0.0, 1.0, 1.7, 0.0, 0.0, 1.7, 1.7, 0.0, 0.0, 0.0, 0.0, 1.2, 0.0, 1.2, 0.0, 2.0, 1.5, 0.0, 1.6, 1.8, 0.0, 1.7, 0.0, 0.0, 1.2, 0.0, 1.9, 1.4, 0.0, 0.0, 0.0, 1.9, 0.0]
Indi 49: Fitness: 55.61212121212122Genotype: [1.7, 1.8, 1.1, 0.0, 1.0, 0.0, 0.0, 0.0, 0.0, 1.0, 0.0, 1.0, 0.0, 0.0, 1.3, 1.2, 0.0, 0.0, 0.0, 0.0, 0.0, 1.1, 1.2, 1.7, 0.0, 2.0, 0.0, 0.0, 1.8, 1.9, 0.0, 0.0, 0.0, 0.0, 1.4]
