INICIO: Sun Jan 28 20:03:30 BRST 2018
INDIVIDUALS OF LAST GENERATION: 1
Indi 0: Fitness: -17.739393939393935Genotype: [0.0, 0.0, 1.6, 1.8, 1.1, 0.0, 0.0, 0.0, 1.7, 0.0, 1.8, 1.6, 1.2, 1.8, 0.0, 0.0, 0.0, 1.2, 0.0, 0.0, 0.0, 0.0, 1.7, 1.8, 1.3, 1.0, 0.0, 0.0, 0.0, 1.4, 1.9, 0.0, 1.7, 0.0, 0.0]
Indi 1: Fitness: -10.587878787878779Genotype: [0.0, 1.3, 0.0, 0.0, 0.0, 0.0, 0.0, 1.0, 0.0, 1.5, 0.0, 0.0, 0.0, 1.4, 1.6, 1.9, 1.7, 0.0, 0.0, 1.9, 0.0, 1.2, 0.0, 0.0, 0.0, 1.9, 0.0, 0.0, 1.1, 1.6, 0.0, 1.2, 0.0, 0.0, 0.0]
Indi 2: Fitness: 8.31212121212122Genotype: [1.3, 0.0, 1.5, 0.0, 1.9, 1.1, 0.0, 1.5, 0.0, 0.0, 1.1, 2.0, 0.0, 1.3, 1.4, 1.4, 0.0, 0.0, 1.3, 1.2, 0.0, 0.0, 0.0, 1.6, 1.9, 0.0, 0.0, 1.6, 1.5, 1.3, 0.0, 0.0, 0.0, 1.2, 0.0]
Indi 3: Fitness: 9.212121212121218Genotype: [1.9, 0.0, 0.0, 0.0, 1.9, 0.0, 0.0, 1.0, 0.0, 1.5, 0.0, 0.0, 0.0, 1.4, 1.6, 1.9, 1.8, 0.0, 0.0, 1.9, 0.0, 1.2, 0.0, 0.0, 0.0, 1.9, 0.0, 1.9, 1.1, 1.6, 0.0, 1.2, 0.0, 0.0, 0.0]
Indi 4: Fitness: 24.812121212121216Genotype: [0.0, 1.1, 1.9, 1.0, 1.7, 0.0, 1.4, 1.7, 1.7, 0.0, 0.0, 0.0, 1.3, 1.2, 0.0, 1.2, 0.0, 2.0, 1.5, 0.0, 1.6, 1.8, 0.0, 0.0, 0.0, 0.0, 1.2, 0.0, 0.0, 1.3, 0.0, 0.0, 0.0, 1.9, 0.0]
Indi 5: Fitness: 29.81212121212122Genotype: [0.0, 0.0, 0.0, 0.0, 0.0, 0.0, 0.0, 1.0, 0.0, 1.5, 0.0, 0.0, 0.0, 1.4, 1.8, 1.9, 1.7, 0.0, 0.0, 1.9, 0.0, 1.2, 0.0, 0.0, 0.0, 1.9, 0.0, 0.0, 1.6, 1.6, 0.0, 1.2, 0.0, 0.0, 0.0]
Indi 6: Fitness: 33.36060606060607Genotype: [1.7, 1.2, 0.0, 0.0, 1.5, 0.0, 0.0, 0.0, 1.1, 1.2, 0.0, 0.0, 1.1, 1.8, 0.0, 0.0, 1.2, 0.0, 1.1, 0.0, 1.4, 1.3, 1.8, 0.0, 1.4, 1.4, 0.0, 1.9, 2.0, 1.1, 0.0, 1.5, 0.0, 1.3, 0.0]
Indi 7: Fitness: 33.86060606060606Genotype: [1.2, 1.8, 1.1, 0.0, 1.0, 0.0, 1.9, 0.0, 0.0, 1.0, 1.4, 1.0, 1.7, 0.0, 1.2, 1.2, 1.9, 0.0, 0.0, 0.0, 0.0, 1.1, 1.2, 1.7, 0.0, 0.0, 0.0, 0.0, 1.8, 1.9, 0.0, 0.0, 2.0, 0.0, 1.4]
Indi 8: Fitness: 34.86060606060607Genotype: [1.8, 2.0, 0.0, 1.2, 1.7, 0.0, 1.4, 1.7, 1.7, 0.0, 0.0, 0.0, 1.3, 1.2, 0.0, 1.2, 0.0, 0.0, 1.5, 0.0, 1.6, 1.8, 0.0, 0.0, 0.0, 0.0, 1.2, 0.0, 0.0, 1.3, 0.0, 0.0, 1.4, 1.9, 0.0]
Indi 9: Fitness: 35.46060606060606Genotype: [0.0, 1.1, 1.9, 1.9, 0.0, 0.0, 0.0, 0.0, 1.2, 1.7, 1.9, 1.9, 0.0, 2.0, 0.0, 1.6, 1.4, 0.0, 0.0, 2.0, 1.4, 1.7, 1.9, 1.4, 0.0, 2.0, 1.6, 2.0, 0.0, 0.0, 0.0, 1.4, 0.0, 0.0, 1.6]
Indi 10: Fitness: 36.260606060606065Genotype: [1.2, 1.8, 1.1, 0.0, 1.7, 1.2, 0.0, 0.0, 0.0, 1.0, 1.4, 1.0, 1.7, 0.0, 2.0, 1.6, 0.0, 0.0, 0.0, 1.5, 0.0, 1.1, 1.2, 1.7, 0.0, 0.0, 0.0, 0.0, 1.8, 1.9, 0.0, 0.0, 1.7, 0.0, 1.4]
Indi 11: Fitness: 36.36060606060607Genotype: [0.0, 0.0, 1.1, 1.8, 1.1, 0.0, 0.0, 0.0, 1.7, 0.0, 1.8, 1.6, 1.6, 1.8, 0.0, 0.0, 1.3, 1.2, 0.0, 0.0, 0.0, 0.0, 2.0, 0.0, 1.3, 1.0, 0.0, 0.0, 0.0, 1.4, 1.2, 1.2, 0.0, 0.0, 1.4]
Indi 12: Fitness: 37.260606060606065Genotype: [0.0, 1.9, 0.0, 1.1, 1.7, 1.7, 0.0, 1.1, 1.0, 0.0, 1.1, 0.0, 1.9, 0.0, 0.0, 0.0, 1.1, 0.0, 1.1, 0.0, 1.3, 1.7, 0.0, 1.0, 1.5, 1.8, 0.0, 1.8, 2.0, 0.0, 0.0, 0.0, 1.6, 1.1, 0.0]
Indi 13: Fitness: 37.91111111111111Genotype: [1.2, 1.8, 1.6, 1.8, 1.1, 0.0, 0.0, 0.0, 1.7, 0.0, 1.8, 1.6, 1.6, 1.8, 0.0, 0.0, 1.3, 1.2, 0.0, 0.0, 0.0, 0.0, 1.7, 1.8, 1.3, 1.0, 0.0, 0.0, 0.0, 1.4, 1.9, 0.0, 0.0, 0.0, 0.0]
Indi 14: Fitness: 38.46060606060606Genotype: [0.0, 1.2, 0.0, 1.5, 0.0, 1.6, 0.0, 1.4, 0.0, 0.0, 0.0, 0.0, 1.5, 0.0, 0.0, 1.2, 1.4, 1.9, 0.0, 0.0, 0.0, 0.0, 0.0, 0.0, 0.0, 0.0, 1.2, 1.6, 1.4, 0.0, 1.1, 1.1, 1.6, 1.0, 0.0]
Indi 15: Fitness: 39.260606060606065Genotype: [1.1, 0.0, 1.0, 1.1, 1.1, 0.0, 1.4, 0.0, 1.7, 0.0, 0.0, 0.0, 1.3, 1.2, 0.0, 1.2, 0.0, 2.0, 1.5, 0.0, 1.6, 1.8, 0.0, 0.0, 0.0, 0.0, 1.2, 0.0, 0.0, 1.3, 0.0, 1.6, 0.0, 1.9, 0.0]
Indi 16: Fitness: 45.91212121212122Genotype: [0.0, 0.0, 1.6, 1.8, 1.1, 0.0, 0.0, 0.0, 1.7, 0.0, 1.8, 1.6, 1.6, 1.8, 0.0, 0.0, 1.3, 1.2, 0.0, 0.0, 0.0, 0.0, 1.7, 1.8, 1.3, 1.0, 0.0, 0.0, 0.0, 1.4, 1.9, 0.0, 0.0, 0.0, 0.0]
Indi 17: Fitness: 46.172727272727286Genotype: [0.0, 1.9, 0.0, 1.1, 1.7, 1.7, 0.0, 1.3, 0.0, 0.0, 1.8, 0.0, 0.0, 0.0, 0.0, 0.0, 1.1, 0.0, 1.2, 0.0, 0.0, 0.0, 0.0, 1.0, 1.5, 1.8, 0.0, 1.8, 2.0, 0.0, 0.0, 0.0, 1.6, 1.4, 0.0]
Indi 18: Fitness: 46.61212121212121Genotype: [1.7, 0.0, 0.0, 0.0, 1.5, 0.0, 0.0, 0.0, 1.2, 1.2, 0.0, 0.0, 1.1, 1.8, 0.0, 0.0, 1.2, 0.0, 1.1, 0.0, 0.0, 1.3, 0.0, 1.9, 0.0, 1.4, 0.0, 1.9, 2.0, 1.1, 0.0, 0.0, 0.0, 1.3, 0.0]
Indi 19: Fitness: 46.96464646464648Genotype: [0.0, 1.9, 0.0, 1.1, 1.8, 1.8, 0.0, 1.3, 1.0, 0.0, 1.8, 0.0, 0.0, 0.0, 0.0, 0.0, 1.1, 0.0, 0.0, 0.0, 1.7, 1.7, 0.0, 1.0, 1.5, 1.8, 1.1, 1.8, 2.0, 0.0, 0.0, 0.0, 1.6, 1.1, 0.0]
Indi 20: Fitness: 47.21212121212122Genotype: [1.7, 1.2, 1.5, 0.0, 1.9, 1.1, 0.0, 1.5, 0.0, 0.0, 1.1, 2.0, 0.0, 1.3, 1.4, 1.4, 0.0, 0.0, 1.3, 1.2, 0.0, 0.0, 0.0, 1.6, 1.9, 0.0, 0.0, 1.6, 1.5, 1.3, 0.0, 0.0, 0.0, 1.2, 0.0]
Indi 21: Fitness: 47.220202020202024Genotype: [0.0, 1.1, 1.6, 1.8, 1.1, 0.0, 0.0, 0.0, 1.7, 0.0, 1.8, 1.6, 1.6, 1.8, 0.0, 0.0, 1.3, 1.2, 0.0, 0.0, 0.0, 0.0, 1.7, 1.8, 1.3, 1.0, 0.0, 0.0, 0.0, 1.4, 1.9, 0.0, 0.0, 0.0, 0.0]
Indi 22: Fitness: 47.512121212121215Genotype: [0.0, 1.3, 0.0, 1.2, 0.0, 1.6, 0.0, 1.4, 0.0, 0.0, 0.0, 0.0, 1.5, 0.0, 1.8, 1.2, 1.4, 1.9, 0.0, 0.0, 0.0, 0.0, 0.0, 0.0, 0.0, 0.0, 1.2, 1.6, 1.4, 0.0, 1.1, 0.0, 1.6, 0.0, 0.0]
Indi 23: Fitness: 47.91212121212122Genotype: [1.9, 0.0, 0.0, 0.0, 1.3, 0.0, 0.0, 1.0, 0.0, 1.5, 0.0, 1.9, 0.0, 0.0, 1.6, 1.9, 1.8, 0.0, 0.0, 1.9, 1.1, 1.2, 0.0, 0.0, 0.0, 1.9, 1.8, 0.0, 1.1, 1.8, 0.0, 1.2, 0.0, 0.0, 0.0]
Indi 24: Fitness: 48.11212121212122Genotype: [1.3, 1.3, 0.0, 0.0, 0.0, 1.1, 1.3, 0.0, 0.0, 0.0, 0.0, 1.3, 0.0, 0.0, 0.0, 0.0, 0.0, 1.8, 0.0, 1.7, 1.1, 0.0, 0.0, 0.0, 1.5, 0.0, 1.2, 1.6, 1.5, 0.0, 0.0, 0.0, 0.0, 1.3, 0.0]
Indi 25: Fitness: 48.31212121212121Genotype: [1.3, 0.0, 0.0, 0.0, 0.0, 1.1, 0.0, 1.4, 0.0, 0.0, 0.0, 0.0, 0.0, 0.0, 0.0, 1.3, 0.0, 1.4, 0.0, 0.0, 1.1, 0.0, 0.0, 0.0, 1.5, 0.0, 1.2, 1.6, 1.5, 0.0, 0.0, 0.0, 0.0, 0.0, 0.0]
Indi 26: Fitness: 48.31212121212122Genotype: [1.9, 0.0, 1.1, 0.0, 1.0, 0.0, 0.0, 0.0, 0.0, 1.0, 1.4, 1.0, 1.7, 0.0, 0.0, 1.2, 0.0, 0.0, 0.0, 0.0, 0.0, 1.1, 1.2, 1.7, 0.0, 0.0, 0.0, 0.0, 1.8, 1.9, 0.0, 0.0, 0.0, 0.0, 1.4]
Indi 27: Fitness: 48.71212121212122Genotype: [1.3, 0.0, 0.0, 0.0, 0.0, 1.1, 0.0, 0.0, 0.0, 0.0, 0.0, 0.0, 0.0, 0.0, 0.0, 1.3, 0.0, 1.4, 0.0, 1.7, 1.1, 0.0, 0.0, 0.0, 1.5, 0.0, 1.2, 1.6, 1.5, 0.0, 0.0, 0.0, 0.0, 1.3, 0.0]
Indi 28: Fitness: 49.01212121212122Genotype: [1.8, 0.0, 0.0, 1.0, 1.7, 0.0, 1.4, 1.7, 1.5, 0.0, 0.0, 0.0, 1.3, 1.2, 0.0, 1.2, 0.0, 2.0, 1.4, 0.0, 1.6, 1.8, 0.0, 0.0, 0.0, 0.0, 1.2, 0.0, 0.0, 1.3, 0.0, 0.0, 0.0, 1.9, 0.0]
Indi 29: Fitness: 49.22121212121212Genotype: [0.0, 1.9, 0.0, 1.1, 1.7, 1.7, 0.0, 1.3, 1.0, 0.0, 1.8, 0.0, 0.0, 0.0, 0.0, 0.0, 1.1, 0.0, 1.1, 0.0, 1.7, 1.7, 0.0, 1.0, 1.5, 1.8, 0.0, 1.8, 2.0, 0.0, 0.0, 0.0, 1.6, 1.1, 0.0]
Indi 30: Fitness: 49.51212121212122Genotype: [0.0, 0.0, 0.0, 0.0, 0.0, 1.1, 0.0, 0.0, 0.0, 0.0, 0.0, 0.0, 0.0, 0.0, 0.0, 1.3, 0.0, 1.4, 0.0, 1.7, 1.1, 0.0, 0.0, 0.0, 1.5, 0.0, 1.2, 1.6, 1.5, 0.0, 0.0, 0.0, 0.0, 1.3, 0.0]
Indi 31: Fitness: 49.81212121212122Genotype: [0.0, 0.0, 0.0, 0.0, 1.1, 0.0, 1.2, 0.0, 1.7, 0.0, 1.8, 0.0, 1.6, 1.8, 0.0, 0.0, 1.3, 1.2, 0.0, 0.0, 0.0, 0.0, 1.4, 1.8, 1.3, 0.0, 0.0, 0.0, 0.0, 1.4, 1.9, 0.0, 0.0, 0.0, 0.0]
Indi 32: Fitness: 50.11212121212122Genotype: [0.0, 1.3, 0.0, 0.0, 0.0, 1.6, 0.0, 1.4, 0.0, 0.0, 0.0, 0.0, 1.5, 0.0, 1.8, 1.2, 1.4, 1.9, 1.4, 0.0, 0.0, 0.0, 0.0, 0.0, 0.0, 0.0, 0.0, 1.6, 1.4, 1.9, 1.1, 0.0, 1.6, 0.0, 0.0]
Indi 33: Fitness: 50.112121212121224Genotype: [0.0, 0.0, 1.5, 0.0, 1.9, 1.1, 0.0, 1.5, 0.0, 0.0, 1.1, 0.0, 0.0, 1.3, 1.4, 1.4, 0.0, 0.0, 1.5, 1.2, 0.0, 0.0, 1.3, 1.6, 0.0, 0.0, 0.0, 0.0, 1.5, 1.3, 0.0, 0.0, 0.0, 1.2, 0.0]
Indi 34: Fitness: 50.21212121212122Genotype: [0.0, 0.0, 1.5, 0.0, 1.9, 1.1, 0.0, 1.5, 0.0, 0.0, 1.1, 2.0, 0.0, 1.3, 1.4, 1.4, 0.0, 0.0, 1.3, 0.0, 0.0, 0.0, 0.0, 1.6, 1.9, 0.0, 0.0, 1.6, 1.5, 1.3, 0.0, 0.0, 0.0, 1.2, 0.0]
Indi 35: Fitness: 50.21212121212122Genotype: [0.0, 0.0, 0.0, 1.2, 1.5, 1.6, 0.0, 1.4, 0.0, 0.0, 0.0, 0.0, 1.5, 0.0, 1.8, 1.2, 1.4, 1.9, 0.0, 0.0, 0.0, 1.3, 0.0, 1.6, 0.0, 1.7, 1.2, 1.7, 1.4, 0.0, 1.1, 0.0, 1.6, 0.0, 0.0]
Indi 36: Fitness: 50.31212121212123Genotype: [0.0, 1.1, 1.5, 0.0, 1.5, 1.1, 0.0, 1.6, 0.0, 0.0, 1.1, 2.0, 0.0, 1.3, 0.0, 1.4, 0.0, 0.0, 1.3, 1.2, 0.0, 1.1, 0.0, 1.6, 1.5, 0.0, 0.0, 1.6, 1.5, 1.2, 0.0, 0.0, 0.0, 1.2, 0.0]
Indi 37: Fitness: 50.61212121212122Genotype: [1.7, 1.2, 0.0, 0.0, 0.0, 1.2, 0.0, 0.0, 1.2, 1.2, 0.0, 0.0, 1.1, 1.8, 0.0, 0.0, 1.2, 0.0, 1.1, 0.0, 1.8, 1.3, 1.9, 0.0, 1.4, 0.0, 0.0, 1.9, 2.0, 1.1, 0.0, 0.0, 0.0, 1.3, 0.0]
Indi 38: Fitness: 50.61212121212122Genotype: [0.0, 1.9, 0.0, 1.0, 1.7, 0.0, 1.4, 1.7, 1.7, 0.0, 0.0, 0.0, 1.3, 1.2, 0.0, 1.2, 0.0, 2.0, 1.5, 0.0, 1.6, 1.8, 0.0, 0.0, 0.0, 0.0, 1.2, 0.0, 0.0, 1.3, 0.0, 0.0, 0.0, 1.9, 0.0]
Indi 39: Fitness: 50.81212121212121Genotype: [0.0, 1.1, 1.9, 1.9, 1.1, 1.3, 0.0, 0.0, 1.2, 1.7, 1.9, 1.9, 0.0, 2.0, 0.0, 1.6, 1.4, 0.0, 1.2, 2.0, 1.4, 1.7, 1.9, 1.4, 0.0, 0.0, 1.6, 0.0, 0.0, 0.0, 0.0, 0.0, 0.0, 0.0, 1.6]
Indi 40: Fitness: 50.81212121212123Genotype: [1.2, 0.0, 1.3, 0.0, 1.0, 0.0, 0.0, 0.0, 0.0, 1.0, 0.0, 1.0, 1.7, 0.0, 0.0, 1.2, 0.0, 0.0, 0.0, 0.0, 0.0, 0.0, 1.2, 1.7, 0.0, 0.0, 0.0, 0.0, 1.8, 1.9, 0.0, 0.0, 0.0, 0.0, 1.4]
Indi 41: Fitness: 50.91212121212122Genotype: [1.7, 1.2, 0.0, 0.0, 1.5, 0.0, 0.0, 0.0, 1.2, 1.2, 0.0, 0.0, 1.1, 1.8, 0.0, 0.0, 1.2, 0.0, 1.1, 0.0, 1.4, 1.3, 0.0, 0.0, 1.4, 1.4, 0.0, 1.9, 2.0, 1.1, 0.0, 0.0, 0.0, 1.3, 0.0]
Indi 42: Fitness: 51.212121212121225Genotype: [0.0, 1.1, 1.9, 2.0, 1.1, 1.3, 0.0, 0.0, 1.2, 1.7, 1.9, 1.9, 0.0, 2.0, 0.0, 1.6, 1.4, 0.0, 1.2, 2.0, 1.4, 0.0, 1.9, 1.4, 0.0, 0.0, 1.6, 0.0, 0.0, 0.0, 0.0, 0.0, 0.0, 0.0, 1.6]
Indi 43: Fitness: 51.31212121212122Genotype: [1.3, 0.0, 0.0, 0.0, 0.0, 1.1, 0.0, 0.0, 0.0, 0.0, 2.0, 0.0, 0.0, 0.0, 0.0, 1.3, 0.0, 1.4, 0.0, 1.7, 0.0, 0.0, 0.0, 0.0, 1.5, 0.0, 1.2, 1.6, 1.5, 0.0, 0.0, 0.0, 0.0, 0.0, 1.3]
Indi 44: Fitness: 51.41212121212122Genotype: [0.0, 1.1, 1.5, 0.0, 1.9, 1.1, 0.0, 1.5, 0.0, 0.0, 1.1, 2.0, 0.0, 1.3, 1.4, 1.4, 0.0, 0.0, 1.3, 1.2, 0.0, 0.0, 0.0, 1.6, 1.9, 0.0, 0.0, 1.6, 1.5, 1.3, 0.0, 0.0, 0.0, 1.2, 0.0]
Indi 45: Fitness: 52.21212121212122Genotype: [1.8, 0.0, 0.0, 1.0, 1.7, 0.0, 1.4, 1.7, 1.7, 0.0, 0.0, 0.0, 1.3, 1.2, 0.0, 1.2, 0.0, 2.0, 1.5, 0.0, 1.6, 1.8, 0.0, 0.0, 0.0, 0.0, 1.2, 0.0, 0.0, 1.3, 0.0, 0.0, 0.0, 1.9, 0.0]
Indi 46: Fitness: 52.61212121212122Genotype: [1.9, 0.0, 0.0, 0.0, 0.0, 0.0, 0.0, 1.0, 0.0, 1.5, 0.0, 0.0, 0.0, 1.4, 1.6, 1.9, 1.7, 0.0, 0.0, 1.9, 0.0, 1.2, 0.0, 0.0, 0.0, 1.9, 0.0, 0.0, 1.1, 1.6, 0.0, 1.2, 0.0, 0.0, 0.0]
Indi 47: Fitness: 52.61212121212122Genotype: [0.0, 1.1, 0.0, 1.9, 1.1, 1.3, 0.0, 0.0, 1.2, 1.7, 1.9, 1.9, 0.0, 2.0, 0.0, 1.2, 1.5, 0.0, 1.2, 2.0, 1.4, 1.7, 1.9, 1.4, 0.0, 0.0, 1.6, 0.0, 0.0, 0.0, 0.0, 0.0, 0.0, 0.0, 1.6]
Indi 48: Fitness: 53.912121212121214Genotype: [1.8, 0.0, 0.0, 1.0, 1.7, 0.0, 1.4, 1.7, 1.7, 0.0, 0.0, 0.0, 1.3, 1.2, 0.0, 1.2, 0.0, 2.0, 1.5, 0.0, 1.6, 1.8, 0.0, 0.0, 0.0, 0.0, 1.2, 0.0, 0.0, 1.3, 0.0, 0.0, 0.0, 1.9, 0.0]
Indi 49: Fitness: 54.21212121212122Genotype: [1.2, 1.8, 1.1, 0.0, 1.0, 0.0, 0.0, 0.0, 0.0, 1.0, 1.4, 1.0, 1.7, 0.0, 0.0, 1.2, 0.0, 0.0, 0.0, 0.0, 0.0, 1.1, 1.2, 1.7, 0.0, 0.0, 0.0, 0.0, 1.8, 1.9, 0.0, 0.0, 0.0, 0.0, 1.4]
