INICIO: Sun Jan 28 22:09:11 BRST 2018
INDIVIDUALS OF LAST GENERATION: 93
Indi 0: Fitness: -18.339393939393936Genotype: [0.0, 1.3, 0.0, 1.0, 1.7, 0.0, 1.4, 0.0, 1.7, 0.0, 0.0, 1.6, 0.0, 1.2, 0.0, 1.2, 1.3, 2.0, 1.5, 0.0, 1.2, 1.8, 0.0, 0.0, 0.0, 1.6, 1.2, 0.0, 1.3, 1.3, 0.0, 1.6, 0.0, 1.9, 0.0]
Indi 1: Fitness: -13.887878787878776Genotype: [0.0, 1.3, 0.0, 1.0, 1.7, 0.0, 1.4, 0.0, 1.7, 0.0, 0.0, 0.0, 0.0, 1.2, 0.0, 1.2, 0.0, 2.0, 1.5, 0.0, 1.2, 1.8, 0.0, 0.0, 0.0, 0.0, 1.2, 0.0, 0.0, 1.3, 0.0, 0.0, 0.0, 1.9, 0.0]
Indi 2: Fitness: 12.212121212121215Genotype: [1.2, 1.8, 1.1, 0.0, 1.8, 0.0, 0.0, 0.0, 0.0, 2.0, 0.0, 1.5, 1.1, 0.0, 0.0, 0.0, 0.0, 0.0, 0.0, 0.0, 0.0, 1.3, 1.2, 1.5, 0.0, 0.0, 1.7, 0.0, 1.8, 1.8, 0.0, 0.0, 0.0, 0.0, 1.4]
Indi 3: Fitness: 14.060606060606062Genotype: [0.0, 0.0, 0.0, 1.0, 1.7, 0.0, 1.4, 0.0, 1.7, 0.0, 0.0, 1.7, 0.0, 1.2, 0.0, 1.2, 0.0, 2.0, 1.5, 0.0, 1.6, 1.8, 0.0, 0.0, 0.0, 1.0, 1.8, 0.0, 0.0, 1.3, 0.0, 0.0, 0.0, 1.9, 1.3]
Indi 4: Fitness: 31.21212121212122Genotype: [1.4, 1.3, 0.0, 0.0, 0.0, 1.1, 1.7, 1.9, 0.0, 1.5, 0.0, 0.0, 0.0, 1.8, 1.6, 1.2, 1.5, 0.0, 0.0, 0.0, 1.9, 1.9, 0.0, 0.0, 0.0, 1.5, 0.0, 0.0, 1.1, 0.0, 0.0, 1.1, 0.0, 0.0, 0.0]
Indi 5: Fitness: 31.81212121212122Genotype: [1.8, 0.0, 1.1, 0.0, 1.0, 0.0, 0.0, 0.0, 0.0, 0.0, 0.0, 1.3, 1.7, 0.0, 2.0, 1.3, 0.0, 0.0, 0.0, 0.0, 0.0, 1.6, 1.2, 1.7, 0.0, 1.9, 0.0, 0.0, 1.8, 1.8, 0.0, 0.0, 0.0, 0.0, 1.4]
Indi 6: Fitness: 35.160606060606064Genotype: [1.2, 1.8, 1.1, 0.0, 1.0, 1.3, 0.0, 0.0, 0.0, 0.0, 0.0, 0.0, 1.7, 0.0, 0.0, 0.0, 0.0, 0.0, 0.0, 0.0, 0.0, 0.0, 1.2, 1.7, 0.0, 0.0, 0.0, 0.0, 1.8, 1.8, 0.0, 0.0, 0.0, 2.0, 1.4]
Indi 7: Fitness: 35.46060606060606Genotype: [0.0, 1.3, 0.0, 1.0, 1.7, 0.0, 1.4, 0.0, 1.4, 0.0, 0.0, 0.0, 0.0, 1.2, 0.0, 1.2, 0.0, 2.0, 1.5, 1.1, 1.2, 1.8, 1.2, 0.0, 0.0, 0.0, 1.2, 0.0, 1.0, 1.3, 0.0, 0.0, 1.7, 1.9, 0.0]
Indi 8: Fitness: 36.66060606060607Genotype: [0.0, 1.5, 1.1, 0.0, 0.0, 1.3, 1.4, 0.0, 1.1, 1.7, 1.9, 1.2, 0.0, 2.0, 0.0, 2.0, 0.0, 0.0, 0.0, 2.0, 0.0, 1.7, 0.0, 1.4, 0.0, 1.8, 1.3, 0.0, 1.8, 1.3, 0.0, 1.4, 0.0, 1.0, 1.3]
Indi 9: Fitness: 36.86060606060606Genotype: [0.0, 1.3, 0.0, 1.0, 1.7, 0.0, 1.4, 0.0, 1.7, 0.0, 0.0, 0.0, 0.0, 1.2, 0.0, 1.2, 1.1, 2.0, 1.5, 0.0, 1.2, 1.8, 0.0, 0.0, 1.9, 0.0, 0.0, 0.0, 0.0, 1.3, 0.0, 0.0, 1.9, 1.9, 0.0]
Indi 10: Fitness: 36.96060606060606Genotype: [0.0, 1.3, 0.0, 1.0, 1.7, 0.0, 1.4, 0.0, 1.7, 0.0, 0.0, 0.0, 0.0, 1.2, 0.0, 1.2, 0.0, 2.0, 1.5, 0.0, 1.2, 1.8, 0.0, 1.6, 0.0, 0.0, 1.2, 0.0, 0.0, 1.7, 0.0, 1.1, 0.0, 1.9, 0.0]
Indi 11: Fitness: 39.59191919191919Genotype: [1.0, 1.8, 1.1, 0.0, 1.0, 0.0, 0.0, 0.0, 0.0, 1.0, 0.0, 1.8, 0.0, 0.0, 1.3, 1.2, 0.0, 0.0, 0.0, 0.0, 0.0, 1.1, 1.2, 1.7, 0.0, 2.0, 0.0, 0.0, 1.8, 1.9, 1.2, 0.0, 0.0, 0.0, 1.6]
Indi 12: Fitness: 44.21212121212122Genotype: [0.0, 1.3, 0.0, 0.0, 1.0, 0.0, 0.0, 0.0, 0.0, 2.0, 0.0, 1.5, 1.7, 0.0, 0.0, 0.0, 0.0, 0.0, 0.0, 0.0, 0.0, 0.0, 1.2, 1.7, 0.0, 0.0, 0.0, 0.0, 1.8, 1.8, 0.0, 0.0, 0.0, 0.0, 1.4]
Indi 13: Fitness: 44.70909090909092Genotype: [1.4, 1.3, 1.1, 0.0, 1.0, 0.0, 0.0, 0.0, 0.0, 1.0, 0.0, 1.0, 0.0, 0.0, 1.3, 1.2, 0.0, 0.0, 0.0, 0.0, 0.0, 1.1, 1.2, 1.7, 0.0, 2.0, 0.0, 0.0, 1.8, 1.9, 0.0, 0.0, 0.0, 0.0, 1.4]
Indi 14: Fitness: 46.31212121212123Genotype: [1.2, 0.0, 0.0, 0.0, 0.0, 0.0, 0.0, 1.0, 0.0, 1.5, 0.0, 0.0, 0.0, 1.5, 1.6, 1.9, 1.5, 0.0, 0.0, 1.9, 0.0, 1.9, 0.0, 0.0, 0.0, 1.5, 0.0, 0.0, 1.1, 0.0, 0.0, 1.1, 0.0, 0.0, 0.0]
Indi 15: Fitness: 46.612121212121224Genotype: [0.0, 1.3, 0.0, 0.0, 1.0, 0.0, 0.0, 0.0, 0.0, 2.0, 0.0, 1.5, 1.7, 0.0, 0.0, 0.0, 0.0, 0.0, 0.0, 0.0, 0.0, 0.0, 1.2, 1.7, 0.0, 0.0, 0.0, 0.0, 1.8, 1.8, 0.0, 0.0, 0.0, 0.0, 1.4]
Indi 16: Fitness: 46.81212121212123Genotype: [1.2, 0.0, 1.1, 1.4, 1.0, 0.0, 2.0, 0.0, 0.0, 2.0, 0.0, 1.5, 1.7, 0.0, 2.0, 1.3, 0.0, 0.0, 0.0, 0.0, 0.0, 1.2, 1.2, 1.7, 1.3, 1.9, 0.0, 0.0, 1.8, 1.8, 0.0, 0.0, 0.0, 0.0, 1.4]
Indi 17: Fitness: 47.51212121212122Genotype: [0.0, 1.1, 0.0, 1.0, 1.7, 0.0, 0.0, 1.7, 1.7, 0.0, 0.0, 0.0, 0.0, 1.2, 0.0, 1.2, 0.0, 2.0, 1.5, 0.0, 1.6, 1.8, 0.0, 1.7, 0.0, 0.0, 1.2, 0.0, 1.9, 1.4, 0.0, 0.0, 0.0, 1.9, 0.0]
Indi 18: Fitness: 48.012121212121215Genotype: [1.3, 1.3, 1.5, 1.5, 1.0, 0.0, 0.0, 0.0, 0.0, 2.0, 0.0, 1.5, 1.7, 0.0, 0.0, 0.0, 1.1, 0.0, 0.0, 0.0, 0.0, 0.0, 1.2, 1.7, 0.0, 0.0, 0.0, 0.0, 1.8, 0.0, 0.0, 0.0, 0.0, 0.0, 1.4]
Indi 19: Fitness: 48.11212121212122Genotype: [0.0, 1.1, 1.7, 1.0, 1.7, 0.0, 0.0, 0.0, 1.1, 0.0, 0.0, 1.7, 0.0, 1.2, 0.0, 1.1, 0.0, 2.0, 1.5, 0.0, 1.6, 0.0, 0.0, 1.7, 0.0, 0.0, 1.2, 0.0, 1.9, 1.4, 0.0, 0.0, 0.0, 1.9, 0.0]
Indi 20: Fitness: 48.21212121212122Genotype: [1.7, 1.8, 1.1, 0.0, 1.0, 0.0, 0.0, 0.0, 0.0, 1.0, 0.0, 1.0, 0.0, 0.0, 0.0, 1.2, 0.0, 0.0, 0.0, 1.5, 1.3, 1.1, 1.2, 1.7, 1.1, 2.0, 0.0, 0.0, 1.8, 1.9, 0.0, 0.0, 0.0, 0.0, 1.4]
Indi 21: Fitness: 48.51212121212122Genotype: [1.2, 1.8, 1.1, 0.0, 0.0, 0.0, 0.0, 1.0, 0.0, 1.5, 0.0, 0.0, 0.0, 1.5, 1.6, 1.9, 1.5, 0.0, 0.0, 1.9, 0.0, 1.9, 0.0, 0.0, 0.0, 1.5, 0.0, 0.0, 1.1, 0.0, 0.0, 1.1, 0.0, 0.0, 0.0]
Indi 22: Fitness: 48.61212121212122Genotype: [1.7, 0.0, 1.1, 0.0, 1.0, 0.0, 0.0, 0.0, 0.0, 1.0, 0.0, 1.0, 1.4, 0.0, 1.3, 1.6, 0.0, 0.0, 0.0, 0.0, 0.0, 1.1, 0.0, 1.7, 0.0, 2.0, 0.0, 0.0, 1.8, 1.9, 0.0, 0.0, 0.0, 0.0, 1.4]
Indi 23: Fitness: 49.21212121212122Genotype: [0.0, 0.0, 1.7, 0.0, 0.0, 0.0, 0.0, 1.0, 0.0, 1.5, 0.0, 0.0, 0.0, 1.5, 1.6, 1.9, 1.5, 0.0, 1.5, 0.0, 0.0, 1.9, 1.9, 0.0, 0.0, 0.0, 0.0, 0.0, 1.1, 0.0, 0.0, 1.1, 0.0, 0.0, 0.0]
Indi 24: Fitness: 49.41212121212122Genotype: [1.4, 1.3, 0.0, 0.0, 0.0, 1.1, 0.0, 1.9, 0.0, 0.0, 0.0, 0.0, 0.0, 1.5, 1.6, 1.9, 1.5, 0.0, 0.0, 0.0, 0.0, 1.9, 0.0, 0.0, 0.0, 1.5, 0.0, 0.0, 1.1, 0.0, 0.0, 1.1, 0.0, 0.0, 0.0]
Indi 25: Fitness: 49.41212121212122Genotype: [1.4, 1.3, 0.0, 0.0, 0.0, 1.1, 0.0, 1.3, 0.0, 1.5, 0.0, 0.0, 0.0, 0.0, 1.6, 1.2, 1.7, 0.0, 0.0, 0.0, 0.0, 1.9, 0.0, 0.0, 1.3, 0.0, 0.0, 0.0, 1.1, 0.0, 0.0, 1.1, 0.0, 0.0, 0.0]
Indi 26: Fitness: 49.41212121212122Genotype: [0.0, 1.3, 0.0, 0.0, 1.0, 0.0, 0.0, 0.0, 0.0, 2.0, 0.0, 1.5, 1.7, 0.0, 0.0, 0.0, 0.0, 0.0, 0.0, 0.0, 0.0, 0.0, 0.0, 1.7, 0.0, 0.0, 0.0, 0.0, 1.8, 1.8, 0.0, 0.0, 0.0, 0.0, 1.4]
Indi 27: Fitness: 49.512121212121215Genotype: [0.0, 1.5, 1.1, 0.0, 1.1, 0.0, 1.4, 0.0, 0.0, 0.0, 0.0, 0.0, 0.0, 2.0, 0.0, 1.2, 0.0, 0.0, 0.0, 2.0, 0.0, 1.7, 0.0, 1.4, 0.0, 1.8, 1.4, 0.0, 1.8, 1.3, 0.0, 0.0, 0.0, 0.0, 1.3]
Indi 28: Fitness: 49.512121212121215Genotype: [0.0, 0.0, 1.3, 0.0, 0.0, 0.0, 0.0, 1.6, 0.0, 1.5, 0.0, 0.0, 0.0, 1.5, 1.7, 1.9, 1.5, 0.0, 0.0, 1.9, 0.0, 1.9, 0.0, 0.0, 0.0, 1.5, 1.5, 0.0, 1.1, 0.0, 0.0, 1.1, 0.0, 0.0, 0.0]
Indi 29: Fitness: 49.61212121212122Genotype: [1.2, 0.0, 0.0, 0.0, 1.0, 0.0, 0.0, 0.0, 0.0, 2.0, 1.4, 1.5, 1.7, 1.2, 2.0, 1.3, 0.0, 0.0, 0.0, 0.0, 0.0, 0.0, 1.2, 1.7, 0.0, 0.0, 0.0, 0.0, 1.8, 1.8, 0.0, 0.0, 0.0, 0.0, 1.4]
Indi 30: Fitness: 49.91212121212122Genotype: [0.0, 1.1, 0.0, 1.0, 0.0, 0.0, 0.0, 1.7, 1.7, 0.0, 0.0, 0.0, 0.0, 1.2, 0.0, 1.2, 0.0, 0.0, 1.3, 0.0, 1.6, 1.8, 0.0, 1.7, 0.0, 0.0, 0.0, 0.0, 0.0, 1.4, 0.0, 0.0, 0.0, 1.9, 0.0]
Indi 31: Fitness: 50.21212121212122Genotype: [0.0, 1.3, 0.0, 0.0, 0.0, 1.1, 0.0, 1.9, 0.0, 1.5, 0.0, 0.0, 0.0, 1.5, 1.6, 1.9, 1.5, 0.0, 0.0, 0.0, 0.0, 1.9, 0.0, 0.0, 0.0, 1.5, 0.0, 0.0, 1.1, 0.0, 0.0, 1.1, 0.0, 0.0, 0.0]
Indi 32: Fitness: 50.91212121212122Genotype: [1.7, 1.8, 0.0, 1.0, 1.7, 0.0, 1.4, 0.0, 1.7, 0.0, 0.0, 0.0, 0.0, 1.2, 0.0, 1.2, 0.0, 2.0, 1.5, 0.0, 1.2, 1.8, 0.0, 0.0, 0.0, 0.0, 1.2, 0.0, 0.0, 1.3, 0.0, 0.0, 0.0, 1.9, 0.0]
Indi 33: Fitness: 50.91212121212122Genotype: [0.0, 1.3, 0.0, 1.0, 1.7, 1.3, 1.2, 0.0, 1.7, 0.0, 0.0, 0.0, 0.0, 0.0, 0.0, 1.2, 0.0, 1.0, 1.5, 0.0, 1.2, 1.8, 0.0, 0.0, 0.0, 0.0, 1.2, 0.0, 0.0, 1.5, 0.0, 0.0, 0.0, 1.9, 0.0]
Indi 34: Fitness: 51.21212121212122Genotype: [1.2, 1.3, 0.0, 0.0, 0.0, 0.0, 1.4, 1.8, 0.0, 0.0, 0.0, 0.0, 1.4, 1.5, 1.6, 1.9, 1.5, 0.0, 0.0, 1.9, 0.0, 1.9, 0.0, 1.4, 0.0, 1.5, 0.0, 0.0, 1.1, 0.0, 0.0, 1.1, 0.0, 0.0, 0.0]
Indi 35: Fitness: 52.21212121212122Genotype: [1.2, 1.8, 1.1, 0.0, 0.0, 0.0, 0.0, 0.0, 0.0, 2.0, 0.0, 1.5, 1.7, 0.0, 1.9, 0.0, 1.8, 0.0, 0.0, 0.0, 0.0, 0.0, 1.2, 1.7, 0.0, 0.0, 0.0, 0.0, 1.8, 0.0, 0.0, 0.0, 0.0, 0.0, 1.4]
Indi 36: Fitness: 53.01212121212122Genotype: [0.0, 1.1, 0.0, 1.0, 1.7, 1.7, 0.0, 1.7, 1.7, 0.0, 0.0, 0.0, 0.0, 1.2, 0.0, 1.2, 0.0, 1.5, 1.5, 0.0, 1.6, 1.8, 0.0, 1.7, 0.0, 0.0, 1.2, 0.0, 1.9, 1.4, 0.0, 0.0, 0.0, 1.9, 0.0]
Indi 37: Fitness: 53.01212121212122Genotype: [0.0, 1.5, 1.1, 0.0, 1.1, 1.3, 1.4, 0.0, 0.0, 1.7, 1.9, 1.2, 0.0, 2.0, 0.0, 1.2, 0.0, 0.0, 0.0, 2.0, 0.0, 1.7, 0.0, 1.4, 0.0, 1.8, 1.4, 0.0, 1.8, 1.3, 0.0, 0.0, 0.0, 0.0, 1.3]
Indi 38: Fitness: 53.31212121212122Genotype: [0.0, 1.8, 0.0, 0.0, 1.7, 0.0, 0.0, 0.0, 0.0, 2.0, 1.8, 1.5, 1.7, 0.0, 1.2, 0.0, 1.5, 0.0, 0.0, 0.0, 0.0, 0.0, 1.2, 1.7, 0.0, 0.0, 0.0, 0.0, 1.8, 1.8, 0.0, 0.0, 0.0, 0.0, 1.4]
Indi 39: Fitness: 53.81212121212122Genotype: [0.0, 0.0, 1.1, 0.0, 0.0, 1.3, 1.4, 0.0, 0.0, 1.7, 1.9, 1.2, 0.0, 2.0, 0.0, 1.2, 0.0, 0.0, 1.6, 2.0, 0.0, 1.7, 0.0, 1.4, 0.0, 1.8, 1.4, 0.0, 1.8, 1.3, 0.0, 0.0, 0.0, 0.0, 1.3]
Indi 40: Fitness: 54.212121212121225Genotype: [0.0, 1.3, 0.0, 1.0, 1.7, 0.0, 1.4, 0.0, 1.7, 0.0, 0.0, 0.0, 0.0, 1.2, 0.0, 1.2, 0.0, 2.0, 1.5, 0.0, 1.2, 1.8, 0.0, 0.0, 0.0, 0.0, 1.2, 0.0, 0.0, 1.3, 0.0, 0.0, 0.0, 1.9, 0.0]
Indi 41: Fitness: 54.31212121212122Genotype: [1.2, 0.0, 1.1, 0.0, 1.0, 0.0, 0.0, 0.0, 0.0, 2.0, 0.0, 1.5, 1.7, 0.0, 2.0, 1.3, 0.0, 0.0, 0.0, 0.0, 0.0, 0.0, 1.2, 1.7, 0.0, 1.9, 0.0, 0.0, 1.8, 1.8, 0.0, 0.0, 0.0, 0.0, 1.4]
Indi 42: Fitness: 54.412121212121214Genotype: [0.0, 1.3, 0.0, 0.0, 0.0, 0.0, 0.0, 1.0, 0.0, 1.5, 0.0, 0.0, 0.0, 1.5, 1.6, 1.9, 1.5, 0.0, 0.0, 1.9, 0.0, 1.9, 0.0, 0.0, 0.0, 1.5, 0.0, 0.0, 1.1, 0.0, 0.0, 1.1, 0.0, 0.0, 0.0]
Indi 43: Fitness: 54.61212121212122Genotype: [0.0, 1.5, 1.1, 0.0, 1.1, 1.3, 1.4, 0.0, 0.0, 1.7, 1.9, 1.2, 0.0, 2.0, 0.0, 1.2, 0.0, 0.0, 0.0, 2.0, 0.0, 1.7, 0.0, 1.4, 0.0, 1.8, 1.4, 0.0, 1.8, 1.3, 0.0, 0.0, 0.0, 0.0, 1.3]
Indi 44: Fitness: 54.61212121212122Genotype: [0.0, 1.3, 0.0, 1.0, 1.7, 0.0, 1.4, 0.0, 1.7, 0.0, 0.0, 0.0, 0.0, 1.2, 0.0, 1.2, 0.0, 2.0, 1.5, 0.0, 1.2, 1.8, 0.0, 0.0, 0.0, 0.0, 1.2, 0.0, 0.0, 1.3, 0.0, 0.0, 0.0, 1.9, 0.0]
Indi 45: Fitness: 54.61212121212122Genotype: [1.2, 1.8, 1.1, 0.0, 1.0, 0.0, 0.0, 0.0, 0.0, 2.0, 0.0, 1.5, 1.7, 0.0, 0.0, 0.0, 0.0, 0.0, 0.0, 0.0, 0.0, 0.0, 1.2, 1.7, 0.0, 0.0, 0.0, 0.0, 1.8, 1.8, 0.0, 0.0, 0.0, 0.0, 1.4]
Indi 46: Fitness: 54.71212121212122Genotype: [0.0, 1.3, 0.0, 0.0, 1.0, 0.0, 0.0, 0.0, 0.0, 2.0, 0.0, 1.5, 1.7, 0.0, 0.0, 0.0, 0.0, 0.0, 0.0, 0.0, 0.0, 0.0, 1.2, 1.7, 0.0, 0.0, 0.0, 0.0, 1.8, 1.8, 0.0, 0.0, 0.0, 0.0, 1.4]
Indi 47: Fitness: 54.81212121212122Genotype: [0.0, 1.1, 0.0, 1.0, 1.7, 0.0, 0.0, 1.7, 1.7, 0.0, 0.0, 0.0, 0.0, 1.2, 0.0, 1.2, 0.0, 2.0, 1.5, 0.0, 1.6, 1.8, 0.0, 1.7, 0.0, 0.0, 1.2, 0.0, 1.9, 1.4, 0.0, 0.0, 0.0, 1.9, 0.0]
Indi 48: Fitness: 55.61212121212122Genotype: [1.7, 1.8, 1.1, 0.0, 1.0, 0.0, 0.0, 0.0, 0.0, 1.0, 0.0, 1.0, 0.0, 0.0, 1.3, 1.2, 0.0, 0.0, 0.0, 0.0, 0.0, 1.1, 1.2, 1.7, 0.0, 2.0, 0.0, 0.0, 1.8, 1.9, 0.0, 0.0, 0.0, 0.0, 1.4]
Indi 49: Fitness: 55.71212121212122Genotype: [1.4, 1.3, 0.0, 0.0, 0.0, 1.1, 0.0, 1.9, 0.0, 1.5, 0.0, 0.0, 0.0, 1.5, 1.6, 1.9, 1.5, 0.0, 0.0, 0.0, 0.0, 1.9, 0.0, 0.0, 0.0, 1.5, 0.0, 0.0, 1.1, 0.0, 0.0, 1.1, 0.0, 0.0, 0.0]
