INICIO: Sun Jan 28 21:00:44 BRST 2018
INDIVIDUALS OF LAST GENERATION: 43
Indi 0: Fitness: -17.53939393939394Genotype: [1.2, 1.8, 1.1, 0.0, 1.0, 0.0, 0.0, 0.0, 1.1, 1.0, 1.4, 1.0, 1.7, 0.0, 1.7, 1.7, 0.0, 0.0, 0.0, 0.0, 0.0, 0.0, 1.6, 1.7, 0.0, 0.0, 0.0, 0.0, 1.8, 1.9, 0.0, 1.7, 0.0, 0.0, 1.4]
Indi 1: Fitness: 6.612121212121217Genotype: [0.0, 1.1, 0.0, 1.0, 1.1, 1.5, 0.0, 0.0, 0.0, 0.0, 1.9, 1.2, 0.0, 2.0, 0.0, 1.2, 0.0, 0.0, 0.0, 2.0, 0.0, 1.7, 0.0, 1.4, 0.0, 1.8, 1.6, 0.0, 1.8, 1.3, 0.0, 0.0, 0.0, 1.1, 0.0]
Indi 2: Fitness: 19.212121212121215Genotype: [0.0, 1.3, 0.0, 0.0, 1.0, 0.0, 0.0, 0.0, 0.0, 1.0, 0.0, 1.0, 1.7, 0.0, 0.0, 1.2, 0.0, 0.0, 0.0, 0.0, 0.0, 0.0, 1.2, 1.7, 0.0, 0.0, 0.0, 0.0, 1.8, 1.8, 0.0, 0.0, 0.0, 0.0, 1.4]
Indi 3: Fitness: 23.41212121212122Genotype: [1.2, 0.0, 1.1, 0.0, 1.8, 0.0, 1.7, 0.0, 0.0, 1.0, 0.0, 1.0, 1.7, 0.0, 0.0, 1.2, 0.0, 0.0, 0.0, 0.0, 0.0, 0.0, 1.2, 1.8, 0.0, 0.0, 0.0, 0.0, 1.8, 1.8, 0.0, 0.0, 2.0, 0.0, 0.0]
Indi 4: Fitness: 24.812121212121223Genotype: [1.7, 1.8, 1.1, 0.0, 1.0, 1.5, 0.0, 0.0, 0.0, 1.0, 0.0, 1.0, 0.0, 0.0, 0.0, 0.0, 0.0, 0.0, 0.0, 0.0, 0.0, 1.1, 1.2, 1.7, 0.0, 2.0, 1.4, 0.0, 1.8, 1.9, 0.0, 0.0, 0.0, 0.0, 0.0]
Indi 5: Fitness: 34.3111111111111Genotype: [0.0, 0.0, 1.1, 0.0, 1.1, 1.3, 1.4, 0.0, 0.0, 1.7, 1.9, 1.2, 0.0, 0.0, 1.1, 1.2, 0.0, 0.0, 0.0, 2.0, 0.0, 1.7, 0.0, 1.4, 0.0, 1.8, 1.4, 0.0, 1.8, 1.3, 0.0, 0.0, 1.0, 0.0, 1.3]
Indi 6: Fitness: 34.86060606060606Genotype: [1.7, 0.0, 1.1, 0.0, 1.0, 0.0, 1.5, 0.0, 0.0, 1.0, 0.0, 1.0, 0.0, 0.0, 1.3, 1.2, 0.0, 0.0, 0.0, 1.4, 0.0, 1.1, 1.6, 1.7, 0.0, 2.0, 1.7, 0.0, 1.8, 0.0, 0.0, 1.8, 0.0, 0.0, 1.4]
Indi 7: Fitness: 35.160606060606064Genotype: [1.8, 0.0, 0.0, 1.0, 0.0, 0.0, 1.4, 0.0, 1.7, 0.0, 0.0, 0.0, 1.3, 1.2, 0.0, 1.2, 0.0, 2.0, 1.5, 0.0, 1.6, 1.8, 0.0, 0.0, 0.0, 0.0, 1.2, 0.0, 0.0, 0.0, 2.0, 0.0, 0.0, 1.9, 0.0]
Indi 8: Fitness: 35.660606060606064Genotype: [0.0, 1.5, 1.1, 0.0, 1.1, 1.3, 1.4, 0.0, 0.0, 1.7, 1.1, 1.2, 0.0, 2.0, 0.0, 1.2, 0.0, 1.9, 1.5, 2.0, 1.5, 1.2, 0.0, 1.4, 0.0, 1.8, 1.4, 0.0, 1.8, 1.3, 0.0, 0.0, 0.0, 1.4, 1.3]
Indi 9: Fitness: 35.660606060606064Genotype: [1.2, 1.8, 1.1, 0.0, 2.0, 0.0, 0.0, 0.0, 0.0, 1.0, 0.0, 1.0, 1.7, 0.0, 0.0, 1.2, 0.0, 0.0, 0.0, 0.0, 0.0, 0.0, 0.0, 0.0, 0.0, 0.0, 0.0, 0.0, 1.8, 1.8, 0.0, 0.0, 1.3, 1.9, 1.4]
Indi 10: Fitness: 35.86060606060607Genotype: [1.8, 0.0, 1.7, 1.0, 1.7, 0.0, 1.4, 1.7, 1.7, 0.0, 0.0, 0.0, 1.3, 1.2, 0.0, 1.2, 0.0, 2.0, 1.2, 0.0, 1.6, 1.9, 0.0, 0.0, 0.0, 0.0, 1.2, 0.0, 0.0, 1.3, 0.0, 2.0, 1.7, 1.3, 0.0]
Indi 11: Fitness: 36.86060606060606Genotype: [1.2, 1.8, 1.1, 0.0, 1.0, 0.0, 0.0, 0.0, 1.9, 1.0, 1.7, 0.0, 1.7, 0.0, 0.0, 1.2, 1.9, 0.0, 0.0, 0.0, 0.0, 1.1, 1.2, 1.7, 0.0, 0.0, 1.9, 0.0, 1.8, 1.9, 0.0, 0.0, 0.0, 1.8, 1.4]
Indi 12: Fitness: 37.260606060606065Genotype: [0.0, 1.1, 0.0, 1.0, 1.7, 0.0, 0.0, 1.7, 0.0, 0.0, 0.0, 0.0, 0.0, 1.2, 0.0, 1.2, 0.0, 2.0, 1.5, 0.0, 1.6, 1.5, 1.7, 1.7, 0.0, 0.0, 1.2, 0.0, 1.9, 1.4, 0.0, 1.2, 0.0, 1.9, 0.0]
Indi 13: Fitness: 37.660606060606064Genotype: [0.0, 1.5, 1.1, 0.0, 1.8, 1.3, 1.4, 0.0, 0.0, 1.3, 1.9, 1.2, 0.0, 2.0, 0.0, 1.2, 0.0, 0.0, 0.0, 2.0, 0.0, 1.7, 0.0, 1.4, 0.0, 1.8, 1.4, 1.8, 1.8, 1.3, 1.5, 0.0, 0.0, 0.0, 1.3]
Indi 14: Fitness: 42.11212121212122Genotype: [0.0, 1.5, 1.1, 0.0, 1.0, 0.0, 0.0, 0.0, 0.0, 1.0, 1.4, 1.0, 1.7, 0.0, 0.0, 1.2, 0.0, 0.0, 0.0, 0.0, 0.0, 1.1, 1.2, 1.7, 0.0, 0.0, 0.0, 0.0, 1.8, 1.9, 0.0, 0.0, 0.0, 0.0, 1.4]
Indi 15: Fitness: 46.612121212121224Genotype: [0.0, 1.3, 0.0, 1.0, 1.7, 0.0, 1.4, 0.0, 0.0, 0.0, 0.0, 1.8, 0.0, 1.2, 0.0, 1.2, 0.0, 2.0, 1.5, 0.0, 1.2, 1.6, 0.0, 0.0, 0.0, 0.0, 1.2, 0.0, 0.0, 1.3, 0.0, 0.0, 0.0, 1.9, 0.0]
Indi 16: Fitness: 47.012121212121215Genotype: [0.0, 1.3, 0.0, 1.0, 1.2, 0.0, 1.4, 1.3, 0.0, 0.0, 0.0, 0.0, 0.0, 1.2, 0.0, 1.9, 0.0, 2.0, 1.5, 1.1, 1.2, 1.8, 1.1, 0.0, 0.0, 0.0, 1.8, 0.0, 0.0, 0.0, 0.0, 0.0, 0.0, 1.8, 0.0]
Indi 17: Fitness: 47.21212121212122Genotype: [0.0, 1.3, 0.0, 1.0, 1.7, 1.8, 1.4, 0.0, 1.7, 0.0, 0.0, 0.0, 0.0, 1.2, 0.0, 1.2, 0.0, 0.0, 1.5, 0.0, 1.2, 0.0, 0.0, 1.5, 0.0, 0.0, 1.6, 0.0, 0.0, 0.0, 0.0, 0.0, 0.0, 1.9, 0.0]
Indi 18: Fitness: 48.012121212121215Genotype: [1.8, 1.3, 0.0, 2.0, 1.7, 0.0, 1.4, 1.7, 1.7, 0.0, 0.0, 0.0, 1.3, 1.2, 0.0, 1.2, 0.0, 0.0, 1.5, 0.0, 1.6, 1.8, 0.0, 0.0, 0.0, 0.0, 1.8, 0.0, 0.0, 1.3, 0.0, 0.0, 0.0, 1.9, 0.0]
Indi 19: Fitness: 48.41212121212122Genotype: [0.0, 1.3, 1.1, 0.0, 0.0, 0.0, 0.0, 1.0, 0.0, 0.0, 0.0, 0.0, 0.0, 1.8, 1.6, 0.0, 1.4, 0.0, 0.0, 1.9, 0.0, 1.9, 0.0, 1.6, 0.0, 1.9, 0.0, 0.0, 1.1, 0.0, 0.0, 1.1, 0.0, 0.0, 0.0]
Indi 20: Fitness: 48.61212121212122Genotype: [1.6, 1.1, 0.0, 1.0, 1.7, 0.0, 0.0, 1.4, 1.7, 0.0, 0.0, 0.0, 0.0, 1.2, 0.0, 1.1, 0.0, 2.0, 1.5, 0.0, 0.0, 1.8, 0.0, 1.7, 1.2, 0.0, 1.2, 1.1, 1.4, 1.4, 0.0, 0.0, 0.0, 1.9, 0.0]
Indi 21: Fitness: 48.81212121212122Genotype: [0.0, 1.3, 1.1, 0.0, 1.0, 0.0, 0.0, 0.0, 0.0, 1.0, 0.0, 1.0, 0.0, 0.0, 1.3, 1.2, 0.0, 0.0, 0.0, 0.0, 0.0, 1.1, 1.2, 1.7, 0.0, 2.0, 0.0, 0.0, 1.8, 1.9, 0.0, 0.0, 0.0, 0.0, 1.4]
Indi 22: Fitness: 48.91212121212122Genotype: [1.2, 1.8, 1.1, 0.0, 1.0, 0.0, 0.0, 0.0, 0.0, 1.0, 1.4, 1.0, 1.7, 0.0, 0.0, 1.2, 0.0, 0.0, 0.0, 0.0, 0.0, 1.1, 1.2, 1.7, 0.0, 0.0, 0.0, 0.0, 1.8, 1.9, 0.0, 0.0, 0.0, 0.0, 1.4]
Indi 23: Fitness: 49.31212121212122Genotype: [0.0, 1.3, 0.0, 0.0, 0.0, 0.0, 0.0, 1.7, 0.0, 1.5, 0.0, 0.0, 0.0, 1.4, 1.6, 1.5, 1.7, 0.0, 0.0, 0.0, 0.0, 1.9, 0.0, 0.0, 0.0, 0.0, 0.0, 0.0, 1.1, 0.0, 0.0, 1.1, 0.0, 0.0, 0.0]
Indi 24: Fitness: 49.81212121212122Genotype: [1.7, 1.8, 0.0, 0.0, 1.0, 0.0, 0.0, 0.0, 0.0, 1.0, 0.0, 1.9, 0.0, 1.8, 1.7, 1.2, 0.0, 0.0, 0.0, 0.0, 0.0, 1.3, 1.2, 1.7, 0.0, 2.0, 0.0, 0.0, 1.8, 0.0, 0.0, 0.0, 0.0, 0.0, 1.4]
Indi 25: Fitness: 49.81212121212122Genotype: [1.2, 1.8, 1.1, 0.0, 1.1, 1.3, 1.4, 0.0, 0.0, 1.7, 1.9, 1.2, 0.0, 2.0, 0.0, 1.2, 0.0, 0.0, 0.0, 2.0, 0.0, 1.7, 0.0, 1.4, 0.0, 1.8, 1.4, 0.0, 1.8, 1.3, 0.0, 0.0, 0.0, 0.0, 1.3]
Indi 26: Fitness: 50.012121212121215Genotype: [0.0, 1.3, 0.0, 0.0, 0.0, 0.0, 0.0, 1.0, 0.0, 1.5, 0.0, 0.0, 0.0, 1.4, 1.6, 1.9, 0.0, 0.0, 0.0, 1.8, 0.0, 1.9, 0.0, 0.0, 0.0, 1.0, 0.0, 0.0, 0.0, 0.0, 0.0, 1.1, 0.0, 0.0, 0.0]
Indi 27: Fitness: 50.012121212121215Genotype: [0.0, 1.1, 0.0, 1.0, 1.7, 0.0, 0.0, 1.7, 1.7, 0.0, 0.0, 0.0, 0.0, 1.2, 0.0, 1.2, 0.0, 2.0, 1.5, 0.0, 1.6, 1.8, 0.0, 1.7, 0.0, 0.0, 1.2, 0.0, 1.9, 1.4, 0.0, 0.0, 0.0, 1.9, 0.0]
Indi 28: Fitness: 50.21212121212122Genotype: [0.0, 1.1, 1.1, 0.0, 1.0, 0.0, 0.0, 0.0, 0.0, 1.0, 0.0, 1.0, 0.0, 0.0, 1.3, 1.2, 0.0, 0.0, 0.0, 0.0, 0.0, 1.1, 1.2, 1.7, 0.0, 2.0, 0.0, 0.0, 1.8, 1.9, 0.0, 0.0, 0.0, 0.0, 1.4]
Indi 29: Fitness: 50.61212121212122Genotype: [0.0, 1.3, 0.0, 1.0, 1.7, 1.5, 1.4, 0.0, 1.7, 0.0, 0.0, 0.0, 0.0, 0.0, 1.3, 1.7, 0.0, 2.0, 1.5, 0.0, 1.2, 1.8, 0.0, 0.0, 0.0, 0.0, 1.2, 0.0, 0.0, 1.3, 0.0, 0.0, 0.0, 1.9, 0.0]
Indi 30: Fitness: 50.71212121212122Genotype: [1.1, 1.6, 0.0, 1.0, 1.7, 0.0, 0.0, 1.7, 1.7, 0.0, 0.0, 0.0, 0.0, 1.2, 0.0, 1.2, 0.0, 2.0, 1.3, 0.0, 1.5, 1.8, 0.0, 1.7, 0.0, 1.4, 0.0, 0.0, 1.9, 1.4, 0.0, 0.0, 0.0, 1.9, 0.0]
Indi 31: Fitness: 51.81212121212122Genotype: [0.0, 1.1, 0.0, 1.0, 0.0, 1.3, 1.4, 0.0, 0.0, 1.7, 1.8, 1.2, 0.0, 1.3, 1.6, 1.2, 0.0, 1.8, 0.0, 2.0, 0.0, 1.9, 0.0, 1.4, 0.0, 1.8, 1.6, 0.0, 1.8, 1.3, 0.0, 0.0, 0.0, 0.0, 0.0]
Indi 32: Fitness: 51.81212121212122Genotype: [0.0, 1.3, 0.0, 1.9, 1.2, 0.0, 1.4, 0.0, 1.7, 0.0, 0.0, 0.0, 1.8, 1.2, 0.0, 1.2, 0.0, 2.0, 1.5, 0.0, 1.2, 0.0, 0.0, 0.0, 0.0, 0.0, 1.8, 0.0, 0.0, 0.0, 0.0, 0.0, 0.0, 1.8, 0.0]
Indi 33: Fitness: 51.91212121212122Genotype: [1.2, 1.8, 1.1, 0.0, 1.0, 0.0, 0.0, 0.0, 0.0, 1.0, 1.4, 1.0, 1.7, 0.0, 0.0, 1.2, 0.0, 0.0, 0.0, 0.0, 0.0, 1.1, 1.2, 1.7, 0.0, 0.0, 0.0, 0.0, 1.8, 1.9, 0.0, 0.0, 0.0, 0.0, 1.7]
Indi 34: Fitness: 52.01212121212122Genotype: [1.2, 1.8, 1.8, 0.0, 1.0, 0.0, 0.0, 0.0, 1.5, 1.0, 0.0, 1.0, 1.7, 0.0, 0.0, 1.2, 0.0, 1.4, 0.0, 1.9, 0.0, 0.0, 0.0, 1.7, 0.0, 0.0, 0.0, 0.0, 1.8, 1.6, 0.0, 0.0, 0.0, 0.0, 0.0]
Indi 35: Fitness: 52.01212121212122Genotype: [0.0, 1.1, 0.0, 1.0, 1.1, 1.3, 1.4, 0.0, 0.0, 1.9, 1.9, 0.0, 0.0, 2.0, 0.0, 1.2, 0.0, 0.0, 0.0, 2.0, 0.0, 1.7, 0.0, 1.4, 0.0, 1.5, 1.8, 0.0, 1.8, 1.3, 0.0, 0.0, 0.0, 0.0, 0.0]
Indi 36: Fitness: 52.412121212121214Genotype: [0.0, 1.3, 0.0, 1.0, 0.0, 0.0, 0.0, 1.3, 1.7, 0.0, 0.0, 0.0, 0.0, 1.2, 0.0, 1.2, 0.0, 0.0, 1.5, 0.0, 1.1, 1.8, 0.0, 0.0, 0.0, 0.0, 1.8, 0.0, 1.1, 0.0, 0.0, 0.0, 0.0, 1.8, 0.0]
Indi 37: Fitness: 52.55858585858587Genotype: [1.7, 1.8, 0.0, 1.0, 1.7, 0.0, 1.4, 1.7, 1.7, 0.0, 0.0, 0.0, 1.3, 1.2, 0.0, 1.2, 0.0, 2.0, 1.5, 0.0, 1.6, 1.8, 0.0, 0.0, 0.0, 0.0, 1.2, 0.0, 0.0, 1.3, 0.0, 0.0, 0.0, 1.9, 0.0]
Indi 38: Fitness: 53.012121212121215Genotype: [0.0, 1.3, 1.1, 0.0, 1.0, 0.0, 0.0, 0.0, 0.0, 1.0, 0.0, 1.0, 0.0, 0.0, 1.3, 1.2, 0.0, 0.0, 0.0, 0.0, 0.0, 1.1, 1.2, 1.7, 0.0, 2.0, 0.0, 0.0, 1.8, 1.9, 0.0, 0.0, 0.0, 0.0, 1.4]
Indi 39: Fitness: 53.11212121212122Genotype: [1.8, 0.0, 0.0, 0.0, 0.0, 0.0, 0.0, 1.0, 0.0, 1.5, 0.0, 0.0, 0.0, 1.4, 1.6, 1.9, 1.7, 0.0, 0.0, 1.9, 0.0, 1.9, 0.0, 0.0, 0.0, 1.9, 0.0, 0.0, 1.1, 0.0, 0.0, 1.1, 0.0, 0.0, 0.0]
Indi 40: Fitness: 53.81212121212123Genotype: [0.0, 1.3, 0.0, 1.0, 1.2, 0.0, 1.4, 1.3, 1.7, 0.0, 0.0, 0.0, 0.0, 1.2, 0.0, 1.2, 0.0, 2.0, 1.5, 0.0, 1.2, 1.8, 0.0, 0.0, 0.0, 0.0, 1.8, 0.0, 0.0, 0.0, 0.0, 0.0, 0.0, 1.8, 0.0]
Indi 41: Fitness: 53.912121212121214Genotype: [1.8, 0.0, 0.0, 1.0, 1.7, 0.0, 1.4, 1.7, 1.7, 0.0, 0.0, 0.0, 1.3, 1.2, 0.0, 1.2, 0.0, 2.0, 1.5, 0.0, 1.6, 1.8, 0.0, 0.0, 0.0, 0.0, 1.2, 0.0, 0.0, 1.3, 0.0, 0.0, 0.0, 1.9, 0.0]
Indi 42: Fitness: 54.11212121212122Genotype: [0.0, 1.1, 0.0, 1.0, 1.1, 1.3, 1.4, 0.0, 0.0, 1.7, 1.9, 1.2, 0.0, 2.0, 0.0, 1.2, 0.0, 0.0, 0.0, 2.0, 0.0, 1.7, 0.0, 1.4, 0.0, 1.8, 1.6, 0.0, 1.8, 1.3, 0.0, 0.0, 0.0, 0.0, 0.0]
Indi 43: Fitness: 54.112121212121224Genotype: [1.2, 1.8, 1.1, 0.0, 1.0, 0.0, 0.0, 0.0, 0.0, 1.0, 0.0, 1.0, 1.7, 0.0, 0.0, 1.2, 0.0, 0.0, 0.0, 0.0, 0.0, 0.0, 1.2, 1.7, 0.0, 0.0, 0.0, 0.0, 1.8, 1.8, 0.0, 0.0, 0.0, 0.0, 1.4]
Indi 44: Fitness: 54.21212121212122Genotype: [1.2, 1.8, 1.1, 0.0, 1.0, 0.0, 0.0, 0.0, 0.0, 1.0, 1.4, 1.0, 1.7, 0.0, 0.0, 1.2, 0.0, 0.0, 0.0, 0.0, 0.0, 1.1, 1.2, 1.7, 0.0, 0.0, 0.0, 0.0, 1.8, 1.9, 0.0, 0.0, 0.0, 0.0, 1.4]
Indi 45: Fitness: 54.212121212121225Genotype: [0.0, 1.3, 0.0, 0.0, 0.0, 0.0, 0.0, 1.0, 0.0, 1.5, 0.0, 0.0, 0.0, 1.4, 1.6, 1.9, 1.7, 0.0, 0.0, 1.9, 0.0, 1.9, 0.0, 0.0, 0.0, 1.9, 0.0, 0.0, 1.1, 0.0, 0.0, 1.1, 0.0, 0.0, 0.0]
Indi 46: Fitness: 54.61212121212122Genotype: [0.0, 1.5, 1.1, 0.0, 1.1, 1.3, 1.4, 0.0, 0.0, 1.7, 1.9, 1.2, 0.0, 2.0, 0.0, 1.2, 0.0, 0.0, 0.0, 2.0, 0.0, 1.7, 0.0, 1.4, 0.0, 1.8, 1.4, 0.0, 1.8, 1.3, 0.0, 0.0, 0.0, 0.0, 1.3]
Indi 47: Fitness: 54.61212121212122Genotype: [0.0, 1.3, 0.0, 1.0, 1.7, 0.0, 1.4, 0.0, 1.7, 0.0, 0.0, 0.0, 0.0, 1.2, 0.0, 1.2, 0.0, 2.0, 1.5, 0.0, 1.2, 1.8, 0.0, 0.0, 0.0, 0.0, 1.2, 0.0, 0.0, 1.3, 0.0, 0.0, 0.0, 1.9, 0.0]
Indi 48: Fitness: 54.81212121212122Genotype: [0.0, 1.1, 0.0, 1.0, 1.7, 0.0, 0.0, 1.7, 1.7, 0.0, 0.0, 0.0, 0.0, 1.2, 0.0, 1.2, 0.0, 2.0, 1.5, 0.0, 1.6, 1.8, 0.0, 1.7, 0.0, 0.0, 1.2, 0.0, 1.9, 1.4, 0.0, 0.0, 0.0, 1.9, 0.0]
Indi 49: Fitness: 55.61212121212122Genotype: [1.7, 1.8, 1.1, 0.0, 1.0, 0.0, 0.0, 0.0, 0.0, 1.0, 0.0, 1.0, 0.0, 0.0, 1.3, 1.2, 0.0, 0.0, 0.0, 0.0, 0.0, 1.1, 1.2, 1.7, 0.0, 2.0, 0.0, 0.0, 1.8, 1.9, 0.0, 0.0, 0.0, 0.0, 1.4]
