INICIO: Sun Jan 28 21:05:14 BRST 2018
INDIVIDUALS OF LAST GENERATION: 46
Indi 0: Fitness: -11.987878787878785Genotype: [1.2, 1.8, 1.1, 0.0, 1.0, 0.0, 0.0, 0.0, 0.0, 2.0, 0.0, 1.5, 1.7, 0.0, 1.4, 0.0, 0.0, 0.0, 1.9, 0.0, 1.5, 0.0, 1.2, 1.7, 1.6, 0.0, 0.0, 0.0, 1.8, 1.8, 0.0, 0.0, 0.0, 0.0, 0.0]
Indi 1: Fitness: 19.412121212121217Genotype: [0.0, 1.1, 1.2, 1.0, 1.7, 0.0, 1.1, 1.7, 0.0, 0.0, 0.0, 0.0, 0.0, 1.2, 0.0, 1.2, 0.0, 2.0, 0.0, 0.0, 1.6, 0.0, 0.0, 1.7, 0.0, 0.0, 1.2, 0.0, 1.2, 1.4, 0.0, 0.0, 0.0, 1.9, 0.0]
Indi 2: Fitness: 25.06060606060606Genotype: [0.0, 1.5, 1.7, 1.3, 1.1, 1.0, 0.0, 0.0, 0.0, 1.7, 1.9, 1.2, 0.0, 2.0, 1.4, 1.2, 0.0, 0.0, 0.0, 2.0, 0.0, 1.7, 0.0, 1.4, 0.0, 1.8, 1.4, 0.0, 1.8, 1.3, 0.0, 0.0, 0.0, 1.5, 1.3]
Indi 3: Fitness: 33.86060606060607Genotype: [1.2, 1.8, 0.0, 0.0, 1.0, 0.0, 0.0, 0.0, 0.0, 1.0, 0.0, 1.0, 1.6, 0.0, 0.0, 1.2, 0.0, 0.0, 1.4, 0.0, 0.0, 0.0, 1.2, 1.7, 0.0, 0.0, 0.0, 0.0, 1.8, 1.8, 0.0, 1.8, 0.0, 0.0, 1.6]
Indi 4: Fitness: 34.56060606060606Genotype: [1.8, 0.0, 0.0, 1.0, 1.7, 0.0, 1.7, 1.7, 1.7, 0.0, 0.0, 0.0, 1.3, 1.2, 0.0, 1.2, 0.0, 2.0, 1.5, 1.1, 1.3, 1.6, 0.0, 0.0, 0.0, 0.0, 1.2, 0.0, 0.0, 1.3, 0.0, 1.7, 0.0, 1.9, 0.0]
Indi 5: Fitness: 35.660606060606064Genotype: [1.7, 1.8, 1.1, 0.0, 1.0, 1.7, 1.4, 0.0, 0.0, 1.0, 0.0, 1.0, 0.0, 0.0, 1.3, 1.2, 0.0, 0.0, 0.0, 1.6, 0.0, 1.1, 1.2, 1.7, 0.0, 2.0, 0.0, 0.0, 1.8, 1.9, 1.4, 0.0, 0.0, 0.0, 1.4]
Indi 6: Fitness: 36.06060606060606Genotype: [1.2, 1.8, 1.1, 0.0, 1.0, 0.0, 0.0, 0.0, 2.0, 0.0, 1.4, 1.0, 1.7, 0.0, 0.0, 1.2, 0.0, 0.0, 0.0, 0.0, 0.0, 1.1, 1.2, 1.7, 0.0, 1.3, 0.0, 0.0, 1.8, 1.9, 1.5, 0.0, 0.0, 0.0, 1.2]
Indi 7: Fitness: 36.06060606060607Genotype: [0.0, 1.5, 1.1, 1.7, 1.1, 1.8, 1.6, 0.0, 0.0, 1.7, 1.9, 1.2, 1.3, 2.0, 0.0, 1.2, 0.0, 0.0, 0.0, 2.0, 0.0, 1.7, 0.0, 1.4, 0.0, 0.0, 1.4, 0.0, 1.8, 1.3, 1.7, 0.0, 0.0, 0.0, 1.3]
Indi 8: Fitness: 36.660606060606064Genotype: [1.8, 0.0, 0.0, 1.0, 1.7, 0.0, 0.0, 1.7, 1.7, 0.0, 0.0, 0.0, 1.3, 1.9, 0.0, 1.2, 0.0, 2.0, 1.5, 0.0, 0.0, 2.0, 0.0, 0.0, 0.0, 0.0, 1.2, 0.0, 0.0, 1.3, 1.8, 0.0, 0.0, 1.9, 0.0]
Indi 9: Fitness: 37.06060606060607Genotype: [0.0, 1.3, 0.0, 1.0, 1.7, 0.0, 1.4, 0.0, 1.9, 1.9, 0.0, 0.0, 0.0, 1.2, 0.0, 1.2, 0.0, 2.0, 1.5, 0.0, 0.0, 1.8, 1.4, 1.7, 0.0, 0.0, 1.2, 0.0, 0.0, 1.3, 1.7, 0.0, 0.0, 1.9, 0.0]
Indi 10: Fitness: 37.763636363636365Genotype: [0.0, 1.5, 1.1, 0.0, 1.1, 1.3, 1.4, 0.0, 1.5, 1.7, 1.9, 1.2, 0.0, 2.0, 0.0, 1.2, 0.0, 0.0, 0.0, 2.0, 0.0, 1.7, 0.0, 0.0, 1.2, 1.8, 1.4, 1.5, 1.8, 1.3, 1.2, 0.0, 0.0, 0.0, 1.3]
Indi 11: Fitness: 39.56060606060606Genotype: [0.0, 1.1, 0.0, 1.0, 1.7, 0.0, 1.2, 1.7, 1.7, 0.0, 0.0, 1.3, 0.0, 1.2, 0.0, 1.4, 0.0, 2.0, 1.5, 0.0, 1.6, 0.0, 0.0, 1.7, 0.0, 0.0, 1.2, 0.0, 1.9, 1.4, 0.0, 0.0, 0.0, 1.9, 1.8]
Indi 12: Fitness: 44.91212121212122Genotype: [1.7, 1.8, 1.7, 0.0, 1.0, 0.0, 0.0, 0.0, 0.0, 1.0, 0.0, 1.0, 0.0, 0.0, 1.3, 1.2, 0.0, 0.0, 0.0, 0.0, 0.0, 1.1, 1.2, 1.7, 0.0, 2.0, 0.0, 0.0, 1.8, 1.9, 0.0, 0.0, 0.0, 0.0, 1.4]
Indi 13: Fitness: 45.41212121212122Genotype: [0.0, 1.3, 0.0, 1.0, 1.7, 0.0, 1.4, 0.0, 1.7, 0.0, 0.0, 0.0, 0.0, 1.2, 0.0, 1.2, 0.0, 2.0, 1.5, 0.0, 1.2, 1.8, 0.0, 0.0, 0.0, 0.0, 1.2, 0.0, 0.0, 1.3, 0.0, 0.0, 0.0, 1.9, 0.0]
Indi 14: Fitness: 46.012121212121215Genotype: [0.0, 1.3, 1.3, 1.0, 1.1, 0.0, 1.4, 1.9, 1.7, 0.0, 0.0, 0.0, 0.0, 1.2, 0.0, 1.2, 0.0, 0.0, 1.5, 0.0, 1.2, 1.8, 0.0, 0.0, 0.0, 0.0, 0.0, 0.0, 0.0, 1.3, 0.0, 0.0, 0.0, 1.9, 0.0]
Indi 15: Fitness: 46.71212121212122Genotype: [0.0, 1.1, 1.2, 0.0, 1.7, 0.0, 0.0, 1.7, 1.7, 0.0, 0.0, 0.0, 1.4, 1.2, 0.0, 1.2, 0.0, 2.0, 1.5, 1.4, 1.6, 1.8, 1.6, 1.7, 0.0, 0.0, 1.2, 0.0, 1.9, 0.0, 0.0, 0.0, 0.0, 1.9, 0.0]
Indi 16: Fitness: 46.71212121212122Genotype: [1.2, 1.8, 0.0, 1.0, 1.7, 0.0, 0.0, 1.7, 1.7, 0.0, 0.0, 0.0, 0.0, 1.2, 0.0, 1.2, 0.0, 2.0, 1.5, 0.0, 1.6, 1.8, 0.0, 1.7, 0.0, 0.0, 1.2, 0.0, 1.9, 1.4, 0.0, 0.0, 0.0, 1.9, 0.0]
Indi 17: Fitness: 47.01212121212123Genotype: [0.0, 1.3, 0.0, 0.0, 0.0, 0.0, 0.0, 0.0, 0.0, 1.5, 0.0, 0.0, 0.0, 1.4, 1.6, 1.9, 1.7, 0.0, 0.0, 1.9, 0.0, 1.9, 0.0, 0.0, 0.0, 1.9, 0.0, 0.0, 1.1, 0.0, 0.0, 1.4, 0.0, 0.0, 0.0]
Indi 18: Fitness: 47.41212121212122Genotype: [0.0, 1.1, 0.0, 1.0, 1.1, 1.3, 1.4, 0.0, 0.0, 1.7, 1.9, 1.2, 0.0, 2.0, 0.0, 1.2, 0.0, 0.0, 0.0, 2.0, 0.0, 1.7, 0.0, 1.4, 0.0, 1.8, 1.6, 0.0, 1.8, 1.3, 0.0, 0.0, 0.0, 0.0, 0.0]
Indi 19: Fitness: 47.512121212121215Genotype: [0.0, 1.3, 0.0, 0.0, 0.0, 0.0, 0.0, 1.0, 0.0, 1.5, 2.0, 0.0, 1.3, 1.4, 1.6, 1.9, 1.7, 0.0, 0.0, 1.9, 0.0, 1.9, 0.0, 0.0, 0.0, 1.9, 0.0, 0.0, 1.1, 1.3, 0.0, 1.1, 0.0, 0.0, 0.0]
Indi 20: Fitness: 47.91212121212122Genotype: [1.2, 1.8, 1.1, 0.0, 1.0, 0.0, 1.0, 0.0, 0.0, 2.0, 0.0, 1.5, 0.0, 0.0, 0.0, 0.0, 0.0, 0.0, 0.0, 0.0, 0.0, 0.0, 1.5, 1.7, 0.0, 0.0, 0.0, 0.0, 1.8, 1.8, 0.0, 0.0, 0.0, 0.0, 1.4]
Indi 21: Fitness: 47.91212121212122Genotype: [1.8, 0.0, 0.0, 1.0, 1.2, 2.0, 1.4, 1.7, 1.7, 1.3, 0.0, 0.0, 1.3, 1.2, 0.0, 0.0, 0.0, 0.0, 1.5, 0.0, 1.6, 1.8, 0.0, 0.0, 0.0, 0.0, 1.2, 0.0, 0.0, 1.3, 0.0, 0.0, 0.0, 1.9, 0.0]
Indi 22: Fitness: 48.41212121212122Genotype: [1.1, 1.1, 0.0, 1.0, 0.0, 1.3, 1.4, 0.0, 0.0, 1.7, 1.9, 1.2, 0.0, 2.0, 0.0, 1.2, 0.0, 0.0, 0.0, 2.0, 0.0, 1.7, 0.0, 0.0, 0.0, 1.8, 1.4, 0.0, 1.8, 1.3, 0.0, 0.0, 0.0, 0.0, 0.0]
Indi 23: Fitness: 48.71212121212122Genotype: [0.0, 1.1, 0.0, 0.0, 0.0, 0.0, 0.0, 1.0, 0.0, 1.5, 0.0, 0.0, 0.0, 1.4, 1.6, 1.9, 1.7, 0.0, 0.0, 1.9, 0.0, 1.9, 0.0, 0.0, 0.0, 1.9, 0.0, 0.0, 1.1, 0.0, 0.0, 1.1, 0.0, 0.0, 0.0]
Indi 24: Fitness: 48.91212121212122Genotype: [0.0, 1.5, 1.1, 0.0, 1.1, 1.3, 1.4, 0.0, 0.0, 1.7, 1.9, 1.2, 0.0, 2.0, 0.0, 1.2, 0.0, 0.0, 0.0, 2.0, 0.0, 1.7, 0.0, 1.4, 0.0, 1.8, 1.4, 0.0, 1.8, 1.3, 0.0, 0.0, 0.0, 0.0, 1.3]
Indi 25: Fitness: 49.112121212121224Genotype: [1.2, 1.8, 1.9, 0.0, 1.0, 0.0, 0.0, 0.0, 0.0, 1.0, 0.0, 1.0, 1.7, 0.0, 0.0, 1.2, 0.0, 0.0, 0.0, 0.0, 0.0, 0.0, 1.2, 1.7, 1.5, 0.0, 0.0, 0.0, 1.8, 1.8, 0.0, 0.0, 0.0, 0.0, 1.4]
Indi 26: Fitness: 49.412121212121214Genotype: [0.0, 1.8, 1.1, 0.0, 1.0, 1.5, 0.0, 0.0, 0.0, 1.0, 1.4, 1.0, 1.7, 0.0, 0.0, 1.1, 0.0, 0.0, 0.0, 0.0, 0.0, 1.1, 1.2, 1.7, 0.0, 0.0, 0.0, 0.0, 1.8, 1.9, 0.0, 0.0, 0.0, 0.0, 0.0]
Indi 27: Fitness: 49.41212121212122Genotype: [1.2, 1.8, 1.1, 0.0, 1.0, 0.0, 0.0, 0.0, 0.0, 1.0, 1.4, 1.0, 1.7, 0.0, 0.0, 1.2, 0.0, 0.0, 0.0, 0.0, 1.3, 1.1, 1.2, 1.2, 1.4, 1.4, 0.0, 0.0, 1.8, 1.9, 0.0, 0.0, 0.0, 0.0, 1.4]
Indi 28: Fitness: 49.51212121212122Genotype: [0.0, 1.1, 0.0, 0.0, 1.1, 1.3, 1.4, 0.0, 0.0, 1.7, 1.9, 1.2, 1.4, 0.0, 0.0, 1.2, 1.9, 0.0, 0.0, 2.0, 0.0, 1.7, 0.0, 1.4, 0.0, 1.8, 1.6, 0.0, 1.8, 1.3, 0.0, 0.0, 0.0, 0.0, 0.0]
Indi 29: Fitness: 49.61212121212122Genotype: [1.1, 1.8, 1.1, 0.0, 1.0, 0.0, 0.0, 0.0, 0.0, 1.0, 0.0, 1.0, 1.7, 0.0, 0.0, 1.2, 0.0, 0.0, 0.0, 0.0, 0.0, 0.0, 1.2, 1.7, 1.3, 0.0, 0.0, 0.0, 1.8, 1.8, 0.0, 0.0, 0.0, 0.0, 1.4]
Indi 30: Fitness: 49.612121212121224Genotype: [1.7, 1.8, 1.1, 0.0, 1.0, 0.0, 0.0, 0.0, 0.0, 2.0, 0.0, 1.5, 1.7, 0.0, 0.0, 0.0, 0.0, 0.0, 0.0, 0.0, 0.0, 0.0, 1.2, 1.7, 0.0, 0.0, 0.0, 0.0, 1.8, 1.8, 0.0, 0.0, 0.0, 0.0, 1.4]
Indi 31: Fitness: 50.21212121212122Genotype: [0.0, 1.3, 0.0, 1.0, 1.7, 0.0, 1.4, 0.0, 1.7, 0.0, 0.0, 0.0, 0.0, 1.2, 0.0, 1.2, 0.0, 2.0, 1.5, 0.0, 1.2, 1.8, 0.0, 0.0, 0.0, 0.0, 0.0, 0.0, 0.0, 1.3, 0.0, 1.0, 0.0, 0.0, 0.0]
Indi 32: Fitness: 50.412121212121214Genotype: [1.8, 0.0, 1.1, 0.0, 1.0, 0.0, 0.0, 0.0, 0.0, 2.0, 0.0, 1.5, 1.7, 0.0, 0.0, 0.0, 0.0, 0.0, 0.0, 0.0, 0.0, 0.0, 1.2, 1.7, 0.0, 0.0, 0.0, 0.0, 1.8, 1.8, 0.0, 0.0, 0.0, 0.0, 1.4]
Indi 33: Fitness: 50.51212121212122Genotype: [1.2, 1.8, 0.0, 1.0, 1.7, 0.0, 1.4, 1.7, 1.7, 0.0, 0.0, 0.0, 1.3, 1.2, 0.0, 1.2, 0.0, 2.0, 1.5, 0.0, 1.6, 1.8, 0.0, 0.0, 0.0, 0.0, 1.2, 0.0, 0.0, 1.3, 0.0, 0.0, 0.0, 1.9, 0.0]
Indi 34: Fitness: 50.71212121212122Genotype: [0.0, 1.1, 0.0, 1.0, 1.1, 1.3, 1.4, 0.0, 0.0, 1.7, 1.9, 1.2, 0.0, 2.0, 0.0, 0.0, 0.0, 0.0, 0.0, 2.0, 0.0, 1.7, 1.8, 1.4, 0.0, 1.8, 1.6, 1.4, 1.8, 1.3, 0.0, 0.0, 0.0, 0.0, 1.8]
Indi 35: Fitness: 51.11212121212122Genotype: [1.2, 1.8, 0.0, 1.0, 1.1, 1.3, 1.4, 0.0, 0.0, 1.7, 1.9, 1.2, 0.0, 2.0, 0.0, 1.2, 0.0, 0.0, 0.0, 2.0, 0.0, 1.7, 0.0, 1.4, 0.0, 1.8, 1.6, 0.0, 1.8, 1.3, 0.0, 0.0, 0.0, 0.0, 0.0]
Indi 36: Fitness: 51.21212121212122Genotype: [0.0, 1.3, 0.0, 0.0, 1.0, 0.0, 0.0, 0.0, 0.0, 1.0, 1.4, 1.0, 1.7, 0.0, 0.0, 1.2, 0.0, 0.0, 0.0, 0.0, 0.0, 1.1, 1.2, 1.7, 0.0, 0.0, 0.0, 0.0, 1.8, 1.9, 0.0, 0.0, 0.0, 0.0, 1.4]
Indi 37: Fitness: 51.41212121212122Genotype: [0.0, 1.3, 0.0, 0.0, 0.0, 1.2, 0.0, 1.0, 0.0, 1.5, 0.0, 0.0, 0.0, 1.4, 1.6, 1.9, 1.7, 0.0, 0.0, 1.9, 0.0, 1.3, 0.0, 1.4, 0.0, 1.9, 0.0, 0.0, 1.1, 0.0, 0.0, 1.1, 0.0, 0.0, 0.0]
Indi 38: Fitness: 52.21212121212122Genotype: [0.0, 1.8, 1.1, 0.0, 1.0, 0.0, 0.0, 0.0, 0.0, 1.7, 0.0, 1.5, 1.7, 1.4, 0.0, 0.0, 0.0, 0.0, 0.0, 0.0, 0.0, 0.0, 0.0, 1.7, 0.0, 0.0, 0.0, 0.0, 1.8, 1.8, 0.0, 0.0, 0.0, 0.0, 1.4]
Indi 39: Fitness: 52.81212121212122Genotype: [1.7, 1.8, 2.0, 0.0, 1.0, 0.0, 0.0, 0.0, 0.0, 1.0, 0.0, 0.0, 0.0, 0.0, 0.0, 1.2, 0.0, 0.0, 0.0, 0.0, 0.0, 1.1, 1.2, 1.7, 1.7, 2.0, 0.0, 0.0, 1.8, 0.0, 0.0, 0.0, 0.0, 0.0, 1.4]
Indi 40: Fitness: 53.912121212121214Genotype: [1.8, 0.0, 0.0, 1.0, 1.7, 0.0, 1.4, 1.7, 1.7, 0.0, 0.0, 0.0, 1.3, 1.2, 0.0, 1.2, 0.0, 2.0, 1.5, 0.0, 1.6, 1.8, 0.0, 0.0, 0.0, 0.0, 1.2, 0.0, 0.0, 1.3, 0.0, 0.0, 0.0, 1.9, 0.0]
Indi 41: Fitness: 54.11212121212122Genotype: [0.0, 1.1, 0.0, 1.0, 1.1, 1.3, 1.4, 0.0, 0.0, 1.7, 1.9, 1.2, 0.0, 2.0, 0.0, 1.2, 0.0, 0.0, 0.0, 2.0, 0.0, 1.7, 0.0, 1.4, 0.0, 1.8, 1.6, 0.0, 1.8, 1.3, 0.0, 0.0, 0.0, 0.0, 0.0]
Indi 42: Fitness: 54.112121212121224Genotype: [1.2, 1.8, 1.1, 0.0, 1.0, 0.0, 0.0, 0.0, 0.0, 1.0, 0.0, 1.0, 1.7, 0.0, 0.0, 1.2, 0.0, 0.0, 0.0, 0.0, 0.0, 0.0, 1.2, 1.7, 0.0, 0.0, 0.0, 0.0, 1.8, 1.8, 0.0, 0.0, 0.0, 0.0, 1.4]
Indi 43: Fitness: 54.21212121212122Genotype: [1.2, 1.8, 1.1, 0.0, 1.0, 0.0, 0.0, 0.0, 0.0, 1.0, 1.4, 1.0, 1.7, 0.0, 0.0, 1.2, 0.0, 0.0, 0.0, 0.0, 0.0, 1.1, 1.2, 1.7, 0.0, 0.0, 0.0, 0.0, 1.8, 1.9, 0.0, 0.0, 0.0, 0.0, 1.4]
Indi 44: Fitness: 54.212121212121225Genotype: [0.0, 1.3, 0.0, 0.0, 0.0, 0.0, 0.0, 1.0, 0.0, 1.5, 0.0, 0.0, 0.0, 1.4, 1.6, 1.9, 1.7, 0.0, 0.0, 1.9, 0.0, 1.9, 0.0, 0.0, 0.0, 1.9, 0.0, 0.0, 1.1, 0.0, 0.0, 1.1, 0.0, 0.0, 0.0]
Indi 45: Fitness: 54.61212121212122Genotype: [1.2, 1.8, 1.1, 0.0, 1.0, 0.0, 0.0, 0.0, 0.0, 2.0, 0.0, 1.5, 1.7, 0.0, 0.0, 0.0, 0.0, 0.0, 0.0, 0.0, 0.0, 0.0, 1.2, 1.7, 0.0, 0.0, 0.0, 0.0, 1.8, 1.8, 0.0, 0.0, 0.0, 0.0, 1.4]
Indi 46: Fitness: 54.61212121212122Genotype: [0.0, 1.3, 0.0, 1.0, 1.7, 0.0, 1.4, 0.0, 1.7, 0.0, 0.0, 0.0, 0.0, 1.2, 0.0, 1.2, 0.0, 2.0, 1.5, 0.0, 1.2, 1.8, 0.0, 0.0, 0.0, 0.0, 1.2, 0.0, 0.0, 1.3, 0.0, 0.0, 0.0, 1.9, 0.0]
Indi 47: Fitness: 54.61212121212122Genotype: [0.0, 1.5, 1.1, 0.0, 1.1, 1.3, 1.4, 0.0, 0.0, 1.7, 1.9, 1.2, 0.0, 2.0, 0.0, 1.2, 0.0, 0.0, 0.0, 2.0, 0.0, 1.7, 0.0, 1.4, 0.0, 1.8, 1.4, 0.0, 1.8, 1.3, 0.0, 0.0, 0.0, 0.0, 1.3]
Indi 48: Fitness: 54.81212121212122Genotype: [0.0, 1.1, 0.0, 1.0, 1.7, 0.0, 0.0, 1.7, 1.7, 0.0, 0.0, 0.0, 0.0, 1.2, 0.0, 1.2, 0.0, 2.0, 1.5, 0.0, 1.6, 1.8, 0.0, 1.7, 0.0, 0.0, 1.2, 0.0, 1.9, 1.4, 0.0, 0.0, 0.0, 1.9, 0.0]
Indi 49: Fitness: 55.61212121212122Genotype: [1.7, 1.8, 1.1, 0.0, 1.0, 0.0, 0.0, 0.0, 0.0, 1.0, 0.0, 1.0, 0.0, 0.0, 1.3, 1.2, 0.0, 0.0, 0.0, 0.0, 0.0, 1.1, 1.2, 1.7, 0.0, 2.0, 0.0, 0.0, 1.8, 1.9, 0.0, 0.0, 0.0, 0.0, 1.4]
