INICIO: Sun Jan 28 20:10:19 BRST 2018
INDIVIDUALS OF LAST GENERATION: 6
Indi 0: Fitness: -12.287878787878782Genotype: [1.3, 0.0, 0.0, 0.0, 0.0, 0.0, 0.0, 1.0, 0.0, 1.5, 0.0, 0.0, 0.0, 1.4, 1.6, 1.9, 1.7, 0.0, 0.0, 1.9, 0.0, 1.9, 0.0, 0.0, 0.0, 1.9, 0.0, 0.0, 1.1, 0.0, 0.0, 1.1, 0.0, 0.0, 0.0]
Indi 1: Fitness: -5.287878787878782Genotype: [0.0, 1.1, 0.0, 0.0, 1.1, 1.3, 0.0, 0.0, 1.2, 1.7, 1.9, 1.2, 0.0, 2.0, 1.6, 1.2, 0.0, 0.0, 0.0, 2.0, 1.5, 1.7, 1.2, 1.4, 0.0, 1.9, 1.6, 0.0, 0.0, 0.0, 0.0, 0.0, 0.0, 0.0, 1.6]
Indi 2: Fitness: 6.112121212121217Genotype: [1.9, 0.0, 0.0, 0.0, 0.0, 0.0, 0.0, 1.0, 0.0, 1.5, 0.0, 1.9, 0.0, 0.0, 1.6, 1.9, 1.9, 0.0, 0.0, 1.9, 0.0, 0.0, 0.0, 0.0, 0.0, 1.9, 0.0, 0.0, 1.1, 0.0, 0.0, 1.1, 0.0, 0.0, 0.0]
Indi 3: Fitness: 12.912121212121221Genotype: [1.1, 0.0, 0.0, 0.0, 0.0, 0.0, 0.0, 1.0, 0.0, 0.0, 0.0, 0.0, 0.0, 1.4, 1.6, 1.9, 1.7, 0.0, 0.0, 1.9, 0.0, 1.2, 1.5, 0.0, 0.0, 1.9, 1.6, 0.0, 1.1, 0.0, 0.0, 1.2, 0.0, 0.0, 0.0]
Indi 4: Fitness: 30.412121212121217Genotype: [0.0, 1.1, 1.9, 1.0, 1.7, 0.0, 1.4, 1.7, 1.7, 0.0, 0.0, 0.0, 1.3, 1.2, 0.0, 1.2, 0.0, 2.0, 1.5, 0.0, 1.6, 1.8, 0.0, 0.0, 0.0, 0.0, 1.2, 0.0, 0.0, 1.3, 0.0, 0.0, 0.0, 1.9, 0.0]
Indi 5: Fitness: 32.06060606060607Genotype: [0.0, 1.1, 1.9, 1.9, 1.1, 1.3, 1.4, 1.5, 1.2, 0.0, 1.7, 0.0, 0.0, 2.0, 0.0, 1.2, 0.0, 0.0, 0.0, 2.0, 1.5, 1.7, 0.0, 1.4, 0.0, 1.9, 0.0, 0.0, 0.0, 0.0, 0.0, 0.0, 1.6, 0.0, 1.6]
Indi 6: Fitness: 35.36060606060605Genotype: [1.9, 0.0, 0.0, 0.0, 0.0, 0.0, 0.0, 1.0, 0.0, 1.5, 0.0, 0.0, 0.0, 1.4, 1.6, 1.9, 1.7, 0.0, 0.0, 1.4, 0.0, 1.2, 0.0, 0.0, 0.0, 0.0, 0.0, 0.0, 1.1, 1.6, 0.0, 1.8, 1.5, 0.0, 0.0]
Indi 7: Fitness: 36.06060606060606Genotype: [1.8, 0.0, 0.0, 1.0, 0.0, 0.0, 1.4, 1.7, 1.7, 0.0, 0.0, 0.0, 1.3, 1.2, 0.0, 1.2, 1.5, 2.0, 1.5, 0.0, 1.6, 1.8, 0.0, 0.0, 0.0, 0.0, 1.2, 0.0, 0.0, 1.3, 0.0, 0.0, 0.0, 1.9, 1.9]
Indi 8: Fitness: 36.212121212121225Genotype: [1.2, 1.8, 1.1, 0.0, 1.0, 1.6, 0.0, 0.0, 0.0, 1.0, 1.4, 1.0, 1.7, 1.2, 0.0, 1.2, 0.0, 0.0, 0.0, 0.0, 0.0, 1.1, 1.2, 1.7, 0.0, 0.0, 0.0, 0.0, 1.8, 1.9, 0.0, 0.0, 1.0, 0.0, 1.6]
Indi 9: Fitness: 37.06060606060606Genotype: [1.3, 0.0, 0.0, 0.0, 0.0, 1.1, 0.0, 0.0, 0.0, 0.0, 2.0, 0.0, 0.0, 0.0, 0.0, 2.0, 0.0, 1.4, 1.7, 1.7, 0.0, 0.0, 1.9, 0.0, 1.5, 0.0, 1.2, 1.6, 1.5, 0.0, 1.9, 0.0, 0.0, 0.0, 1.3]
Indi 10: Fitness: 37.760606060606065Genotype: [1.9, 0.0, 0.0, 0.0, 0.0, 0.0, 0.0, 1.0, 0.0, 0.0, 0.0, 0.0, 1.5, 1.4, 1.6, 1.8, 1.7, 0.0, 1.7, 1.9, 0.0, 1.2, 0.0, 0.0, 0.0, 1.9, 0.0, 0.0, 1.1, 1.6, 0.0, 1.2, 1.6, 0.0, 1.1]
Indi 11: Fitness: 38.06060606060606Genotype: [0.0, 1.1, 0.0, 1.9, 1.1, 1.3, 0.0, 0.0, 1.1, 1.7, 1.9, 1.9, 0.0, 2.0, 0.0, 1.2, 1.5, 0.0, 0.0, 2.0, 1.4, 0.0, 1.9, 1.4, 0.0, 0.0, 1.6, 0.0, 0.0, 0.0, 1.1, 0.0, 1.1, 0.0, 0.0]
Indi 12: Fitness: 38.260606060606065Genotype: [1.8, 1.9, 1.5, 1.0, 1.7, 0.0, 1.4, 1.7, 1.8, 0.0, 0.0, 0.0, 1.3, 1.2, 0.0, 1.3, 0.0, 2.0, 1.5, 0.0, 1.6, 1.8, 0.0, 1.5, 0.0, 1.4, 1.2, 0.0, 0.0, 1.3, 0.0, 1.0, 0.0, 1.9, 0.0]
Indi 13: Fitness: 43.612121212121224Genotype: [0.0, 1.1, 2.0, 1.9, 1.1, 1.3, 0.0, 0.0, 1.2, 1.7, 1.9, 0.0, 0.0, 2.0, 0.0, 0.0, 1.5, 1.8, 1.2, 2.0, 1.8, 1.7, 1.9, 1.4, 0.0, 0.0, 1.6, 0.0, 0.0, 0.0, 0.0, 0.0, 0.0, 0.0, 1.6]
Indi 14: Fitness: 45.51212121212123Genotype: [1.9, 0.0, 0.0, 0.0, 0.0, 0.0, 0.0, 1.0, 0.0, 1.5, 0.0, 0.0, 0.0, 1.4, 1.6, 1.9, 1.7, 0.0, 0.0, 1.9, 1.1, 1.9, 0.0, 0.0, 0.0, 1.9, 0.0, 0.0, 1.4, 1.3, 0.0, 1.1, 0.0, 0.0, 0.0]
Indi 15: Fitness: 46.71212121212122Genotype: [1.3, 0.0, 0.0, 0.0, 1.4, 1.1, 0.0, 0.0, 0.0, 0.0, 0.0, 0.0, 0.0, 0.0, 1.4, 1.7, 0.0, 1.4, 0.0, 1.7, 0.0, 0.0, 1.9, 0.0, 1.5, 0.0, 0.0, 1.6, 1.5, 0.0, 0.0, 0.0, 0.0, 0.0, 1.3]
Indi 16: Fitness: 46.81212121212123Genotype: [1.8, 1.8, 1.5, 1.0, 1.7, 0.0, 0.0, 1.7, 1.7, 0.0, 0.0, 0.0, 1.3, 1.2, 0.0, 1.2, 1.2, 1.5, 0.0, 0.0, 1.6, 1.8, 0.0, 0.0, 0.0, 0.0, 1.2, 0.0, 1.4, 1.3, 0.0, 0.0, 0.0, 1.9, 0.0]
Indi 17: Fitness: 48.31212121212123Genotype: [1.2, 1.8, 0.0, 0.0, 1.0, 1.9, 0.0, 0.0, 0.0, 1.0, 1.4, 1.0, 1.7, 0.0, 0.0, 1.2, 0.0, 0.0, 1.1, 0.0, 0.0, 1.1, 1.2, 1.7, 1.3, 0.0, 1.2, 0.0, 1.8, 1.9, 0.0, 0.0, 0.0, 0.0, 1.4]
Indi 18: Fitness: 48.412121212121214Genotype: [1.3, 0.0, 0.0, 0.0, 1.5, 1.1, 0.0, 0.0, 1.8, 0.0, 2.0, 0.0, 1.1, 0.0, 0.0, 1.7, 0.0, 0.0, 0.0, 0.0, 0.0, 0.0, 1.9, 0.0, 1.5, 0.0, 1.2, 1.6, 1.5, 0.0, 1.1, 0.0, 0.0, 0.0, 0.0]
Indi 19: Fitness: 48.41212121212122Genotype: [1.2, 1.8, 1.1, 0.0, 1.0, 0.0, 0.0, 0.0, 0.0, 1.0, 1.4, 1.0, 1.7, 0.0, 0.0, 1.2, 0.0, 0.0, 0.0, 0.0, 0.0, 1.1, 1.2, 1.7, 0.0, 0.0, 0.0, 0.0, 1.8, 1.9, 0.0, 0.0, 0.0, 0.0, 1.4]
Indi 20: Fitness: 48.71212121212122Genotype: [1.9, 0.0, 0.0, 1.0, 1.7, 0.0, 0.0, 1.7, 1.7, 1.2, 0.0, 0.0, 1.3, 1.2, 0.0, 1.2, 0.0, 2.0, 1.9, 0.0, 1.6, 1.8, 0.0, 0.0, 0.0, 0.0, 1.2, 0.0, 0.0, 0.0, 0.0, 0.0, 0.0, 1.9, 0.0]
Indi 21: Fitness: 48.71212121212122Genotype: [0.0, 1.1, 1.9, 1.7, 1.1, 1.7, 1.4, 0.0, 0.0, 0.0, 1.7, 0.0, 0.0, 0.0, 0.0, 1.2, 0.0, 0.0, 0.0, 0.0, 0.0, 1.7, 0.0, 1.4, 0.0, 1.9, 1.6, 0.0, 0.0, 0.0, 0.0, 0.0, 0.0, 0.0, 1.6]
Indi 22: Fitness: 48.81212121212121Genotype: [1.3, 0.0, 0.0, 0.0, 1.5, 1.1, 0.0, 0.0, 1.8, 0.0, 2.0, 0.0, 1.1, 0.0, 0.0, 1.7, 0.0, 0.0, 0.0, 1.7, 0.0, 0.0, 1.9, 0.0, 1.5, 0.0, 1.2, 1.6, 1.5, 0.0, 0.0, 0.0, 0.0, 0.0, 0.0]
Indi 23: Fitness: 48.81212121212122Genotype: [0.0, 1.1, 2.0, 1.9, 1.1, 1.3, 0.0, 0.0, 1.2, 1.7, 1.9, 1.9, 0.0, 2.0, 0.0, 1.2, 1.5, 0.0, 1.2, 2.0, 1.5, 1.5, 1.9, 1.4, 0.0, 0.0, 1.6, 0.0, 0.0, 0.0, 0.0, 0.0, 0.0, 0.0, 1.6]
Indi 24: Fitness: 48.912121212121214Genotype: [1.8, 0.0, 0.0, 1.9, 1.1, 1.3, 0.0, 0.0, 1.2, 1.7, 1.9, 1.2, 0.0, 2.0, 0.0, 1.2, 0.0, 0.0, 0.0, 2.0, 1.4, 1.7, 0.0, 1.4, 0.0, 1.9, 1.6, 0.0, 0.0, 0.0, 0.0, 0.0, 0.0, 0.0, 1.6]
Indi 25: Fitness: 49.012121212121215Genotype: [1.9, 0.0, 0.0, 0.0, 0.0, 1.0, 1.7, 1.0, 0.0, 1.5, 0.0, 0.0, 0.0, 1.4, 1.3, 1.7, 1.7, 0.0, 0.0, 1.7, 1.6, 0.0, 0.0, 0.0, 0.0, 1.9, 0.0, 0.0, 1.1, 0.0, 0.0, 1.1, 0.0, 0.0, 0.0]
Indi 26: Fitness: 49.412121212121214Genotype: [1.2, 1.8, 0.0, 0.0, 1.0, 0.0, 1.7, 0.0, 0.0, 1.0, 1.4, 1.4, 1.2, 0.0, 0.0, 1.2, 0.0, 0.0, 0.0, 0.0, 0.0, 1.1, 1.2, 1.8, 1.3, 0.0, 0.0, 0.0, 1.8, 1.9, 0.0, 0.0, 0.0, 0.0, 1.4]
Indi 27: Fitness: 49.71212121212122Genotype: [1.8, 0.0, 1.5, 1.0, 1.7, 0.0, 2.0, 1.7, 1.0, 0.0, 0.0, 0.0, 0.0, 1.2, 0.0, 1.2, 0.0, 2.0, 1.5, 0.0, 1.6, 1.8, 0.0, 1.5, 0.0, 0.0, 0.0, 0.0, 0.0, 1.8, 0.0, 0.0, 0.0, 1.9, 0.0]
Indi 28: Fitness: 49.91212121212122Genotype: [0.0, 1.1, 0.0, 1.9, 1.1, 1.3, 0.0, 0.0, 1.2, 1.7, 1.9, 1.2, 0.0, 2.0, 0.0, 1.2, 0.0, 0.0, 0.0, 2.0, 1.5, 1.7, 0.0, 1.4, 0.0, 1.9, 1.6, 0.0, 0.0, 0.0, 0.0, 0.0, 0.0, 0.0, 1.6]
Indi 29: Fitness: 50.01212121212122Genotype: [0.0, 1.1, 1.9, 1.5, 1.0, 1.3, 1.4, 0.0, 1.2, 0.0, 1.4, 0.0, 0.0, 2.0, 0.0, 1.2, 0.0, 0.0, 0.0, 2.0, 0.0, 1.7, 0.0, 1.5, 0.0, 1.9, 1.6, 0.0, 1.2, 0.0, 0.0, 0.0, 0.0, 0.0, 0.0]
Indi 30: Fitness: 50.512121212121215Genotype: [0.0, 0.0, 1.6, 0.0, 1.5, 1.1, 0.0, 0.0, 1.8, 0.0, 1.4, 0.0, 1.1, 0.0, 0.0, 1.7, 0.0, 0.0, 0.0, 1.7, 0.0, 0.0, 1.9, 0.0, 1.5, 0.0, 1.2, 1.6, 1.5, 0.0, 0.0, 0.0, 1.7, 0.0, 0.0]
Indi 31: Fitness: 50.81212121212123Genotype: [1.9, 0.0, 0.0, 0.0, 0.0, 0.0, 0.0, 1.0, 0.0, 1.5, 0.0, 0.0, 0.0, 1.4, 1.6, 1.9, 1.7, 0.0, 0.0, 1.9, 0.0, 1.2, 0.0, 0.0, 0.0, 1.9, 0.0, 0.0, 1.1, 1.6, 0.0, 1.2, 0.0, 0.0, 0.0]
Indi 32: Fitness: 51.01212121212122Genotype: [1.3, 0.0, 0.0, 0.0, 1.5, 1.1, 0.0, 0.0, 1.6, 0.0, 2.0, 0.0, 1.1, 1.0, 0.0, 1.7, 0.0, 0.0, 0.0, 1.7, 0.0, 0.0, 1.9, 0.0, 1.9, 0.0, 1.9, 1.6, 1.5, 0.0, 1.7, 0.0, 0.0, 0.0, 0.0]
Indi 33: Fitness: 51.31212121212122Genotype: [0.0, 1.1, 0.0, 0.0, 0.0, 0.0, 0.0, 1.0, 0.0, 1.5, 0.0, 0.0, 0.0, 1.4, 1.6, 1.9, 1.7, 0.0, 0.0, 1.9, 0.0, 1.2, 0.0, 0.0, 0.0, 1.9, 0.0, 0.0, 1.1, 1.6, 0.0, 1.2, 0.0, 0.0, 0.0]
Indi 34: Fitness: 51.41212121212122Genotype: [1.9, 0.0, 0.0, 1.9, 1.1, 1.3, 0.0, 0.0, 1.2, 1.7, 1.9, 1.2, 0.0, 2.0, 0.0, 1.2, 0.0, 0.0, 0.0, 2.0, 1.4, 1.7, 0.0, 1.4, 0.0, 1.9, 1.6, 0.0, 0.0, 0.0, 0.0, 0.0, 0.0, 0.0, 1.6]
Indi 35: Fitness: 51.41212121212122Genotype: [0.0, 1.1, 0.0, 1.9, 1.1, 1.3, 0.0, 0.0, 1.2, 1.7, 1.9, 1.9, 0.0, 2.0, 0.0, 1.2, 1.5, 0.0, 1.2, 2.0, 1.4, 1.7, 1.9, 1.4, 0.0, 0.0, 1.6, 0.0, 0.0, 0.0, 0.0, 0.0, 0.0, 0.0, 1.6]
Indi 36: Fitness: 51.51212121212122Genotype: [1.8, 0.0, 1.2, 1.0, 1.7, 0.0, 1.4, 1.3, 1.7, 0.0, 1.1, 0.0, 1.3, 1.2, 0.0, 1.2, 0.0, 2.0, 1.5, 0.0, 1.6, 1.8, 0.0, 0.0, 0.0, 0.0, 1.2, 0.0, 0.0, 1.3, 0.0, 0.0, 0.0, 1.6, 0.0]
Indi 37: Fitness: 52.01212121212122Genotype: [1.3, 0.0, 0.0, 0.0, 1.4, 1.1, 0.0, 0.0, 0.0, 0.0, 2.0, 0.0, 0.0, 1.5, 0.0, 1.7, 0.0, 1.4, 0.0, 1.7, 0.0, 0.0, 1.9, 1.3, 1.5, 0.0, 1.4, 1.6, 1.8, 0.0, 0.0, 0.0, 0.0, 0.0, 1.3]
Indi 38: Fitness: 52.41212121212122Genotype: [1.8, 0.0, 1.5, 1.0, 1.7, 0.0, 1.4, 1.7, 1.7, 0.0, 0.0, 0.0, 1.3, 1.2, 0.0, 1.2, 0.0, 2.0, 1.5, 0.0, 1.6, 1.8, 0.0, 0.0, 0.0, 0.0, 1.2, 0.0, 0.0, 1.3, 0.0, 0.0, 0.0, 1.9, 0.0]
Indi 39: Fitness: 52.41212121212122Genotype: [0.0, 1.1, 1.9, 1.9, 1.1, 1.3, 1.4, 0.0, 1.2, 0.0, 1.7, 0.0, 0.0, 2.0, 0.0, 1.2, 0.0, 0.0, 0.0, 2.0, 0.0, 1.7, 0.0, 1.4, 0.0, 1.9, 1.6, 0.0, 0.0, 0.0, 0.0, 0.0, 0.0, 0.0, 1.6]
Indi 40: Fitness: 52.61212121212122Genotype: [1.3, 0.0, 0.0, 0.0, 1.5, 1.1, 0.0, 0.0, 1.8, 0.0, 2.0, 0.0, 1.1, 0.0, 0.0, 1.7, 0.0, 0.0, 0.0, 1.7, 0.0, 0.0, 1.9, 0.0, 1.5, 0.0, 1.2, 1.6, 1.5, 0.0, 0.0, 0.0, 0.0, 0.0, 0.0]
Indi 41: Fitness: 52.61212121212122Genotype: [0.0, 1.1, 0.0, 1.9, 1.1, 1.3, 0.0, 0.0, 1.2, 1.7, 1.9, 1.9, 0.0, 2.0, 0.0, 1.2, 1.5, 0.0, 1.2, 2.0, 1.4, 1.7, 1.9, 1.4, 0.0, 0.0, 1.6, 0.0, 0.0, 0.0, 0.0, 0.0, 0.0, 0.0, 1.6]
Indi 42: Fitness: 52.61212121212122Genotype: [1.9, 0.0, 0.0, 0.0, 0.0, 0.0, 0.0, 1.0, 0.0, 1.5, 0.0, 0.0, 0.0, 1.4, 1.6, 1.9, 1.7, 0.0, 0.0, 1.9, 0.0, 1.2, 0.0, 0.0, 0.0, 1.9, 0.0, 0.0, 1.1, 1.6, 0.0, 1.2, 0.0, 0.0, 0.0]
Indi 43: Fitness: 52.81212121212122Genotype: [1.8, 0.0, 0.0, 0.0, 1.4, 1.1, 0.0, 0.0, 0.0, 0.0, 2.0, 0.0, 0.0, 0.0, 0.0, 1.7, 0.0, 1.4, 0.0, 1.7, 0.0, 0.0, 1.9, 0.0, 1.5, 0.0, 1.2, 1.6, 1.5, 0.0, 0.0, 0.0, 0.0, 0.0, 1.3]
Indi 44: Fitness: 53.01212121212122Genotype: [1.0, 1.1, 0.0, 1.9, 1.1, 1.3, 0.0, 0.0, 0.0, 1.4, 1.9, 1.2, 0.0, 2.0, 0.0, 1.2, 1.3, 0.0, 0.0, 2.0, 1.4, 1.7, 0.0, 1.4, 0.0, 1.9, 1.6, 0.0, 0.0, 0.0, 0.0, 0.0, 1.1, 0.0, 0.0]
Indi 45: Fitness: 53.412121212121214Genotype: [1.9, 0.0, 0.0, 0.0, 0.0, 0.0, 0.0, 1.0, 0.0, 1.5, 0.0, 0.0, 0.0, 1.4, 1.6, 1.9, 1.7, 0.0, 0.0, 1.9, 0.0, 1.9, 0.0, 0.0, 0.0, 1.9, 0.0, 0.0, 1.1, 0.0, 0.0, 1.1, 0.0, 0.0, 0.0]
Indi 46: Fitness: 53.41212121212122Genotype: [1.3, 0.0, 0.0, 0.0, 1.4, 1.1, 0.0, 0.0, 0.0, 0.0, 2.0, 0.0, 0.0, 0.0, 0.0, 1.7, 0.0, 1.4, 0.0, 1.7, 0.0, 0.0, 1.9, 0.0, 1.5, 0.0, 1.2, 1.6, 1.5, 0.0, 0.0, 0.0, 0.0, 0.0, 1.3]
Indi 47: Fitness: 53.81212121212122Genotype: [0.0, 1.1, 0.0, 1.9, 1.1, 1.3, 0.0, 0.0, 1.2, 1.7, 1.9, 1.2, 0.0, 2.0, 0.0, 1.2, 0.0, 0.0, 0.0, 2.0, 1.4, 1.7, 0.0, 1.4, 0.0, 1.9, 1.6, 0.0, 0.0, 0.0, 0.0, 0.0, 0.0, 0.0, 1.6]
Indi 48: Fitness: 53.912121212121214Genotype: [1.8, 0.0, 0.0, 1.0, 1.7, 0.0, 1.4, 1.7, 1.7, 0.0, 0.0, 0.0, 1.3, 1.2, 0.0, 1.2, 0.0, 2.0, 1.5, 0.0, 1.6, 1.8, 0.0, 0.0, 0.0, 0.0, 1.2, 0.0, 0.0, 1.3, 0.0, 0.0, 0.0, 1.9, 0.0]
Indi 49: Fitness: 54.21212121212122Genotype: [1.2, 1.8, 1.1, 0.0, 1.0, 0.0, 0.0, 0.0, 0.0, 1.0, 1.4, 1.0, 1.7, 0.0, 0.0, 1.2, 0.0, 0.0, 0.0, 0.0, 0.0, 1.1, 1.2, 1.7, 0.0, 0.0, 0.0, 0.0, 1.8, 1.9, 0.0, 0.0, 0.0, 0.0, 1.4]
