INICIO: Sun Jan 28 21:27:05 BRST 2018
INDIVIDUALS OF LAST GENERATION: 62
Indi 0: Fitness: -18.939393939393938Genotype: [0.0, 1.3, 0.0, 1.0, 1.7, 1.8, 1.4, 0.0, 1.7, 0.0, 0.0, 0.0, 0.0, 1.2, 0.0, 1.2, 0.0, 0.0, 1.5, 0.0, 1.2, 1.8, 0.0, 0.0, 0.0, 0.0, 1.2, 0.0, 0.0, 0.0, 0.0, 1.4, 0.0, 1.9, 0.0]
Indi 1: Fitness: 0.7121212121212182Genotype: [1.2, 1.8, 0.0, 0.0, 1.0, 0.0, 0.0, 2.0, 0.0, 0.0, 1.4, 1.0, 1.7, 0.0, 0.0, 1.2, 0.0, 0.0, 0.0, 0.0, 0.0, 1.1, 1.2, 1.7, 0.0, 0.0, 0.0, 2.0, 1.8, 1.9, 0.0, 0.0, 0.0, 0.0, 1.4]
Indi 2: Fitness: 18.75757575757577Genotype: [0.0, 1.3, 0.0, 0.0, 0.0, 0.0, 0.0, 1.0, 1.4, 1.5, 0.0, 0.0, 0.0, 0.0, 0.0, 1.1, 1.7, 0.0, 0.0, 1.9, 0.0, 1.4, 0.0, 0.0, 0.0, 1.9, 0.0, 0.0, 1.1, 0.0, 0.0, 1.1, 0.0, 1.7, 0.0]
Indi 3: Fitness: 30.214141414141416Genotype: [0.0, 1.3, 0.0, 0.0, 1.0, 0.0, 0.0, 1.0, 0.0, 1.5, 0.0, 1.3, 0.0, 1.4, 1.6, 1.9, 0.0, 0.0, 0.0, 1.9, 0.0, 1.9, 0.0, 0.0, 0.0, 0.0, 0.0, 0.0, 1.1, 0.0, 0.0, 1.1, 0.0, 1.6, 0.0]
Indi 4: Fitness: 35.06060606060606Genotype: [0.0, 1.5, 1.1, 0.0, 1.1, 1.3, 1.4, 0.0, 0.0, 1.7, 1.9, 1.2, 0.0, 2.0, 0.0, 1.3, 0.0, 0.0, 1.9, 2.0, 0.0, 1.7, 1.4, 1.4, 0.0, 1.8, 1.4, 1.1, 1.8, 1.9, 0.0, 1.2, 0.0, 0.0, 1.3]
Indi 5: Fitness: 35.96060606060607Genotype: [1.7, 1.8, 1.1, 0.0, 1.0, 0.0, 0.0, 1.8, 1.3, 0.0, 0.0, 1.0, 0.0, 1.9, 1.3, 1.2, 0.0, 0.0, 0.0, 0.0, 0.0, 1.1, 1.2, 1.7, 0.0, 2.0, 0.0, 0.0, 1.8, 1.9, 0.0, 1.7, 0.0, 0.0, 1.4]
Indi 6: Fitness: 37.160606060606064Genotype: [1.3, 1.3, 0.0, 1.0, 1.7, 0.0, 1.4, 0.0, 1.7, 0.0, 0.0, 0.0, 0.0, 1.2, 0.0, 0.0, 1.5, 2.0, 1.5, 0.0, 1.2, 1.8, 0.0, 0.0, 0.0, 0.0, 0.0, 0.0, 1.1, 1.3, 0.0, 0.0, 0.0, 1.9, 1.4]
Indi 7: Fitness: 37.56161616161616Genotype: [1.2, 1.8, 1.1, 0.0, 1.0, 0.0, 0.0, 0.0, 1.8, 2.0, 0.0, 1.5, 0.0, 0.0, 0.0, 0.0, 0.0, 0.0, 0.0, 0.0, 0.0, 0.0, 1.2, 1.7, 0.0, 0.0, 0.0, 0.0, 1.8, 1.4, 0.0, 0.0, 1.1, 0.0, 1.4]
Indi 8: Fitness: 37.86060606060606Genotype: [0.0, 1.3, 0.0, 1.0, 1.7, 0.0, 0.0, 0.0, 1.7, 0.0, 0.0, 0.0, 1.8, 0.0, 0.0, 1.2, 1.1, 2.0, 1.5, 0.0, 1.2, 1.8, 0.0, 0.0, 0.0, 0.0, 1.7, 0.0, 0.0, 1.3, 1.6, 0.0, 0.0, 1.9, 0.0]
Indi 9: Fitness: 41.112121212121224Genotype: [1.5, 1.5, 1.1, 0.0, 1.1, 1.5, 1.2, 0.0, 0.0, 1.7, 1.9, 1.2, 0.0, 2.0, 0.0, 1.2, 0.0, 0.0, 1.7, 2.0, 0.0, 1.7, 0.0, 1.4, 0.0, 1.8, 1.4, 0.0, 1.7, 1.3, 0.0, 0.0, 0.0, 0.0, 0.0]
Indi 10: Fitness: 46.11212121212122Genotype: [0.0, 1.1, 0.0, 1.0, 1.7, 0.0, 0.0, 1.7, 1.7, 0.0, 0.0, 0.0, 0.0, 1.2, 0.0, 1.2, 0.0, 2.0, 1.5, 1.8, 1.6, 0.0, 0.0, 1.7, 0.0, 0.0, 1.2, 0.0, 0.0, 1.4, 0.0, 0.0, 0.0, 0.0, 0.0]
Indi 11: Fitness: 46.31212121212122Genotype: [2.0, 1.7, 0.0, 0.0, 1.1, 1.3, 1.4, 0.0, 0.0, 1.7, 1.9, 1.2, 0.0, 2.0, 0.0, 0.0, 0.0, 0.0, 0.0, 2.0, 0.0, 1.7, 0.0, 1.4, 0.0, 1.8, 1.4, 0.0, 1.8, 1.3, 0.0, 0.0, 0.0, 0.0, 1.3]
Indi 12: Fitness: 46.51212121212122Genotype: [1.2, 1.8, 1.1, 0.0, 1.0, 0.0, 0.0, 0.0, 0.0, 1.2, 0.0, 1.0, 0.0, 0.0, 0.0, 1.2, 0.0, 0.0, 0.0, 1.1, 0.0, 0.0, 1.2, 0.0, 0.0, 0.0, 0.0, 0.0, 1.8, 1.8, 0.0, 0.0, 0.0, 0.0, 1.4]
Indi 13: Fitness: 47.012121212121215Genotype: [1.7, 1.8, 0.0, 0.0, 1.0, 0.0, 0.0, 0.0, 0.0, 1.0, 0.0, 0.0, 0.0, 0.0, 2.0, 1.2, 0.0, 0.0, 0.0, 0.0, 0.0, 1.1, 1.2, 1.7, 0.0, 2.0, 0.0, 0.0, 0.0, 1.9, 0.0, 0.0, 0.0, 0.0, 1.4]
Indi 14: Fitness: 47.01212121212122Genotype: [0.0, 1.1, 0.0, 1.0, 1.7, 0.0, 0.0, 1.7, 1.7, 0.0, 0.0, 0.0, 0.0, 1.2, 0.0, 1.2, 0.0, 2.0, 1.5, 0.0, 1.6, 1.8, 0.0, 1.7, 0.0, 0.0, 1.2, 0.0, 1.9, 1.4, 0.0, 0.0, 0.0, 1.9, 0.0]
Indi 15: Fitness: 47.112121212121224Genotype: [1.2, 1.8, 1.1, 0.0, 1.2, 0.0, 0.0, 0.0, 0.0, 2.0, 0.0, 1.0, 1.7, 0.0, 1.0, 0.0, 0.0, 0.0, 0.0, 0.0, 0.0, 0.0, 1.2, 1.7, 0.0, 0.0, 0.0, 0.0, 1.8, 1.8, 0.0, 0.0, 0.0, 0.0, 0.0]
Indi 16: Fitness: 47.21212121212122Genotype: [0.0, 1.3, 0.0, 1.0, 1.7, 0.0, 0.0, 1.7, 1.7, 0.0, 0.0, 0.0, 0.0, 1.2, 0.0, 1.2, 0.0, 2.0, 1.5, 0.0, 1.6, 1.8, 0.0, 1.7, 0.0, 0.0, 1.2, 0.0, 1.9, 1.4, 0.0, 0.0, 0.0, 1.9, 0.0]
Indi 17: Fitness: 47.31212121212122Genotype: [1.2, 1.8, 1.1, 0.0, 1.0, 0.0, 0.0, 0.0, 0.0, 2.0, 0.0, 1.5, 1.7, 0.0, 0.0, 0.0, 0.0, 0.0, 0.0, 0.0, 0.0, 0.0, 1.2, 1.7, 0.0, 0.0, 0.0, 0.0, 1.8, 0.0, 0.0, 0.0, 0.0, 0.0, 1.4]
Indi 18: Fitness: 47.46161616161618Genotype: [1.7, 1.8, 0.0, 1.0, 1.7, 0.0, 1.4, 0.0, 1.7, 0.0, 0.0, 0.0, 0.0, 1.2, 0.0, 1.2, 0.0, 2.0, 1.5, 0.0, 1.2, 1.8, 0.0, 0.0, 0.0, 0.0, 1.2, 0.0, 0.0, 1.3, 0.0, 0.0, 0.0, 1.9, 0.0]
Indi 19: Fitness: 47.91212121212122Genotype: [0.0, 1.3, 0.0, 0.0, 1.0, 0.0, 0.0, 0.0, 0.0, 2.0, 0.0, 1.5, 1.7, 0.0, 0.0, 0.0, 0.0, 0.0, 0.0, 0.0, 0.0, 0.0, 1.2, 1.7, 0.0, 0.0, 0.0, 0.0, 1.8, 1.8, 0.0, 0.0, 0.0, 0.0, 1.4]
Indi 20: Fitness: 49.11212121212122Genotype: [0.0, 0.0, 1.1, 0.0, 1.1, 1.3, 1.4, 0.0, 0.0, 1.7, 1.9, 1.2, 0.0, 2.0, 0.0, 1.2, 0.0, 0.0, 0.0, 2.0, 0.0, 1.7, 1.9, 1.4, 0.0, 1.8, 1.6, 0.0, 1.1, 1.3, 0.0, 0.0, 0.0, 0.0, 0.0]
Indi 21: Fitness: 49.91212121212122Genotype: [0.0, 1.3, 0.0, 1.0, 1.7, 0.0, 0.0, 1.7, 1.7, 0.0, 0.0, 0.0, 0.0, 1.2, 0.0, 1.2, 0.0, 2.0, 1.5, 0.0, 1.6, 1.8, 0.0, 1.7, 0.0, 0.0, 1.2, 0.0, 1.9, 1.4, 0.0, 0.0, 0.0, 1.9, 0.0]
Indi 22: Fitness: 50.012121212121215Genotype: [0.0, 1.3, 0.0, 0.0, 0.0, 0.0, 0.0, 1.0, 0.0, 1.5, 0.0, 0.0, 0.0, 0.0, 1.6, 1.9, 1.7, 0.0, 0.0, 1.9, 0.0, 1.9, 0.0, 0.0, 1.6, 1.9, 0.0, 0.0, 1.2, 0.0, 0.0, 1.1, 0.0, 0.0, 0.0]
Indi 23: Fitness: 50.11212121212122Genotype: [0.0, 1.3, 0.0, 1.0, 1.7, 0.0, 0.0, 0.0, 1.7, 0.0, 0.0, 0.0, 0.0, 0.0, 0.0, 1.2, 0.0, 2.0, 0.0, 0.0, 1.1, 1.8, 0.0, 0.0, 0.0, 0.0, 1.2, 0.0, 0.0, 1.3, 0.0, 0.0, 0.0, 1.9, 0.0]
Indi 24: Fitness: 50.112121212121224Genotype: [0.0, 0.0, 0.0, 1.5, 1.7, 0.0, 0.0, 1.7, 1.7, 0.0, 0.0, 0.0, 0.0, 1.2, 0.0, 1.2, 0.0, 2.0, 1.5, 0.0, 1.6, 1.8, 0.0, 1.7, 0.0, 0.0, 1.1, 1.8, 1.9, 1.4, 0.0, 0.0, 0.0, 0.0, 0.0]
Indi 25: Fitness: 50.112121212121224Genotype: [0.0, 1.5, 0.0, 1.0, 1.7, 0.0, 1.4, 0.0, 1.7, 0.0, 0.0, 0.0, 0.0, 1.2, 0.0, 1.2, 0.0, 2.0, 1.5, 0.0, 1.2, 1.8, 0.0, 0.0, 0.0, 0.0, 1.2, 0.0, 0.0, 1.3, 0.0, 0.0, 0.0, 1.9, 0.0]
Indi 26: Fitness: 50.21212121212122Genotype: [0.0, 1.1, 1.1, 1.0, 1.7, 0.0, 0.0, 1.7, 1.7, 0.0, 0.0, 0.0, 0.0, 1.2, 0.0, 1.2, 0.0, 2.0, 1.5, 0.0, 1.6, 1.8, 0.0, 1.1, 0.0, 0.0, 1.2, 0.0, 0.0, 2.0, 0.0, 0.0, 0.0, 1.9, 0.0]
Indi 27: Fitness: 50.512121212121215Genotype: [1.2, 1.8, 0.0, 1.0, 1.7, 0.0, 0.0, 1.7, 1.7, 0.0, 0.0, 0.0, 0.0, 1.2, 0.0, 1.2, 0.0, 2.0, 1.5, 0.0, 1.6, 1.8, 0.0, 1.7, 0.0, 0.0, 1.2, 0.0, 1.9, 1.4, 0.0, 0.0, 0.0, 1.9, 0.0]
Indi 28: Fitness: 50.51212121212123Genotype: [1.2, 1.8, 1.1, 1.4, 0.0, 0.0, 0.0, 0.0, 0.0, 1.0, 1.4, 1.0, 1.7, 0.0, 0.0, 1.2, 0.0, 0.0, 0.0, 0.0, 0.0, 0.0, 1.2, 1.7, 0.0, 0.0, 0.0, 0.0, 1.8, 1.2, 0.0, 0.0, 0.0, 0.0, 1.4]
Indi 29: Fitness: 50.612121212121224Genotype: [1.2, 1.8, 1.1, 0.0, 1.3, 1.1, 0.0, 0.0, 2.0, 1.0, 1.4, 1.0, 1.7, 0.0, 0.0, 1.2, 0.0, 0.0, 0.0, 0.0, 0.0, 1.1, 1.2, 0.0, 0.0, 1.4, 0.0, 0.0, 1.8, 1.9, 0.0, 0.0, 0.0, 0.0, 1.4]
Indi 30: Fitness: 50.71212121212122Genotype: [1.2, 1.8, 1.1, 0.0, 1.0, 0.0, 0.0, 0.0, 0.0, 1.0, 0.0, 1.0, 0.0, 0.0, 1.3, 1.2, 0.0, 0.0, 0.0, 0.0, 0.0, 1.1, 1.2, 1.7, 0.0, 2.0, 0.0, 0.0, 1.8, 1.9, 0.0, 0.0, 0.0, 0.0, 1.4]
Indi 31: Fitness: 51.01212121212122Genotype: [0.0, 1.5, 0.0, 1.0, 1.7, 0.0, 0.0, 1.7, 1.7, 0.0, 0.0, 0.0, 0.0, 1.2, 0.0, 1.2, 0.0, 2.0, 1.5, 0.0, 1.6, 1.8, 0.0, 1.7, 0.0, 0.0, 1.2, 0.0, 1.9, 1.4, 0.0, 0.0, 0.0, 1.9, 0.0]
Indi 32: Fitness: 51.01212121212122Genotype: [0.0, 1.3, 0.0, 1.0, 1.7, 0.0, 1.4, 0.0, 1.7, 0.0, 0.0, 0.0, 1.5, 0.0, 0.0, 1.2, 0.0, 2.0, 1.5, 0.0, 1.2, 1.8, 0.0, 0.0, 0.0, 0.0, 1.8, 0.0, 0.0, 0.0, 0.0, 0.0, 0.0, 1.9, 0.0]
Indi 33: Fitness: 51.31212121212123Genotype: [1.2, 0.0, 1.1, 0.0, 1.0, 0.0, 1.1, 0.0, 0.0, 1.0, 0.0, 1.5, 1.7, 0.0, 0.0, 1.2, 0.0, 0.0, 0.0, 0.0, 0.0, 0.0, 1.2, 1.7, 1.6, 0.0, 0.0, 0.0, 1.8, 1.8, 0.0, 0.0, 0.0, 0.0, 1.4]
Indi 34: Fitness: 51.61212121212122Genotype: [0.0, 1.5, 1.1, 0.0, 1.1, 1.5, 1.4, 0.0, 0.0, 1.7, 1.9, 1.2, 0.0, 2.0, 0.0, 1.2, 1.8, 0.0, 0.0, 2.0, 0.0, 1.7, 0.0, 1.4, 0.0, 1.8, 1.4, 0.0, 0.0, 1.2, 0.0, 0.0, 0.0, 0.0, 1.3]
Indi 35: Fitness: 52.01212121212123Genotype: [1.7, 1.8, 1.1, 0.0, 1.0, 0.0, 0.0, 0.0, 0.0, 1.0, 0.0, 1.0, 0.0, 0.0, 1.3, 1.2, 0.0, 0.0, 0.0, 0.0, 0.0, 1.1, 1.8, 1.3, 0.0, 2.0, 0.0, 0.0, 1.8, 1.9, 0.0, 0.0, 0.0, 0.0, 1.4]
Indi 36: Fitness: 52.21212121212122Genotype: [0.0, 1.5, 0.0, 0.0, 1.1, 1.5, 1.4, 0.0, 0.0, 1.7, 1.9, 1.2, 0.0, 2.0, 1.5, 1.2, 0.0, 0.0, 0.0, 2.0, 0.0, 0.0, 0.0, 1.4, 0.0, 1.8, 1.4, 0.0, 1.6, 1.3, 0.0, 0.0, 0.0, 0.0, 1.3]
Indi 37: Fitness: 52.71212121212122Genotype: [2.0, 0.0, 0.0, 1.0, 1.7, 1.2, 1.4, 0.0, 1.8, 0.0, 0.0, 0.0, 0.0, 1.2, 0.0, 1.2, 0.0, 2.0, 1.5, 0.0, 0.0, 0.0, 0.0, 0.0, 0.0, 0.0, 1.2, 0.0, 0.0, 1.3, 0.0, 0.0, 0.0, 1.9, 0.0]
Indi 38: Fitness: 52.712121212121225Genotype: [1.2, 0.0, 1.1, 0.0, 1.0, 0.0, 0.0, 0.0, 0.0, 1.0, 0.0, 1.0, 1.7, 0.0, 0.0, 0.0, 0.0, 0.0, 0.0, 0.0, 0.0, 0.0, 1.2, 1.8, 0.0, 0.0, 0.0, 0.0, 1.8, 1.8, 0.0, 0.0, 0.0, 0.0, 1.4]
Indi 39: Fitness: 53.41212121212122Genotype: [1.2, 1.8, 1.1, 0.0, 1.1, 1.5, 1.4, 0.0, 0.0, 1.7, 1.9, 1.2, 0.0, 2.0, 0.0, 1.2, 0.0, 0.0, 0.0, 2.0, 0.0, 1.7, 0.0, 1.4, 0.0, 1.8, 1.4, 0.0, 1.7, 1.3, 0.0, 0.0, 0.0, 0.0, 1.3]
Indi 40: Fitness: 54.112121212121224Genotype: [1.2, 1.8, 1.1, 0.0, 1.0, 0.0, 0.0, 0.0, 0.0, 1.0, 0.0, 1.0, 1.7, 0.0, 0.0, 1.2, 0.0, 0.0, 0.0, 0.0, 0.0, 0.0, 1.2, 1.7, 0.0, 0.0, 0.0, 0.0, 1.8, 1.8, 0.0, 0.0, 0.0, 0.0, 1.4]
Indi 41: Fitness: 54.21212121212122Genotype: [1.2, 1.8, 1.1, 0.0, 1.0, 0.0, 0.0, 0.0, 0.0, 1.0, 1.4, 1.0, 1.7, 0.0, 0.0, 1.2, 0.0, 0.0, 0.0, 0.0, 0.0, 1.1, 1.2, 1.7, 0.0, 0.0, 0.0, 0.0, 1.8, 1.9, 0.0, 0.0, 0.0, 0.0, 1.4]
Indi 42: Fitness: 54.212121212121225Genotype: [0.0, 1.5, 1.1, 0.0, 1.1, 1.5, 1.4, 0.0, 0.0, 1.7, 1.9, 1.2, 0.0, 2.0, 0.0, 1.2, 0.0, 0.0, 0.0, 2.0, 0.0, 1.7, 0.0, 1.4, 0.0, 1.8, 1.4, 0.0, 1.7, 1.3, 0.0, 0.0, 0.0, 0.0, 1.3]
Indi 43: Fitness: 54.212121212121225Genotype: [0.0, 1.3, 0.0, 0.0, 0.0, 0.0, 0.0, 1.0, 0.0, 1.5, 0.0, 0.0, 0.0, 1.4, 1.6, 1.9, 1.7, 0.0, 0.0, 1.9, 0.0, 1.9, 0.0, 0.0, 0.0, 1.9, 0.0, 0.0, 1.1, 0.0, 0.0, 1.1, 0.0, 0.0, 0.0]
Indi 44: Fitness: 54.212121212121225Genotype: [0.0, 1.3, 0.0, 1.0, 1.7, 0.0, 1.4, 0.0, 1.7, 0.0, 0.0, 0.0, 0.0, 1.2, 0.0, 1.2, 0.0, 2.0, 1.5, 0.0, 1.2, 1.8, 0.0, 0.0, 0.0, 0.0, 1.2, 0.0, 0.0, 1.3, 0.0, 0.0, 0.0, 1.9, 0.0]
Indi 45: Fitness: 54.61212121212122Genotype: [1.2, 1.8, 1.1, 0.0, 1.0, 0.0, 0.0, 0.0, 0.0, 2.0, 0.0, 1.5, 1.7, 0.0, 0.0, 0.0, 0.0, 0.0, 0.0, 0.0, 0.0, 0.0, 1.2, 1.7, 0.0, 0.0, 0.0, 0.0, 1.8, 1.8, 0.0, 0.0, 0.0, 0.0, 1.4]
Indi 46: Fitness: 54.61212121212122Genotype: [0.0, 1.3, 0.0, 1.0, 1.7, 0.0, 1.4, 0.0, 1.7, 0.0, 0.0, 0.0, 0.0, 1.2, 0.0, 1.2, 0.0, 2.0, 1.5, 0.0, 1.2, 1.8, 0.0, 0.0, 0.0, 0.0, 1.2, 0.0, 0.0, 1.3, 0.0, 0.0, 0.0, 1.9, 0.0]
Indi 47: Fitness: 54.61212121212122Genotype: [0.0, 1.5, 1.1, 0.0, 1.1, 1.3, 1.4, 0.0, 0.0, 1.7, 1.9, 1.2, 0.0, 2.0, 0.0, 1.2, 0.0, 0.0, 0.0, 2.0, 0.0, 1.7, 0.0, 1.4, 0.0, 1.8, 1.4, 0.0, 1.8, 1.3, 0.0, 0.0, 0.0, 0.0, 1.3]
Indi 48: Fitness: 54.81212121212122Genotype: [0.0, 1.1, 0.0, 1.0, 1.7, 0.0, 0.0, 1.7, 1.7, 0.0, 0.0, 0.0, 0.0, 1.2, 0.0, 1.2, 0.0, 2.0, 1.5, 0.0, 1.6, 1.8, 0.0, 1.7, 0.0, 0.0, 1.2, 0.0, 1.9, 1.4, 0.0, 0.0, 0.0, 1.9, 0.0]
Indi 49: Fitness: 55.61212121212122Genotype: [1.7, 1.8, 1.1, 0.0, 1.0, 0.0, 0.0, 0.0, 0.0, 1.0, 0.0, 1.0, 0.0, 0.0, 1.3, 1.2, 0.0, 0.0, 0.0, 0.0, 0.0, 1.1, 1.2, 1.7, 0.0, 2.0, 0.0, 0.0, 1.8, 1.9, 0.0, 0.0, 0.0, 0.0, 1.4]
