INICIO: Sun Jan 28 20:48:46 BRST 2018
INDIVIDUALS OF LAST GENERATION: 34
Indi 0: Fitness: -13.487878787878778Genotype: [0.0, 1.1, 0.0, 1.3, 1.1, 1.3, 1.4, 0.0, 0.0, 1.7, 1.9, 1.2, 0.0, 2.0, 0.0, 1.2, 0.0, 0.0, 0.0, 1.1, 0.0, 1.7, 0.0, 1.3, 0.0, 1.8, 0.0, 0.0, 1.6, 1.3, 0.0, 0.0, 0.0, 0.0, 0.0]
Indi 1: Fitness: 14.412121212121217Genotype: [0.0, 1.8, 1.1, 0.0, 1.0, 0.0, 0.0, 0.0, 0.0, 0.0, 0.0, 1.0, 1.7, 0.0, 0.0, 1.2, 0.0, 0.0, 0.0, 0.0, 0.0, 0.0, 1.2, 1.7, 0.0, 0.0, 1.0, 0.0, 1.8, 1.8, 0.0, 0.0, 1.3, 0.0, 1.4]
Indi 2: Fitness: 15.912121212121217Genotype: [0.0, 1.1, 0.0, 1.0, 1.7, 0.0, 0.0, 1.7, 1.7, 0.0, 0.0, 0.0, 0.0, 1.2, 0.0, 1.2, 0.0, 2.0, 1.5, 0.0, 1.6, 1.8, 0.0, 1.7, 0.0, 0.0, 1.2, 0.0, 1.9, 1.4, 0.0, 0.0, 0.0, 1.9, 0.0]
Indi 3: Fitness: 16.112121212121217Genotype: [0.0, 1.6, 0.0, 1.0, 1.2, 0.0, 1.4, 1.3, 1.7, 0.0, 0.0, 0.0, 0.0, 1.2, 0.0, 1.2, 0.0, 2.0, 1.5, 0.0, 1.2, 1.8, 0.0, 0.0, 0.0, 1.4, 1.8, 0.0, 0.0, 0.0, 0.0, 0.0, 0.0, 0.0, 0.0]
Indi 4: Fitness: 25.01212121212122Genotype: [0.0, 1.1, 1.1, 0.0, 1.0, 0.0, 0.0, 0.0, 0.0, 1.0, 0.0, 1.0, 1.7, 0.0, 0.0, 1.2, 0.0, 0.0, 0.0, 0.0, 0.0, 0.0, 1.2, 1.7, 0.0, 0.0, 0.0, 0.0, 1.8, 1.8, 0.0, 0.0, 0.0, 0.0, 1.4]
Indi 5: Fitness: 35.160606060606064Genotype: [0.0, 1.5, 1.1, 0.0, 1.1, 1.3, 0.0, 1.0, 0.0, 1.7, 1.9, 1.2, 0.0, 2.0, 0.0, 1.2, 0.0, 0.0, 2.0, 0.0, 0.0, 1.7, 0.0, 1.4, 0.0, 1.8, 1.4, 0.0, 1.8, 1.3, 0.0, 1.4, 0.0, 0.0, 1.3]
Indi 6: Fitness: 35.46060606060607Genotype: [0.0, 1.0, 0.0, 1.0, 1.2, 0.0, 1.4, 0.0, 1.7, 1.2, 0.0, 0.0, 0.0, 1.2, 0.0, 1.2, 0.0, 2.0, 1.5, 0.0, 1.2, 1.8, 0.0, 0.0, 0.0, 0.0, 1.8, 0.0, 0.0, 2.0, 0.0, 1.8, 0.0, 1.8, 1.5]
Indi 7: Fitness: 35.86060606060606Genotype: [1.2, 1.8, 0.0, 0.0, 1.0, 0.0, 0.0, 0.0, 0.0, 1.0, 0.0, 1.0, 1.7, 0.0, 0.0, 1.6, 0.0, 0.0, 0.0, 0.0, 0.0, 0.0, 1.2, 1.7, 0.0, 0.0, 0.0, 0.0, 1.8, 0.0, 0.0, 0.0, 2.0, 0.0, 1.4]
Indi 8: Fitness: 36.260606060606065Genotype: [0.0, 1.3, 2.0, 0.0, 0.0, 0.0, 0.0, 1.0, 0.0, 1.5, 0.0, 0.0, 0.0, 1.4, 0.0, 1.9, 1.7, 0.0, 0.0, 1.9, 0.0, 1.9, 0.0, 0.0, 0.0, 1.9, 0.0, 0.0, 1.1, 0.0, 0.0, 1.1, 1.7, 0.0, 1.5]
Indi 9: Fitness: 36.260606060606065Genotype: [1.8, 0.0, 1.3, 1.0, 1.7, 0.0, 1.4, 1.7, 1.7, 0.0, 0.0, 0.0, 1.3, 1.2, 0.0, 1.2, 0.0, 2.0, 1.5, 0.0, 1.6, 1.8, 0.0, 1.7, 0.0, 0.0, 1.2, 0.0, 1.3, 1.3, 0.0, 1.2, 0.0, 1.9, 0.0]
Indi 10: Fitness: 36.46060606060606Genotype: [1.2, 0.0, 1.1, 0.0, 1.0, 0.0, 0.0, 2.0, 0.0, 1.0, 1.4, 1.0, 1.7, 0.0, 0.0, 1.2, 0.0, 0.0, 0.0, 0.0, 0.0, 1.1, 1.2, 1.3, 0.0, 0.0, 0.0, 0.0, 1.8, 1.9, 0.0, 2.0, 0.0, 0.0, 1.4]
Indi 11: Fitness: 36.46060606060606Genotype: [0.0, 1.3, 0.0, 1.0, 1.2, 0.0, 1.4, 1.3, 1.7, 0.0, 0.0, 0.0, 0.0, 1.2, 0.0, 1.2, 0.0, 2.0, 1.5, 0.0, 0.0, 1.8, 0.0, 0.0, 1.9, 0.0, 1.8, 0.0, 0.0, 0.0, 0.0, 0.0, 1.5, 1.2, 0.0]
Indi 12: Fitness: 36.46060606060607Genotype: [0.0, 1.1, 0.0, 1.0, 1.7, 0.0, 0.0, 1.7, 1.1, 0.0, 0.0, 0.0, 0.0, 1.8, 0.0, 1.2, 0.0, 2.0, 1.5, 0.0, 1.6, 1.8, 0.0, 1.7, 0.0, 0.0, 1.2, 0.0, 1.8, 1.4, 0.0, 0.0, 1.6, 1.6, 0.0]
Indi 13: Fitness: 38.66060606060606Genotype: [0.0, 1.5, 0.0, 1.0, 1.7, 0.0, 1.4, 0.0, 1.7, 0.0, 0.0, 0.0, 0.0, 1.2, 0.0, 0.0, 0.0, 0.0, 0.0, 0.0, 1.2, 1.8, 0.0, 0.0, 0.0, 0.0, 1.2, 0.0, 0.0, 1.3, 0.0, 1.4, 0.0, 1.9, 0.0]
Indi 14: Fitness: 46.51212121212122Genotype: [1.8, 0.0, 0.0, 0.0, 0.0, 0.0, 0.0, 1.0, 0.0, 1.5, 0.0, 0.0, 0.0, 1.4, 1.6, 1.9, 1.7, 0.0, 0.0, 1.9, 0.0, 1.9, 0.0, 0.0, 0.0, 1.9, 0.0, 0.0, 1.1, 0.0, 0.0, 1.1, 0.0, 0.0, 0.0]
Indi 15: Fitness: 46.81212121212123Genotype: [1.8, 0.0, 0.0, 1.0, 1.7, 0.0, 1.4, 1.7, 1.7, 0.0, 0.0, 0.0, 1.3, 1.3, 0.0, 1.2, 0.0, 0.0, 0.0, 0.0, 0.0, 1.8, 1.5, 0.0, 0.0, 0.0, 1.3, 0.0, 0.0, 1.3, 0.0, 0.0, 0.0, 0.0, 0.0]
Indi 16: Fitness: 47.41212121212122Genotype: [0.0, 1.5, 1.1, 0.0, 1.2, 1.3, 1.4, 0.0, 0.0, 1.7, 1.9, 1.2, 1.5, 2.0, 0.0, 0.0, 0.0, 0.0, 0.0, 2.0, 0.0, 1.7, 1.3, 1.4, 0.0, 1.8, 1.4, 0.0, 1.8, 1.3, 0.0, 0.0, 0.0, 0.0, 1.3]
Indi 17: Fitness: 47.81212121212122Genotype: [1.7, 1.8, 1.1, 0.0, 1.0, 0.0, 0.0, 1.3, 0.0, 1.8, 0.0, 1.0, 0.0, 0.0, 1.3, 1.2, 0.0, 0.0, 0.0, 0.0, 1.1, 1.5, 1.2, 1.7, 0.0, 2.0, 0.0, 0.0, 1.8, 1.9, 0.0, 0.0, 0.0, 0.0, 1.4]
Indi 18: Fitness: 47.81212121212123Genotype: [0.0, 1.5, 0.0, 0.0, 1.1, 1.3, 1.4, 0.0, 0.0, 1.7, 1.9, 1.2, 0.0, 2.0, 1.4, 1.2, 0.0, 0.0, 0.0, 2.0, 0.0, 1.8, 0.0, 0.0, 0.0, 1.8, 1.4, 0.0, 1.8, 1.3, 0.0, 0.0, 0.0, 1.5, 0.0]
Indi 19: Fitness: 48.01212121212122Genotype: [0.0, 2.0, 0.0, 1.0, 1.7, 0.0, 0.0, 1.7, 1.9, 0.0, 0.0, 0.0, 0.0, 1.2, 0.0, 1.2, 0.0, 2.0, 1.5, 1.4, 1.6, 0.0, 0.0, 1.7, 0.0, 0.0, 1.2, 0.0, 1.4, 1.4, 0.0, 0.0, 0.0, 1.9, 0.0]
Indi 20: Fitness: 48.01212121212122Genotype: [0.0, 1.1, 0.0, 1.0, 1.1, 1.3, 1.9, 1.6, 0.0, 1.7, 1.9, 1.2, 0.0, 2.0, 0.0, 1.2, 0.0, 0.0, 0.0, 2.0, 0.0, 1.7, 0.0, 1.4, 1.1, 1.8, 1.6, 0.0, 1.8, 1.3, 0.0, 0.0, 0.0, 1.0, 0.0]
Indi 21: Fitness: 48.71212121212122Genotype: [1.5, 1.8, 1.4, 0.0, 1.0, 0.0, 0.0, 0.0, 0.0, 1.0, 0.0, 1.0, 0.0, 0.0, 1.3, 1.2, 0.0, 0.0, 0.0, 0.0, 0.0, 1.1, 1.2, 1.7, 1.1, 1.4, 0.0, 0.0, 1.8, 1.9, 0.0, 0.0, 0.0, 0.0, 1.8]
Indi 22: Fitness: 48.91212121212122Genotype: [0.0, 1.3, 0.0, 1.0, 1.7, 0.0, 1.4, 0.0, 1.7, 0.0, 0.0, 0.0, 0.0, 1.2, 0.0, 1.2, 0.0, 2.0, 1.5, 1.9, 1.2, 1.8, 1.9, 0.0, 0.0, 0.0, 1.2, 1.6, 1.7, 1.3, 0.0, 0.0, 0.0, 1.9, 0.0]
Indi 23: Fitness: 49.41212121212122Genotype: [0.0, 1.1, 0.0, 1.0, 1.7, 0.0, 1.2, 1.7, 1.7, 0.0, 0.0, 0.0, 0.0, 1.2, 0.0, 0.0, 0.0, 2.0, 1.5, 0.0, 1.6, 1.8, 0.0, 1.7, 1.3, 0.0, 1.2, 0.0, 1.9, 1.4, 0.0, 0.0, 0.0, 1.4, 0.0]
Indi 24: Fitness: 49.41212121212122Genotype: [1.2, 1.8, 1.1, 0.0, 1.0, 0.0, 0.0, 0.0, 1.5, 1.0, 1.4, 0.0, 1.7, 2.0, 0.0, 1.2, 0.0, 0.0, 0.0, 0.0, 0.0, 1.1, 1.2, 1.7, 0.0, 0.0, 0.0, 0.0, 1.8, 1.9, 0.0, 0.0, 0.0, 0.0, 1.4]
Indi 25: Fitness: 49.41212121212122Genotype: [0.0, 1.3, 0.0, 0.0, 1.0, 0.0, 0.0, 0.0, 0.0, 1.0, 0.0, 1.0, 1.7, 0.0, 0.0, 1.2, 0.0, 0.0, 0.0, 0.0, 0.0, 0.0, 1.2, 1.7, 0.0, 0.0, 0.0, 0.0, 1.8, 1.8, 0.0, 0.0, 0.0, 0.0, 1.4]
Indi 26: Fitness: 49.512121212121215Genotype: [1.1, 0.0, 0.0, 1.0, 1.7, 0.0, 0.0, 0.0, 1.7, 1.8, 0.0, 0.0, 0.0, 1.2, 0.0, 1.2, 0.0, 2.0, 0.0, 0.0, 1.2, 1.8, 0.0, 0.0, 0.0, 0.0, 1.2, 0.0, 0.0, 1.6, 0.0, 0.0, 0.0, 1.9, 0.0]
Indi 27: Fitness: 50.31212121212122Genotype: [0.0, 1.3, 0.0, 0.0, 1.0, 0.0, 0.0, 0.0, 0.0, 1.0, 1.4, 1.0, 1.7, 0.0, 0.0, 1.2, 0.0, 0.0, 0.0, 0.0, 0.0, 1.1, 1.2, 1.7, 0.0, 0.0, 0.0, 0.0, 1.8, 1.9, 0.0, 0.0, 0.0, 0.0, 1.4]
Indi 28: Fitness: 50.412121212121214Genotype: [1.2, 0.0, 1.1, 0.0, 1.0, 0.0, 0.0, 0.0, 0.0, 0.0, 0.0, 1.0, 1.7, 0.0, 0.0, 1.2, 0.0, 0.0, 0.0, 0.0, 0.0, 0.0, 1.2, 1.7, 0.0, 0.0, 0.0, 0.0, 1.8, 1.8, 0.0, 0.0, 0.0, 0.0, 1.3]
Indi 29: Fitness: 50.512121212121215Genotype: [1.2, 0.0, 1.1, 0.0, 1.0, 0.0, 0.0, 0.0, 0.0, 1.9, 0.0, 1.0, 1.7, 0.0, 0.0, 1.2, 0.0, 0.0, 0.0, 0.0, 0.0, 1.1, 0.0, 1.7, 0.0, 0.0, 0.0, 0.0, 1.8, 1.8, 0.0, 0.0, 0.0, 0.0, 1.4]
Indi 30: Fitness: 50.51212121212122Genotype: [1.8, 0.0, 0.0, 1.0, 1.7, 0.0, 1.4, 1.7, 0.0, 0.0, 0.0, 1.8, 1.3, 1.2, 0.0, 1.2, 0.0, 0.0, 1.5, 0.0, 1.6, 1.8, 0.0, 0.0, 0.0, 0.0, 0.0, 0.0, 0.0, 1.3, 0.0, 0.0, 0.0, 0.0, 0.0]
Indi 31: Fitness: 50.81212121212122Genotype: [0.0, 1.3, 0.0, 0.0, 1.0, 0.0, 0.0, 0.0, 0.0, 1.0, 1.4, 1.0, 1.7, 0.0, 0.0, 1.2, 0.0, 0.0, 0.0, 0.0, 0.0, 1.1, 1.2, 1.7, 0.0, 0.0, 0.0, 0.0, 1.8, 1.9, 0.0, 0.0, 0.0, 0.0, 1.4]
Indi 32: Fitness: 51.012121212121215Genotype: [1.2, 1.8, 0.0, 1.0, 1.7, 0.0, 1.4, 0.0, 1.7, 0.0, 0.0, 0.0, 0.0, 1.2, 0.0, 1.2, 0.0, 2.0, 1.5, 0.0, 1.2, 1.8, 0.0, 0.0, 0.0, 0.0, 1.2, 0.0, 0.0, 1.3, 0.0, 0.0, 0.0, 1.9, 0.0]
Indi 33: Fitness: 51.31212121212122Genotype: [1.7, 1.8, 1.1, 0.0, 1.3, 0.0, 0.0, 1.8, 0.0, 1.0, 0.0, 1.0, 0.0, 0.0, 1.3, 1.2, 0.0, 0.0, 0.0, 0.0, 0.0, 1.1, 1.2, 1.7, 1.4, 0.0, 0.0, 0.0, 1.8, 1.9, 0.0, 0.0, 0.0, 1.2, 1.4]
Indi 34: Fitness: 51.31212121212123Genotype: [0.0, 1.5, 1.1, 0.0, 1.0, 0.0, 0.0, 0.0, 0.0, 1.0, 1.4, 1.0, 1.7, 0.0, 0.0, 1.2, 0.0, 0.0, 0.0, 0.0, 0.0, 1.1, 1.2, 1.7, 0.0, 0.0, 0.0, 0.0, 1.8, 1.9, 0.0, 0.0, 0.0, 0.0, 1.4]
Indi 35: Fitness: 51.51212121212122Genotype: [1.2, 1.8, 1.1, 0.0, 0.0, 0.0, 0.0, 1.0, 0.0, 1.5, 0.0, 0.0, 0.0, 1.4, 1.6, 1.9, 1.7, 0.0, 0.0, 1.9, 0.0, 1.9, 0.0, 0.0, 0.0, 1.9, 0.0, 0.0, 1.1, 0.0, 0.0, 1.1, 0.0, 0.0, 0.0]
Indi 36: Fitness: 51.612121212121224Genotype: [0.0, 1.3, 1.7, 0.0, 0.0, 1.2, 0.0, 1.0, 0.0, 1.5, 0.0, 0.0, 0.0, 1.4, 1.4, 1.9, 1.7, 0.0, 0.0, 1.9, 0.0, 1.9, 0.0, 0.0, 0.0, 1.9, 0.0, 0.0, 1.1, 0.0, 0.0, 1.1, 0.0, 0.0, 0.0]
Indi 37: Fitness: 51.91212121212122Genotype: [1.7, 1.8, 0.0, 1.0, 1.2, 0.0, 1.4, 1.3, 1.7, 0.0, 0.0, 0.0, 0.0, 1.2, 0.0, 1.2, 0.0, 2.0, 1.5, 0.0, 1.2, 1.8, 0.0, 0.0, 0.0, 0.0, 1.8, 0.0, 0.0, 0.0, 0.0, 0.0, 0.0, 1.8, 0.0]
Indi 38: Fitness: 52.21212121212122Genotype: [0.0, 1.3, 0.0, 1.1, 0.0, 0.0, 0.0, 1.0, 0.0, 0.0, 0.0, 0.0, 0.0, 0.0, 1.6, 1.9, 1.7, 0.0, 0.0, 1.9, 0.0, 0.0, 0.0, 0.0, 0.0, 1.9, 0.0, 0.0, 1.1, 0.0, 0.0, 0.0, 0.0, 0.0, 0.0]
Indi 39: Fitness: 52.212121212121225Genotype: [0.0, 0.0, 0.0, 1.0, 0.0, 1.3, 1.7, 0.0, 0.0, 1.7, 1.9, 1.0, 0.0, 2.0, 0.0, 1.2, 0.0, 0.0, 0.0, 2.0, 0.0, 1.7, 0.0, 1.4, 0.0, 0.0, 1.6, 0.0, 1.8, 0.0, 1.1, 0.0, 0.0, 0.0, 0.0]
Indi 40: Fitness: 53.81212121212123Genotype: [0.0, 1.3, 0.0, 1.0, 1.2, 0.0, 1.4, 1.3, 1.7, 0.0, 0.0, 0.0, 0.0, 1.2, 0.0, 1.2, 0.0, 2.0, 1.5, 0.0, 1.2, 1.8, 0.0, 0.0, 0.0, 0.0, 1.8, 0.0, 0.0, 0.0, 0.0, 0.0, 0.0, 1.8, 0.0]
Indi 41: Fitness: 53.912121212121214Genotype: [1.8, 0.0, 0.0, 1.0, 1.7, 0.0, 1.4, 1.7, 1.7, 0.0, 0.0, 0.0, 1.3, 1.2, 0.0, 1.2, 0.0, 2.0, 1.5, 0.0, 1.6, 1.8, 0.0, 0.0, 0.0, 0.0, 1.2, 0.0, 0.0, 1.3, 0.0, 0.0, 0.0, 1.9, 0.0]
Indi 42: Fitness: 54.11212121212122Genotype: [0.0, 1.1, 0.0, 1.0, 1.1, 1.3, 1.4, 0.0, 0.0, 1.7, 1.9, 1.2, 0.0, 2.0, 0.0, 1.2, 0.0, 0.0, 0.0, 2.0, 0.0, 1.7, 0.0, 1.4, 0.0, 1.8, 1.6, 0.0, 1.8, 1.3, 0.0, 0.0, 0.0, 0.0, 0.0]
Indi 43: Fitness: 54.112121212121224Genotype: [1.2, 1.8, 1.1, 0.0, 1.0, 0.0, 0.0, 0.0, 0.0, 1.0, 0.0, 1.0, 1.7, 0.0, 0.0, 1.2, 0.0, 0.0, 0.0, 0.0, 0.0, 0.0, 1.2, 1.7, 0.0, 0.0, 0.0, 0.0, 1.8, 1.8, 0.0, 0.0, 0.0, 0.0, 1.4]
Indi 44: Fitness: 54.21212121212122Genotype: [1.2, 1.8, 1.1, 0.0, 1.0, 0.0, 0.0, 0.0, 0.0, 1.0, 1.4, 1.0, 1.7, 0.0, 0.0, 1.2, 0.0, 0.0, 0.0, 0.0, 0.0, 1.1, 1.2, 1.7, 0.0, 0.0, 0.0, 0.0, 1.8, 1.9, 0.0, 0.0, 0.0, 0.0, 1.4]
Indi 45: Fitness: 54.212121212121225Genotype: [0.0, 1.3, 0.0, 0.0, 0.0, 0.0, 0.0, 1.0, 0.0, 1.5, 0.0, 0.0, 0.0, 1.4, 1.6, 1.9, 1.7, 0.0, 0.0, 1.9, 0.0, 1.9, 0.0, 0.0, 0.0, 1.9, 0.0, 0.0, 1.1, 0.0, 0.0, 1.1, 0.0, 0.0, 0.0]
Indi 46: Fitness: 54.61212121212122Genotype: [0.0, 1.3, 0.0, 1.0, 1.7, 0.0, 1.4, 0.0, 1.7, 0.0, 0.0, 0.0, 0.0, 1.2, 0.0, 1.2, 0.0, 2.0, 1.5, 0.0, 1.2, 1.8, 0.0, 0.0, 0.0, 0.0, 1.2, 0.0, 0.0, 1.3, 0.0, 0.0, 0.0, 1.9, 0.0]
Indi 47: Fitness: 54.61212121212122Genotype: [0.0, 1.5, 1.1, 0.0, 1.1, 1.3, 1.4, 0.0, 0.0, 1.7, 1.9, 1.2, 0.0, 2.0, 0.0, 1.2, 0.0, 0.0, 0.0, 2.0, 0.0, 1.7, 0.0, 1.4, 0.0, 1.8, 1.4, 0.0, 1.8, 1.3, 0.0, 0.0, 0.0, 0.0, 1.3]
Indi 48: Fitness: 54.81212121212122Genotype: [0.0, 1.1, 0.0, 1.0, 1.7, 0.0, 0.0, 1.7, 1.7, 0.0, 0.0, 0.0, 0.0, 1.2, 0.0, 1.2, 0.0, 2.0, 1.5, 0.0, 1.6, 1.8, 0.0, 1.7, 0.0, 0.0, 1.2, 0.0, 1.9, 1.4, 0.0, 0.0, 0.0, 1.9, 0.0]
Indi 49: Fitness: 55.61212121212122Genotype: [1.7, 1.8, 1.1, 0.0, 1.0, 0.0, 0.0, 0.0, 0.0, 1.0, 0.0, 1.0, 0.0, 0.0, 1.3, 1.2, 0.0, 0.0, 0.0, 0.0, 0.0, 1.1, 1.2, 1.7, 0.0, 2.0, 0.0, 0.0, 1.8, 1.9, 0.0, 0.0, 0.0, 0.0, 1.4]
