INICIO: Sun Jan 28 20:20:22 BRST 2018
INDIVIDUALS OF LAST GENERATION: 13
Indi 0: Fitness: -10.987878787878778Genotype: [1.3, 0.0, 0.0, 1.0, 1.7, 0.0, 1.4, 1.7, 1.7, 0.0, 0.0, 0.0, 1.3, 1.2, 0.0, 1.2, 0.0, 2.0, 1.5, 0.0, 1.6, 1.8, 0.0, 0.0, 0.0, 0.0, 1.2, 0.0, 0.0, 1.3, 0.0, 0.0, 0.0, 1.9, 0.0]
Indi 1: Fitness: 19.01212121212122Genotype: [1.8, 0.0, 0.0, 0.0, 1.4, 0.0, 1.5, 2.0, 0.0, 0.0, 2.0, 0.0, 0.0, 0.0, 0.0, 0.0, 0.0, 1.4, 0.0, 1.7, 0.0, 0.0, 1.9, 0.0, 1.5, 1.9, 1.3, 1.6, 0.0, 0.0, 0.0, 0.0, 0.0, 0.0, 1.3]
Indi 2: Fitness: 35.06060606060606Genotype: [1.8, 0.0, 0.0, 1.0, 1.7, 0.0, 1.4, 1.7, 1.7, 0.0, 0.0, 0.0, 1.3, 1.2, 0.0, 1.2, 0.0, 1.9, 1.5, 0.0, 1.6, 1.8, 0.0, 0.0, 0.0, 0.0, 1.2, 0.0, 0.0, 1.3, 0.0, 0.0, 1.9, 1.9, 0.0]
Indi 3: Fitness: 35.66060606060606Genotype: [1.8, 0.0, 0.0, 1.0, 1.7, 0.0, 1.4, 1.7, 1.7, 0.0, 0.0, 0.0, 0.0, 0.0, 0.0, 1.6, 0.0, 2.0, 1.5, 0.0, 1.6, 1.8, 1.8, 0.0, 0.0, 0.0, 1.2, 0.0, 0.0, 1.3, 1.4, 0.0, 0.0, 1.9, 0.0]
Indi 4: Fitness: 36.47070707070708Genotype: [0.0, 1.9, 1.1, 0.0, 1.0, 0.0, 0.0, 0.0, 0.0, 1.0, 0.0, 1.0, 1.7, 0.0, 0.0, 1.2, 0.0, 0.0, 0.0, 0.0, 0.0, 1.1, 1.2, 1.7, 0.0, 0.0, 0.0, 0.0, 1.8, 1.9, 0.0, 0.0, 1.4, 0.0, 1.4]
Indi 5: Fitness: 36.66060606060606Genotype: [0.0, 1.3, 0.0, 1.9, 1.1, 1.3, 0.0, 0.0, 1.2, 1.7, 1.5, 1.9, 0.0, 2.0, 1.7, 1.2, 1.5, 1.2, 1.2, 2.0, 1.1, 1.5, 1.9, 1.4, 0.0, 1.6, 1.6, 0.0, 0.0, 0.0, 0.0, 1.3, 0.0, 0.0, 1.6]
Indi 6: Fitness: 37.260606060606065Genotype: [1.2, 1.8, 1.1, 0.0, 1.0, 0.0, 0.0, 0.0, 0.0, 1.0, 1.4, 1.0, 1.7, 0.0, 0.0, 1.2, 0.0, 0.0, 0.0, 1.1, 0.0, 1.1, 1.2, 1.7, 0.0, 0.0, 0.0, 0.0, 0.0, 1.9, 1.9, 0.0, 1.9, 1.9, 1.4]
Indi 7: Fitness: 37.260606060606065Genotype: [1.3, 0.0, 1.9, 1.0, 0.0, 0.0, 1.4, 1.7, 1.7, 0.0, 0.0, 2.0, 1.3, 1.2, 0.0, 1.2, 0.0, 2.0, 1.5, 1.5, 1.6, 1.8, 0.0, 1.7, 0.0, 0.0, 1.2, 0.0, 0.0, 1.3, 0.0, 1.2, 0.0, 1.9, 0.0]
Indi 8: Fitness: 43.81212121212123Genotype: [1.3, 0.0, 0.0, 0.0, 1.4, 0.0, 0.0, 0.0, 1.7, 0.0, 2.0, 0.0, 0.0, 0.0, 0.0, 1.7, 0.0, 0.0, 0.0, 1.1, 0.0, 0.0, 1.0, 0.0, 1.5, 0.0, 1.2, 1.6, 1.5, 0.0, 0.0, 0.0, 0.0, 0.0, 1.2]
Indi 9: Fitness: 47.81212121212122Genotype: [1.9, 0.0, 0.0, 0.0, 0.0, 0.0, 0.0, 0.0, 0.0, 1.5, 0.0, 0.0, 0.0, 1.2, 1.8, 1.9, 1.7, 0.0, 0.0, 1.9, 0.0, 1.9, 0.0, 0.0, 0.0, 1.9, 0.0, 0.0, 1.1, 0.0, 0.0, 1.1, 0.0, 0.0, 0.0]
Indi 10: Fitness: 47.91212121212122Genotype: [1.8, 0.0, 1.8, 0.0, 1.4, 0.0, 0.0, 2.0, 1.1, 0.0, 2.0, 0.0, 0.0, 0.0, 0.0, 0.0, 0.0, 1.4, 0.0, 1.2, 0.0, 0.0, 1.0, 0.0, 1.5, 0.0, 1.2, 1.6, 0.0, 0.0, 0.0, 0.0, 0.0, 0.0, 1.3]
Indi 11: Fitness: 48.01212121212122Genotype: [1.6, 1.9, 0.0, 1.9, 1.1, 0.0, 0.0, 0.0, 1.2, 1.7, 1.9, 1.2, 0.0, 2.0, 0.0, 1.2, 0.0, 0.0, 0.0, 0.0, 1.4, 1.7, 0.0, 1.4, 1.6, 1.3, 1.6, 0.0, 0.0, 0.0, 0.0, 0.0, 0.0, 0.0, 1.6]
Indi 12: Fitness: 48.21212121212122Genotype: [1.3, 0.0, 0.0, 1.0, 1.7, 0.0, 1.4, 1.7, 1.7, 0.0, 0.0, 0.0, 1.3, 1.2, 0.0, 1.2, 0.0, 2.0, 1.5, 0.0, 1.6, 1.8, 0.0, 0.0, 0.0, 0.0, 1.2, 0.0, 0.0, 1.3, 0.0, 0.0, 0.0, 1.9, 0.0]
Indi 13: Fitness: 48.21212121212122Genotype: [1.9, 0.0, 0.0, 0.0, 0.0, 0.0, 0.0, 1.0, 0.0, 1.5, 0.0, 0.0, 0.0, 1.4, 1.6, 1.9, 1.7, 0.0, 0.0, 1.9, 0.0, 1.9, 0.0, 0.0, 0.0, 1.9, 0.0, 0.0, 1.1, 0.0, 0.0, 1.1, 0.0, 0.0, 0.0]
Indi 14: Fitness: 48.41212121212122Genotype: [1.1, 1.3, 0.0, 0.0, 0.0, 0.0, 0.0, 1.0, 0.0, 0.0, 0.0, 0.0, 0.0, 1.4, 1.6, 1.9, 1.7, 0.0, 0.0, 1.9, 0.0, 1.9, 0.0, 0.0, 0.0, 1.9, 0.0, 0.0, 1.1, 0.0, 0.0, 1.1, 0.0, 0.0, 0.0]
Indi 15: Fitness: 48.61212121212122Genotype: [0.0, 0.0, 0.0, 0.0, 2.0, 1.3, 0.0, 1.0, 0.0, 1.5, 1.3, 0.0, 0.0, 1.4, 1.6, 1.9, 1.7, 0.0, 0.0, 1.9, 0.0, 1.9, 0.0, 1.3, 0.0, 1.9, 0.0, 0.0, 1.1, 0.0, 0.0, 1.1, 0.0, 0.0, 0.0]
Indi 16: Fitness: 48.612121212121224Genotype: [0.0, 1.3, 0.0, 1.9, 1.1, 1.3, 0.0, 0.0, 1.2, 1.7, 1.9, 1.9, 0.0, 2.0, 0.0, 1.2, 1.5, 0.0, 1.2, 2.0, 1.1, 1.5, 1.9, 1.4, 0.0, 1.6, 1.6, 0.0, 0.0, 0.0, 0.0, 0.0, 0.0, 0.0, 1.6]
Indi 17: Fitness: 48.71212121212122Genotype: [1.8, 0.0, 0.0, 0.0, 1.4, 0.0, 0.0, 2.0, 0.0, 0.0, 2.0, 0.0, 0.0, 0.0, 0.0, 0.0, 0.0, 1.4, 0.0, 1.7, 0.0, 0.0, 1.9, 0.0, 1.5, 0.0, 1.2, 1.6, 0.0, 0.0, 0.0, 0.0, 0.0, 0.0, 1.3]
Indi 18: Fitness: 48.81212121212122Genotype: [1.3, 1.7, 0.0, 0.0, 0.0, 1.1, 0.0, 0.0, 0.0, 0.0, 2.0, 0.0, 0.0, 0.0, 0.0, 1.7, 0.0, 1.4, 0.0, 1.7, 0.0, 0.0, 1.9, 1.2, 1.9, 0.0, 1.2, 1.6, 1.5, 0.0, 0.0, 0.0, 0.0, 0.0, 1.5]
Indi 19: Fitness: 49.11212121212122Genotype: [0.0, 1.3, 0.0, 0.0, 1.0, 0.0, 0.0, 0.0, 0.0, 1.0, 1.4, 1.0, 1.7, 0.0, 0.0, 1.2, 0.0, 0.0, 0.0, 0.0, 0.0, 1.1, 1.2, 1.7, 0.0, 0.0, 0.0, 0.0, 1.8, 1.9, 0.0, 0.0, 0.0, 0.0, 1.4]
Indi 20: Fitness: 49.31212121212121Genotype: [0.0, 1.3, 0.0, 0.0, 0.0, 0.0, 0.0, 1.0, 0.0, 1.5, 0.0, 0.0, 0.0, 0.0, 1.6, 1.9, 1.7, 0.0, 0.0, 1.9, 0.0, 1.9, 0.0, 0.0, 0.0, 0.0, 0.0, 0.0, 1.1, 0.0, 0.0, 1.1, 0.0, 0.0, 0.0]
Indi 21: Fitness: 49.712121212121225Genotype: [0.0, 1.1, 0.0, 1.9, 1.1, 1.3, 0.0, 0.0, 0.0, 1.7, 1.9, 1.2, 0.0, 2.0, 0.0, 0.0, 0.0, 0.0, 0.0, 2.0, 1.4, 1.7, 0.0, 1.4, 0.0, 1.9, 1.6, 0.0, 0.0, 0.0, 0.0, 0.0, 0.0, 0.0, 1.2]
Indi 22: Fitness: 50.112121212121224Genotype: [1.3, 0.0, 0.0, 0.0, 1.5, 1.1, 0.0, 1.8, 1.7, 0.0, 2.0, 0.0, 1.1, 1.4, 0.0, 1.7, 0.0, 0.0, 0.0, 1.7, 0.0, 1.1, 1.9, 0.0, 1.5, 0.0, 1.6, 1.6, 0.0, 0.0, 0.0, 0.0, 0.0, 0.0, 0.0]
Indi 23: Fitness: 50.21212121212122Genotype: [1.2, 1.8, 0.0, 0.0, 1.5, 1.1, 0.0, 0.0, 1.8, 0.0, 2.0, 0.0, 1.1, 0.0, 0.0, 1.7, 0.0, 0.0, 0.0, 1.7, 0.0, 0.0, 1.9, 0.0, 1.5, 0.0, 1.2, 1.6, 1.5, 0.0, 0.0, 0.0, 0.0, 0.0, 0.0]
Indi 24: Fitness: 50.21212121212122Genotype: [1.8, 0.0, 0.0, 0.0, 0.0, 0.0, 0.0, 1.0, 0.0, 1.5, 0.0, 0.0, 0.0, 1.4, 1.6, 1.9, 1.7, 0.0, 0.0, 1.3, 0.0, 0.0, 0.0, 0.0, 0.0, 1.9, 0.0, 0.0, 1.1, 0.0, 0.0, 0.0, 0.0, 0.0, 0.0]
Indi 25: Fitness: 50.41212121212122Genotype: [0.0, 1.3, 0.0, 1.8, 1.1, 1.3, 0.0, 0.0, 1.2, 0.0, 1.2, 1.9, 0.0, 2.0, 0.0, 1.2, 1.5, 0.0, 1.2, 2.0, 1.1, 1.5, 1.6, 1.4, 0.0, 1.6, 1.6, 0.0, 0.0, 0.0, 0.0, 0.0, 0.0, 0.0, 1.6]
Indi 26: Fitness: 50.61212121212122Genotype: [0.0, 1.3, 0.0, 0.0, 0.0, 0.0, 0.0, 0.0, 0.0, 1.5, 1.8, 1.1, 0.0, 1.4, 1.6, 1.9, 1.7, 0.0, 1.2, 1.9, 0.0, 1.9, 0.0, 0.0, 0.0, 1.9, 0.0, 0.0, 1.1, 0.0, 1.2, 1.1, 0.0, 0.0, 0.0]
Indi 27: Fitness: 50.61212121212122Genotype: [1.3, 0.0, 0.0, 1.0, 1.7, 0.0, 1.4, 1.0, 1.7, 0.0, 0.0, 0.0, 1.3, 1.2, 0.0, 1.2, 0.0, 0.0, 1.5, 1.9, 1.6, 0.0, 0.0, 0.0, 0.0, 0.0, 1.2, 0.0, 0.0, 1.3, 0.0, 0.0, 0.0, 1.9, 0.0]
Indi 28: Fitness: 50.71212121212122Genotype: [1.8, 0.0, 0.0, 1.0, 0.0, 0.0, 1.4, 1.7, 1.7, 0.0, 0.0, 0.0, 1.3, 1.2, 0.0, 1.2, 0.0, 2.0, 1.5, 0.0, 1.6, 1.8, 0.0, 0.0, 0.0, 0.0, 1.2, 0.0, 0.0, 1.3, 0.0, 0.0, 0.0, 1.9, 0.0]
Indi 29: Fitness: 50.712121212121225Genotype: [1.3, 0.0, 1.5, 0.0, 1.5, 1.1, 0.0, 0.0, 1.3, 0.0, 2.0, 0.0, 1.7, 0.0, 0.0, 1.7, 1.8, 0.0, 0.0, 1.7, 0.0, 0.0, 1.9, 0.0, 1.5, 0.0, 1.2, 1.6, 1.5, 0.0, 0.0, 0.0, 0.0, 0.0, 0.0]
Indi 30: Fitness: 51.31212121212121Genotype: [1.3, 0.0, 0.0, 0.0, 1.4, 0.0, 0.0, 0.0, 0.0, 0.0, 2.0, 0.0, 1.5, 0.0, 0.0, 1.7, 0.0, 1.0, 1.4, 1.7, 0.0, 0.0, 1.9, 0.0, 1.5, 0.0, 1.2, 1.6, 1.5, 0.0, 0.0, 0.0, 0.0, 0.0, 1.3]
Indi 31: Fitness: 51.61212121212122Genotype: [0.0, 0.0, 0.0, 0.0, 1.5, 1.1, 0.0, 0.0, 1.8, 0.0, 2.0, 0.0, 1.1, 0.0, 0.0, 1.7, 0.0, 0.0, 0.0, 1.7, 0.0, 0.0, 1.9, 0.0, 0.0, 0.0, 1.2, 1.6, 1.5, 0.0, 0.0, 1.7, 0.0, 0.0, 0.0]
Indi 32: Fitness: 51.612121212121224Genotype: [0.0, 1.8, 1.1, 0.0, 1.0, 0.0, 0.0, 0.0, 0.0, 0.0, 0.0, 1.0, 1.7, 0.0, 0.0, 1.2, 0.0, 0.0, 0.0, 0.0, 0.0, 1.1, 1.2, 1.7, 0.0, 0.0, 0.0, 0.0, 1.8, 1.6, 0.0, 0.0, 1.4, 0.0, 1.4]
Indi 33: Fitness: 52.01212121212122Genotype: [0.0, 1.1, 0.0, 1.0, 1.7, 0.0, 1.4, 1.7, 1.7, 0.0, 0.0, 0.0, 1.3, 1.2, 0.0, 1.2, 0.0, 2.0, 1.5, 0.0, 1.6, 1.8, 0.0, 0.0, 0.0, 0.0, 1.2, 0.0, 0.0, 1.3, 0.0, 0.0, 0.0, 1.9, 0.0]
Indi 34: Fitness: 52.212121212121225Genotype: [0.0, 1.3, 0.0, 0.0, 0.0, 1.3, 0.0, 0.0, 1.2, 1.7, 1.9, 1.9, 1.5, 2.0, 0.0, 1.2, 1.5, 0.0, 1.2, 2.0, 1.1, 1.5, 1.9, 1.4, 0.0, 0.0, 1.6, 0.0, 1.4, 0.0, 0.0, 0.0, 0.0, 0.0, 1.6]
Indi 35: Fitness: 52.41212121212122Genotype: [1.3, 0.0, 0.0, 1.0, 1.7, 0.0, 1.4, 1.7, 1.7, 0.0, 0.0, 0.0, 1.3, 1.2, 0.0, 1.2, 0.0, 2.0, 1.5, 0.0, 1.6, 1.8, 0.0, 0.0, 0.0, 0.0, 1.2, 0.0, 0.0, 1.3, 0.0, 0.0, 0.0, 1.9, 0.0]
Indi 36: Fitness: 52.41212121212122Genotype: [1.3, 0.0, 0.0, 1.0, 1.9, 0.0, 1.4, 1.7, 1.7, 0.0, 0.0, 0.0, 1.8, 1.2, 0.0, 1.2, 0.0, 2.0, 1.5, 0.0, 1.6, 1.2, 0.0, 0.0, 0.0, 0.0, 1.2, 1.7, 0.0, 1.3, 0.0, 0.0, 0.0, 1.9, 0.0]
Indi 37: Fitness: 52.81212121212121Genotype: [1.8, 0.0, 0.0, 1.9, 1.1, 1.3, 0.0, 0.0, 1.2, 1.7, 1.9, 1.2, 0.0, 2.0, 0.0, 1.2, 0.0, 0.0, 0.0, 2.0, 1.4, 1.7, 0.0, 1.4, 0.0, 1.9, 1.6, 0.0, 0.0, 0.0, 0.0, 0.0, 0.0, 0.0, 1.6]
Indi 38: Fitness: 52.81212121212122Genotype: [1.8, 0.0, 0.0, 0.0, 1.4, 0.0, 0.0, 2.0, 0.0, 0.0, 0.0, 0.0, 0.0, 0.0, 0.0, 0.0, 0.0, 1.4, 0.0, 1.7, 0.0, 0.0, 1.9, 0.0, 1.1, 0.0, 1.2, 0.0, 0.0, 0.0, 0.0, 0.0, 0.0, 0.0, 1.8]
Indi 39: Fitness: 53.21212121212122Genotype: [0.0, 1.1, 0.0, 1.9, 1.1, 1.3, 0.0, 0.0, 0.0, 1.7, 1.9, 1.2, 0.0, 2.0, 0.0, 1.2, 0.0, 0.0, 0.0, 2.0, 1.4, 1.7, 0.0, 1.4, 1.1, 1.9, 1.8, 0.0, 0.0, 1.9, 0.0, 0.0, 0.0, 0.0, 1.6]
Indi 40: Fitness: 53.31212121212123Genotype: [1.8, 0.0, 0.0, 0.0, 1.4, 0.0, 0.0, 2.0, 0.0, 0.0, 2.0, 0.0, 0.0, 0.0, 0.0, 0.0, 0.0, 1.4, 0.0, 1.7, 0.0, 0.0, 1.9, 0.0, 1.5, 0.0, 1.2, 1.6, 0.0, 0.0, 0.0, 0.0, 0.0, 0.0, 1.3]
Indi 41: Fitness: 53.412121212121214Genotype: [1.9, 0.0, 0.0, 0.0, 0.0, 0.0, 0.0, 1.0, 0.0, 1.5, 0.0, 0.0, 0.0, 1.4, 1.6, 1.9, 1.7, 0.0, 0.0, 1.9, 0.0, 1.9, 0.0, 0.0, 0.0, 1.9, 0.0, 0.0, 1.1, 0.0, 0.0, 1.1, 0.0, 0.0, 0.0]
Indi 42: Fitness: 53.41212121212122Genotype: [1.3, 0.0, 0.0, 0.0, 1.4, 1.1, 0.0, 0.0, 0.0, 0.0, 2.0, 0.0, 0.0, 0.0, 0.0, 1.7, 0.0, 1.4, 0.0, 1.7, 0.0, 0.0, 1.9, 0.0, 1.5, 0.0, 1.2, 1.6, 1.5, 0.0, 0.0, 0.0, 0.0, 0.0, 1.3]
Indi 43: Fitness: 53.41212121212122Genotype: [1.3, 0.0, 0.0, 0.0, 1.5, 1.1, 0.0, 0.0, 1.8, 0.0, 2.0, 0.0, 1.1, 0.0, 0.0, 1.7, 0.0, 0.0, 0.0, 1.7, 0.0, 0.0, 1.9, 0.0, 1.5, 0.0, 1.2, 1.6, 1.5, 0.0, 0.0, 0.0, 0.0, 0.0, 0.0]
Indi 44: Fitness: 53.41212121212122Genotype: [1.3, 0.0, 0.0, 1.0, 1.7, 0.0, 1.4, 1.7, 1.7, 0.0, 0.0, 0.0, 1.3, 1.2, 0.0, 1.2, 0.0, 2.0, 1.5, 0.0, 1.6, 1.8, 0.0, 0.0, 0.0, 0.0, 1.2, 0.0, 0.0, 1.3, 0.0, 0.0, 0.0, 1.9, 0.0]
Indi 45: Fitness: 53.61212121212122Genotype: [0.0, 1.3, 0.0, 1.9, 1.1, 1.3, 0.0, 0.0, 1.2, 1.7, 1.9, 1.9, 0.0, 2.0, 0.0, 1.2, 1.5, 0.0, 1.2, 2.0, 1.1, 1.5, 1.9, 1.4, 0.0, 1.6, 1.6, 0.0, 0.0, 0.0, 0.0, 0.0, 0.0, 0.0, 1.6]
Indi 46: Fitness: 53.81212121212122Genotype: [0.0, 1.1, 0.0, 1.9, 1.1, 1.3, 0.0, 0.0, 1.2, 1.7, 1.9, 1.2, 0.0, 2.0, 0.0, 1.2, 0.0, 0.0, 0.0, 2.0, 1.4, 1.7, 0.0, 1.4, 0.0, 1.9, 1.6, 0.0, 0.0, 0.0, 0.0, 0.0, 0.0, 0.0, 1.6]
Indi 47: Fitness: 53.912121212121214Genotype: [1.8, 0.0, 0.0, 1.0, 1.7, 0.0, 1.4, 1.7, 1.7, 0.0, 0.0, 0.0, 1.3, 1.2, 0.0, 1.2, 0.0, 2.0, 1.5, 0.0, 1.6, 1.8, 0.0, 0.0, 0.0, 0.0, 1.2, 0.0, 0.0, 1.3, 0.0, 0.0, 0.0, 1.9, 0.0]
Indi 48: Fitness: 54.21212121212122Genotype: [1.2, 1.8, 1.1, 0.0, 1.0, 0.0, 0.0, 0.0, 0.0, 1.0, 1.4, 1.0, 1.7, 0.0, 0.0, 1.2, 0.0, 0.0, 0.0, 0.0, 0.0, 1.1, 1.2, 1.7, 0.0, 0.0, 0.0, 0.0, 1.8, 1.9, 0.0, 0.0, 0.0, 0.0, 1.4]
Indi 49: Fitness: 54.212121212121225Genotype: [0.0, 1.3, 0.0, 0.0, 0.0, 0.0, 0.0, 1.0, 0.0, 1.5, 0.0, 0.0, 0.0, 1.4, 1.6, 1.9, 1.7, 0.0, 0.0, 1.9, 0.0, 1.9, 0.0, 0.0, 0.0, 1.9, 0.0, 0.0, 1.1, 0.0, 0.0, 1.1, 0.0, 0.0, 0.0]
