INICIO: Sun Jan 28 20:21:33 BRST 2018
INDIVIDUALS OF LAST GENERATION: 14
Indi 0: Fitness: -19.939393939393938Genotype: [1.9, 0.0, 0.0, 0.0, 0.0, 0.0, 0.0, 1.0, 0.0, 1.5, 0.0, 0.0, 1.1, 1.2, 1.6, 1.9, 1.7, 0.0, 0.0, 1.9, 0.0, 1.9, 0.0, 0.0, 0.0, 1.9, 0.0, 0.0, 1.1, 0.0, 0.0, 1.9, 1.1, 0.0, 0.0]
Indi 1: Fitness: -11.287878787878782Genotype: [0.0, 1.3, 0.0, 0.0, 1.4, 1.1, 0.0, 0.0, 0.0, 0.0, 2.0, 0.0, 0.0, 0.0, 0.0, 1.7, 0.0, 1.4, 0.0, 1.7, 0.0, 0.0, 1.9, 0.0, 1.5, 0.0, 1.2, 1.6, 1.5, 0.0, 0.0, 0.0, 0.0, 0.0, 1.3]
Indi 2: Fitness: -9.087878787878779Genotype: [1.3, 0.0, 0.0, 0.0, 1.5, 1.1, 0.0, 0.0, 1.8, 0.0, 2.0, 0.0, 1.1, 0.0, 0.0, 1.8, 0.0, 0.0, 0.0, 1.7, 0.0, 0.0, 0.0, 0.0, 1.5, 0.0, 1.2, 0.0, 1.5, 0.0, 0.0, 0.0, 0.0, 0.0, 0.0]
Indi 3: Fitness: -0.38787878787877617Genotype: [1.8, 1.9, 0.0, 1.0, 1.7, 0.0, 1.4, 1.7, 1.7, 0.0, 0.0, 0.0, 1.3, 1.2, 0.0, 1.2, 0.0, 2.0, 1.5, 0.0, 1.6, 1.8, 0.0, 0.0, 0.0, 0.0, 0.0, 1.5, 0.0, 1.3, 0.0, 0.0, 0.0, 1.9, 0.0]
Indi 4: Fitness: 1.0121212121212189Genotype: [1.2, 1.8, 1.1, 0.0, 1.0, 0.0, 0.0, 0.0, 0.0, 1.0, 1.4, 1.0, 1.7, 0.0, 0.0, 1.2, 0.0, 0.0, 0.0, 0.0, 0.0, 1.1, 1.2, 1.7, 0.0, 0.0, 0.0, 0.0, 1.8, 1.9, 0.0, 0.0, 0.0, 0.0, 1.4]
Indi 5: Fitness: 20.81212121212122Genotype: [0.0, 0.0, 0.0, 1.9, 1.1, 1.3, 0.0, 0.0, 0.0, 1.7, 1.9, 1.2, 0.0, 2.0, 0.0, 1.2, 0.0, 0.0, 0.0, 2.0, 1.4, 0.0, 0.0, 1.4, 0.0, 1.9, 1.6, 0.0, 0.0, 0.0, 0.0, 0.0, 0.0, 0.0, 0.0]
Indi 6: Fitness: 27.712121212121218Genotype: [0.0, 1.3, 0.0, 1.9, 1.1, 1.3, 0.0, 0.0, 1.2, 1.7, 1.9, 1.9, 0.0, 2.0, 0.0, 1.2, 1.5, 0.0, 1.2, 1.4, 1.1, 0.0, 1.9, 1.6, 0.0, 1.6, 1.6, 0.0, 0.0, 0.0, 0.0, 0.0, 0.0, 0.0, 1.6]
Indi 7: Fitness: 32.41212121212122Genotype: [1.3, 0.0, 0.0, 0.0, 1.4, 0.0, 0.0, 2.0, 0.0, 0.0, 2.0, 0.0, 0.0, 0.0, 0.0, 0.0, 0.0, 1.4, 0.0, 1.7, 0.0, 0.0, 1.9, 0.0, 1.5, 0.0, 1.2, 1.6, 0.0, 0.0, 0.0, 0.0, 0.0, 0.0, 1.3]
Indi 8: Fitness: 33.660606060606064Genotype: [1.3, 0.0, 0.0, 1.0, 1.7, 0.0, 1.4, 1.7, 1.7, 0.0, 0.0, 0.0, 1.3, 1.2, 0.0, 1.2, 0.0, 1.6, 1.5, 0.0, 1.6, 1.8, 0.0, 0.0, 0.0, 0.0, 1.5, 0.0, 0.0, 1.3, 0.0, 0.0, 1.2, 1.9, 0.0]
Indi 9: Fitness: 34.11212121212122Genotype: [1.0, 0.0, 0.0, 0.0, 1.4, 1.1, 0.0, 0.0, 0.0, 0.0, 2.0, 0.0, 0.0, 0.0, 0.0, 1.7, 0.0, 1.4, 0.0, 1.7, 0.0, 1.2, 1.9, 0.0, 0.0, 0.0, 1.9, 1.6, 1.5, 0.0, 0.0, 0.0, 0.0, 0.0, 1.3]
Indi 10: Fitness: 34.260606060606065Genotype: [0.0, 1.8, 0.0, 0.0, 0.0, 0.0, 0.0, 1.0, 0.0, 1.2, 1.0, 0.0, 0.0, 1.4, 1.6, 1.9, 1.7, 0.0, 1.0, 1.9, 0.0, 0.0, 0.0, 0.0, 0.0, 1.9, 0.0, 1.7, 1.1, 0.0, 0.0, 1.1, 0.0, 1.8, 0.0]
Indi 11: Fitness: 35.86060606060607Genotype: [1.8, 0.0, 0.0, 0.0, 1.7, 0.0, 1.4, 1.7, 1.7, 0.0, 0.0, 0.0, 1.3, 1.2, 0.0, 1.2, 0.0, 2.0, 1.5, 0.0, 1.6, 1.8, 0.0, 0.0, 0.0, 0.0, 0.0, 0.0, 0.0, 1.3, 0.0, 0.0, 2.0, 1.6, 0.0]
Indi 12: Fitness: 35.86464646464647Genotype: [1.9, 0.0, 0.0, 0.0, 0.0, 1.5, 0.0, 1.3, 0.0, 1.5, 0.0, 0.0, 0.0, 1.4, 1.6, 1.9, 0.0, 0.0, 0.0, 1.9, 1.6, 1.9, 0.0, 0.0, 0.0, 1.9, 0.0, 0.0, 1.1, 0.0, 0.0, 1.1, 0.0, 0.0, 1.4]
Indi 13: Fitness: 36.31212121212121Genotype: [1.4, 1.7, 0.0, 1.0, 1.7, 0.0, 1.4, 1.7, 1.7, 0.0, 0.0, 0.0, 2.0, 1.2, 0.0, 1.2, 0.0, 2.0, 1.5, 1.7, 1.6, 1.8, 0.0, 1.1, 0.0, 0.0, 1.2, 0.0, 0.0, 1.3, 0.0, 0.0, 0.0, 1.9, 0.0]
Indi 14: Fitness: 39.91212121212122Genotype: [1.3, 0.0, 1.7, 0.0, 1.4, 1.1, 0.0, 0.0, 0.0, 0.0, 2.0, 0.0, 0.0, 0.0, 0.0, 1.7, 0.0, 0.0, 1.2, 1.7, 0.0, 0.0, 1.9, 0.0, 1.5, 0.0, 1.2, 1.6, 1.5, 0.0, 0.0, 0.0, 0.0, 0.0, 1.3]
Indi 15: Fitness: 44.512121212121215Genotype: [1.2, 1.8, 1.1, 0.0, 1.0, 0.0, 0.0, 0.0, 0.0, 1.0, 0.0, 1.0, 1.7, 2.0, 0.0, 1.2, 0.0, 0.0, 0.0, 0.0, 0.0, 1.1, 1.2, 1.7, 0.0, 0.0, 1.7, 0.0, 1.8, 1.9, 0.0, 0.0, 0.0, 0.0, 1.7]
Indi 16: Fitness: 44.512121212121215Genotype: [1.8, 0.0, 0.0, 0.0, 0.0, 0.0, 0.0, 1.0, 0.0, 1.5, 0.0, 0.0, 0.0, 1.4, 1.6, 1.9, 1.7, 0.0, 0.0, 1.9, 0.0, 1.9, 0.0, 0.0, 0.0, 1.9, 0.0, 0.0, 1.1, 0.0, 0.0, 1.1, 0.0, 0.0, 0.0]
Indi 17: Fitness: 45.112121212121224Genotype: [1.3, 0.0, 0.0, 1.9, 1.1, 1.3, 0.0, 0.0, 1.2, 1.7, 1.9, 1.9, 0.0, 2.0, 0.0, 1.2, 1.5, 0.0, 1.2, 2.0, 1.1, 1.5, 1.9, 1.4, 0.0, 1.6, 1.6, 0.0, 0.0, 0.0, 0.0, 0.0, 0.0, 0.0, 1.6]
Indi 18: Fitness: 45.112121212121224Genotype: [0.0, 1.1, 1.4, 0.0, 0.0, 0.0, 0.0, 1.0, 0.0, 1.2, 0.0, 0.0, 0.0, 1.4, 1.6, 1.9, 1.7, 0.0, 0.0, 1.9, 0.0, 1.9, 0.0, 0.0, 0.0, 1.9, 0.0, 0.0, 1.6, 0.0, 0.0, 0.0, 0.0, 0.0, 0.0]
Indi 19: Fitness: 47.012121212121215Genotype: [0.0, 1.3, 0.0, 0.0, 1.1, 0.0, 0.0, 0.0, 1.2, 1.7, 0.0, 1.9, 1.5, 2.0, 0.0, 1.2, 1.5, 0.0, 0.0, 2.0, 1.1, 1.5, 1.9, 1.4, 0.0, 1.6, 1.6, 1.5, 0.0, 0.0, 0.0, 0.0, 0.0, 0.0, 1.6]
Indi 20: Fitness: 48.012121212121215Genotype: [1.2, 1.8, 1.1, 0.0, 1.0, 0.0, 0.0, 0.0, 0.0, 1.0, 1.4, 1.0, 1.7, 0.0, 0.0, 1.2, 0.0, 0.0, 0.0, 0.0, 0.0, 1.1, 1.2, 0.0, 0.0, 0.0, 1.3, 0.0, 1.8, 1.9, 0.0, 0.0, 0.0, 0.0, 1.4]
Indi 21: Fitness: 48.11212121212122Genotype: [1.3, 0.0, 0.0, 0.0, 1.5, 1.1, 0.0, 0.0, 0.0, 1.6, 2.0, 0.0, 1.1, 0.0, 0.0, 0.0, 1.4, 0.0, 0.0, 1.7, 0.0, 0.0, 1.9, 0.0, 1.5, 0.0, 1.2, 1.6, 1.5, 0.0, 0.0, 0.0, 0.0, 0.0, 0.0]
Indi 22: Fitness: 48.212121212121225Genotype: [1.8, 0.0, 0.0, 0.0, 1.4, 1.0, 0.0, 2.0, 0.0, 0.0, 2.0, 0.0, 0.0, 0.0, 0.0, 0.0, 0.0, 1.4, 0.0, 1.7, 0.0, 0.0, 0.0, 0.0, 1.5, 1.2, 0.0, 1.6, 0.0, 0.0, 0.0, 0.0, 0.0, 0.0, 1.3]
Indi 23: Fitness: 48.91212121212122Genotype: [1.8, 0.0, 0.0, 1.0, 1.7, 0.0, 1.4, 1.7, 1.7, 0.0, 0.0, 0.0, 1.3, 1.2, 0.0, 1.2, 0.0, 2.0, 1.5, 0.0, 1.6, 1.8, 0.0, 0.0, 0.0, 0.0, 1.2, 0.0, 0.0, 1.3, 0.0, 0.0, 0.0, 1.9, 0.0]
Indi 24: Fitness: 49.012121212121215Genotype: [0.0, 1.1, 0.0, 1.9, 1.1, 1.3, 0.0, 0.0, 1.2, 1.7, 1.9, 0.0, 0.0, 2.0, 0.0, 1.2, 0.0, 0.0, 0.0, 2.0, 1.4, 1.7, 0.0, 1.4, 0.0, 1.9, 1.6, 0.0, 0.0, 0.0, 0.0, 0.0, 0.0, 0.0, 1.3]
Indi 25: Fitness: 49.012121212121215Genotype: [1.3, 0.0, 0.0, 0.0, 0.0, 0.0, 0.0, 1.0, 0.0, 1.5, 0.0, 0.0, 0.0, 1.4, 1.6, 1.9, 1.7, 0.0, 0.0, 1.9, 0.0, 1.9, 0.0, 0.0, 0.0, 1.9, 0.0, 0.0, 1.1, 0.0, 0.0, 1.1, 0.0, 0.0, 0.0]
Indi 26: Fitness: 49.11212121212122Genotype: [0.0, 1.1, 0.0, 1.0, 1.7, 0.0, 1.4, 1.7, 1.7, 0.0, 0.0, 0.0, 1.3, 1.2, 0.0, 1.2, 0.0, 2.0, 1.5, 0.0, 1.6, 1.8, 0.0, 0.0, 0.0, 0.0, 1.2, 0.0, 0.0, 1.3, 0.0, 0.0, 0.0, 1.9, 0.0]
Indi 27: Fitness: 49.512121212121215Genotype: [1.3, 0.0, 0.0, 1.0, 1.7, 0.0, 1.4, 1.5, 1.6, 0.0, 0.0, 0.0, 1.3, 1.2, 0.0, 1.2, 1.7, 2.0, 1.5, 0.0, 1.6, 1.8, 0.0, 0.0, 0.0, 0.0, 1.2, 0.0, 0.0, 0.0, 0.0, 0.0, 0.0, 1.9, 0.0]
Indi 28: Fitness: 49.612121212121224Genotype: [1.8, 0.0, 0.0, 0.0, 1.4, 0.0, 0.0, 2.0, 1.4, 0.0, 2.0, 0.0, 0.0, 0.0, 0.0, 1.6, 0.0, 1.4, 0.0, 1.7, 0.0, 0.0, 0.0, 0.0, 1.5, 0.0, 1.1, 1.6, 0.0, 0.0, 0.0, 0.0, 0.0, 0.0, 1.3]
Indi 29: Fitness: 49.81212121212122Genotype: [0.0, 1.3, 0.0, 0.0, 1.0, 0.0, 0.0, 0.0, 0.0, 1.0, 1.4, 1.0, 1.7, 0.0, 0.0, 1.2, 0.0, 0.0, 0.0, 0.0, 0.0, 1.1, 1.2, 1.7, 0.0, 0.0, 0.0, 0.0, 1.8, 1.9, 0.0, 0.0, 0.0, 0.0, 1.4]
Indi 30: Fitness: 49.81212121212122Genotype: [0.0, 1.3, 1.5, 0.0, 0.0, 2.0, 0.0, 1.0, 1.3, 1.5, 0.0, 0.0, 0.0, 1.4, 1.6, 1.9, 1.7, 0.0, 0.0, 1.9, 0.0, 1.9, 0.0, 0.0, 0.0, 1.9, 0.0, 0.0, 1.1, 0.0, 0.0, 1.4, 0.0, 0.0, 0.0]
Indi 31: Fitness: 50.012121212121215Genotype: [1.3, 1.8, 1.4, 0.0, 1.4, 1.0, 0.0, 0.0, 1.8, 0.0, 2.0, 0.0, 0.0, 0.0, 0.0, 1.7, 0.0, 0.0, 0.0, 1.7, 0.0, 0.0, 1.9, 0.0, 1.5, 0.0, 1.2, 1.6, 1.5, 0.0, 0.0, 0.0, 0.0, 0.0, 1.3]
Indi 32: Fitness: 50.21212121212122Genotype: [1.3, 0.0, 1.9, 1.0, 1.7, 0.0, 1.4, 1.7, 1.7, 0.0, 0.0, 0.0, 1.3, 1.1, 0.0, 1.0, 0.0, 2.0, 0.0, 0.0, 1.6, 1.8, 0.0, 0.0, 0.0, 0.0, 1.2, 0.0, 0.0, 1.3, 0.0, 0.0, 0.0, 1.9, 0.0]
Indi 33: Fitness: 50.612121212121224Genotype: [0.0, 1.1, 0.0, 1.9, 1.1, 1.3, 0.0, 0.0, 1.2, 1.7, 1.9, 0.0, 1.2, 2.0, 0.0, 1.2, 0.0, 0.0, 0.0, 2.0, 0.0, 1.7, 0.0, 1.4, 0.0, 0.0, 1.6, 0.0, 0.0, 0.0, 0.0, 0.0, 0.0, 0.0, 1.6]
Indi 34: Fitness: 50.91212121212122Genotype: [0.0, 1.3, 0.0, 0.0, 0.0, 0.0, 0.0, 1.0, 0.0, 0.0, 0.0, 0.0, 0.0, 1.4, 1.6, 1.1, 1.7, 0.0, 0.0, 1.9, 0.0, 1.2, 0.0, 0.0, 0.0, 1.9, 0.0, 0.0, 1.6, 0.0, 0.0, 1.1, 0.0, 0.0, 0.0]
Indi 35: Fitness: 51.81212121212121Genotype: [1.9, 0.0, 0.0, 1.9, 1.1, 1.3, 0.0, 0.0, 1.2, 1.7, 1.9, 1.2, 0.0, 2.0, 0.0, 1.2, 0.0, 0.0, 0.0, 2.0, 1.4, 1.7, 0.0, 1.4, 0.0, 1.9, 1.6, 0.0, 0.0, 0.0, 0.0, 0.0, 0.0, 0.0, 1.6]
Indi 36: Fitness: 52.012121212121215Genotype: [1.3, 0.0, 0.0, 0.0, 1.6, 1.1, 0.0, 0.0, 1.8, 0.0, 0.0, 0.0, 1.1, 1.8, 0.0, 1.7, 0.0, 0.0, 0.0, 1.2, 0.0, 0.0, 1.9, 0.0, 1.5, 1.9, 1.5, 1.6, 1.5, 0.0, 0.0, 0.0, 0.0, 0.0, 0.0]
Indi 37: Fitness: 52.81212121212122Genotype: [0.0, 1.0, 0.0, 1.3, 0.0, 1.3, 1.8, 1.0, 1.2, 1.7, 1.9, 1.9, 0.0, 0.0, 0.0, 1.2, 1.8, 0.0, 1.2, 2.0, 1.1, 1.5, 1.9, 1.4, 0.0, 1.6, 1.6, 0.0, 0.0, 0.0, 0.0, 0.0, 0.0, 0.0, 1.6]
Indi 38: Fitness: 53.11212121212122Genotype: [1.8, 0.0, 0.0, 0.0, 0.0, 0.0, 0.0, 2.0, 0.0, 1.9, 2.0, 0.0, 0.0, 0.0, 0.0, 0.0, 0.0, 1.4, 0.0, 1.7, 0.0, 0.0, 1.9, 0.0, 1.5, 0.0, 1.2, 1.6, 0.0, 0.0, 0.0, 0.0, 0.0, 0.0, 0.0]
Indi 39: Fitness: 53.31212121212123Genotype: [1.8, 0.0, 0.0, 0.0, 1.4, 0.0, 0.0, 2.0, 0.0, 0.0, 2.0, 0.0, 0.0, 0.0, 0.0, 0.0, 0.0, 1.4, 0.0, 1.7, 0.0, 0.0, 1.9, 0.0, 1.5, 0.0, 1.2, 1.6, 0.0, 0.0, 0.0, 0.0, 0.0, 0.0, 1.3]
Indi 40: Fitness: 53.412121212121214Genotype: [1.9, 0.0, 0.0, 0.0, 0.0, 0.0, 0.0, 1.0, 0.0, 1.5, 0.0, 0.0, 0.0, 1.4, 1.6, 1.9, 1.7, 0.0, 0.0, 1.9, 0.0, 1.9, 0.0, 0.0, 0.0, 1.9, 0.0, 0.0, 1.1, 0.0, 0.0, 1.1, 0.0, 0.0, 0.0]
Indi 41: Fitness: 53.41212121212122Genotype: [1.3, 0.0, 0.0, 1.0, 1.7, 0.0, 1.4, 1.7, 1.7, 0.0, 0.0, 0.0, 1.3, 1.2, 0.0, 1.2, 0.0, 2.0, 1.5, 0.0, 1.6, 1.8, 0.0, 0.0, 0.0, 0.0, 1.2, 0.0, 0.0, 1.3, 0.0, 0.0, 0.0, 1.9, 0.0]
Indi 42: Fitness: 53.41212121212122Genotype: [1.3, 0.0, 0.0, 0.0, 1.5, 1.1, 0.0, 0.0, 1.8, 0.0, 2.0, 0.0, 1.1, 0.0, 0.0, 1.7, 0.0, 0.0, 0.0, 1.7, 0.0, 0.0, 1.9, 0.0, 1.5, 0.0, 1.2, 1.6, 1.5, 0.0, 0.0, 0.0, 0.0, 0.0, 0.0]
Indi 43: Fitness: 53.41212121212122Genotype: [1.3, 0.0, 0.0, 0.0, 1.4, 1.1, 0.0, 0.0, 0.0, 0.0, 2.0, 0.0, 0.0, 0.0, 0.0, 1.7, 0.0, 1.4, 0.0, 1.7, 0.0, 0.0, 1.9, 0.0, 1.5, 0.0, 1.2, 1.6, 1.5, 0.0, 0.0, 0.0, 0.0, 0.0, 1.3]
Indi 44: Fitness: 53.61212121212122Genotype: [0.0, 1.3, 0.0, 1.9, 1.1, 1.3, 0.0, 0.0, 1.2, 1.7, 1.9, 1.9, 0.0, 2.0, 0.0, 1.2, 1.5, 0.0, 1.2, 2.0, 1.1, 1.5, 1.9, 1.4, 0.0, 1.6, 1.6, 0.0, 0.0, 0.0, 0.0, 0.0, 0.0, 0.0, 1.6]
Indi 45: Fitness: 53.81212121212122Genotype: [0.0, 1.1, 0.0, 1.9, 1.1, 1.3, 0.0, 0.0, 1.2, 1.7, 1.9, 1.2, 0.0, 2.0, 0.0, 1.2, 0.0, 0.0, 0.0, 2.0, 1.4, 1.7, 0.0, 1.4, 0.0, 1.9, 1.6, 0.0, 0.0, 0.0, 0.0, 0.0, 0.0, 0.0, 1.6]
Indi 46: Fitness: 53.912121212121214Genotype: [1.8, 0.0, 0.0, 1.0, 1.7, 0.0, 1.4, 1.7, 1.7, 0.0, 0.0, 0.0, 1.3, 1.2, 0.0, 1.2, 0.0, 2.0, 1.5, 0.0, 1.6, 1.8, 0.0, 0.0, 0.0, 0.0, 1.2, 0.0, 0.0, 1.3, 0.0, 0.0, 0.0, 1.9, 0.0]
Indi 47: Fitness: 54.112121212121224Genotype: [1.2, 1.8, 1.1, 0.0, 1.0, 0.0, 0.0, 0.0, 0.0, 1.0, 0.0, 1.0, 1.7, 0.0, 0.0, 1.2, 0.0, 0.0, 0.0, 0.0, 0.0, 0.0, 1.2, 1.7, 0.0, 0.0, 0.0, 0.0, 1.8, 1.8, 0.0, 0.0, 0.0, 0.0, 1.4]
Indi 48: Fitness: 54.21212121212122Genotype: [1.2, 1.8, 1.1, 0.0, 1.0, 0.0, 0.0, 0.0, 0.0, 1.0, 1.4, 1.0, 1.7, 0.0, 0.0, 1.2, 0.0, 0.0, 0.0, 0.0, 0.0, 1.1, 1.2, 1.7, 0.0, 0.0, 0.0, 0.0, 1.8, 1.9, 0.0, 0.0, 0.0, 0.0, 1.4]
Indi 49: Fitness: 54.212121212121225Genotype: [0.0, 1.3, 0.0, 0.0, 0.0, 0.0, 0.0, 1.0, 0.0, 1.5, 0.0, 0.0, 0.0, 1.4, 1.6, 1.9, 1.7, 0.0, 0.0, 1.9, 0.0, 1.9, 0.0, 0.0, 0.0, 1.9, 0.0, 0.0, 1.1, 0.0, 0.0, 1.1, 0.0, 0.0, 0.0]
