INICIO: Sun Jan 28 21:10:47 BRST 2018
INDIVIDUALS OF LAST GENERATION: 50
Indi 0: Fitness: -11.18787878787878Genotype: [1.2, 1.8, 0.0, 0.0, 1.0, 0.0, 0.0, 0.0, 0.0, 2.0, 0.0, 1.5, 1.7, 0.0, 0.0, 0.0, 0.0, 0.0, 0.0, 1.8, 0.0, 0.0, 1.2, 1.7, 0.0, 0.0, 0.0, 0.0, 0.0, 1.8, 0.0, 0.0, 0.0, 0.0, 1.4]
Indi 1: Fitness: 7.312121212121223Genotype: [1.7, 1.8, 1.1, 1.5, 1.0, 0.0, 0.0, 0.0, 0.0, 1.0, 0.0, 1.4, 0.0, 0.0, 0.0, 1.2, 0.0, 0.0, 0.0, 0.0, 0.0, 1.8, 0.0, 1.7, 0.0, 2.0, 0.0, 0.0, 1.8, 1.9, 0.0, 0.0, 0.0, 0.0, 1.4]
Indi 2: Fitness: 10.860606060606063Genotype: [0.0, 1.3, 0.0, 1.0, 1.7, 1.1, 1.4, 0.0, 1.7, 0.0, 0.0, 0.0, 0.0, 1.2, 1.6, 1.2, 0.0, 0.0, 1.5, 0.0, 2.0, 1.8, 0.0, 0.0, 0.0, 0.0, 1.2, 0.0, 1.4, 1.3, 0.0, 0.0, 2.0, 1.9, 0.0]
Indi 3: Fitness: 20.71212121212122Genotype: [1.2, 1.1, 1.1, 2.0, 1.0, 1.1, 0.0, 0.0, 0.0, 1.0, 1.4, 1.0, 1.7, 0.0, 0.0, 1.2, 0.0, 0.0, 0.0, 0.0, 0.0, 1.1, 1.8, 1.7, 0.0, 0.0, 0.0, 1.9, 1.8, 1.9, 0.0, 0.0, 0.0, 0.0, 0.0]
Indi 4: Fitness: 33.36060606060607Genotype: [1.7, 1.8, 1.1, 0.0, 1.0, 0.0, 0.0, 0.0, 0.0, 1.0, 0.0, 1.0, 0.0, 0.0, 1.1, 1.2, 1.5, 1.7, 0.0, 0.0, 0.0, 1.2, 1.2, 0.0, 0.0, 2.0, 0.0, 0.0, 1.1, 1.9, 1.9, 0.0, 0.0, 0.0, 1.4]
Indi 5: Fitness: 34.260606060606065Genotype: [1.2, 1.8, 1.1, 0.0, 1.0, 0.0, 0.0, 0.0, 0.0, 2.0, 0.0, 1.5, 1.7, 0.0, 0.0, 2.0, 0.0, 0.0, 0.0, 0.0, 0.0, 0.0, 1.2, 1.7, 0.0, 0.0, 0.0, 0.0, 1.8, 1.9, 0.0, 0.0, 0.0, 1.7, 1.4]
Indi 6: Fitness: 34.992929292929304Genotype: [0.0, 1.3, 0.0, 0.0, 1.7, 0.0, 1.4, 0.0, 1.7, 0.0, 0.0, 0.0, 0.0, 1.2, 0.0, 1.2, 0.0, 2.0, 1.5, 1.6, 1.2, 1.8, 0.0, 1.8, 0.0, 0.0, 1.2, 0.0, 0.0, 1.3, 0.0, 0.0, 0.0, 0.0, 1.9]
Indi 7: Fitness: 35.160606060606064Genotype: [0.0, 1.1, 0.0, 1.0, 1.7, 0.0, 1.7, 1.7, 1.7, 0.0, 0.0, 0.0, 0.0, 1.2, 0.0, 1.2, 0.0, 2.0, 1.5, 1.2, 1.6, 1.5, 1.2, 0.0, 0.0, 0.0, 1.2, 0.0, 1.9, 1.4, 1.3, 0.0, 0.0, 1.9, 0.0]
Indi 8: Fitness: 35.36060606060606Genotype: [0.0, 1.5, 1.1, 1.1, 1.8, 1.5, 1.4, 0.0, 0.0, 1.7, 1.9, 1.2, 0.0, 2.0, 0.0, 1.2, 0.0, 0.0, 1.8, 2.0, 0.0, 1.1, 0.0, 1.4, 0.0, 1.8, 1.4, 0.0, 1.7, 1.3, 0.0, 1.6, 0.0, 0.0, 1.3]
Indi 9: Fitness: 35.46060606060606Genotype: [0.0, 1.1, 0.0, 1.0, 1.7, 0.0, 1.4, 1.7, 1.8, 1.2, 0.0, 0.0, 0.0, 1.2, 0.0, 1.3, 0.0, 2.0, 1.5, 0.0, 1.6, 1.8, 0.0, 1.7, 0.0, 1.6, 1.2, 0.0, 1.9, 1.4, 0.0, 1.2, 0.0, 1.9, 0.0]
Indi 10: Fitness: 36.66060606060606Genotype: [0.0, 1.1, 0.0, 0.0, 1.7, 0.0, 0.0, 1.7, 1.7, 0.0, 0.0, 1.6, 0.0, 1.2, 0.0, 1.9, 0.0, 2.0, 1.5, 0.0, 1.6, 1.8, 0.0, 0.0, 0.0, 0.0, 1.2, 0.0, 1.9, 1.4, 0.0, 0.0, 1.3, 1.9, 0.0]
Indi 11: Fitness: 37.060606060606055Genotype: [0.0, 1.3, 0.0, 0.0, 0.0, 0.0, 1.6, 1.0, 0.0, 1.5, 1.4, 0.0, 0.0, 0.0, 1.6, 1.9, 1.7, 1.9, 0.0, 1.9, 0.0, 1.9, 0.0, 0.0, 0.0, 1.9, 0.0, 0.0, 1.1, 0.0, 2.0, 1.1, 0.0, 0.0, 1.1]
Indi 12: Fitness: 46.71212121212122Genotype: [1.2, 1.8, 1.1, 0.0, 0.0, 0.0, 0.0, 0.0, 0.0, 2.0, 0.0, 1.5, 1.7, 0.0, 0.0, 0.0, 0.0, 1.9, 0.0, 1.1, 0.0, 0.0, 1.2, 1.7, 0.0, 0.0, 0.0, 0.0, 1.8, 1.8, 0.0, 0.0, 0.0, 0.0, 1.4]
Indi 13: Fitness: 46.71212121212122Genotype: [1.1, 1.5, 1.6, 0.0, 1.1, 1.5, 1.4, 0.0, 0.0, 0.0, 1.9, 1.2, 0.0, 2.0, 0.0, 1.2, 0.0, 0.0, 0.0, 2.0, 0.0, 1.7, 0.0, 1.4, 1.5, 1.8, 1.4, 0.0, 1.7, 1.3, 0.0, 0.0, 0.0, 0.0, 1.3]
Indi 14: Fitness: 47.01212121212122Genotype: [1.2, 1.8, 1.1, 0.0, 1.2, 0.0, 0.0, 0.0, 0.0, 1.1, 0.0, 1.0, 1.7, 0.0, 0.0, 1.2, 0.0, 0.0, 0.0, 0.0, 0.0, 0.0, 1.2, 1.7, 0.0, 0.0, 0.0, 0.0, 1.8, 0.0, 0.0, 0.0, 0.0, 0.0, 1.4]
Indi 15: Fitness: 47.41212121212122Genotype: [1.2, 1.8, 2.0, 1.5, 1.0, 0.0, 0.0, 0.0, 0.0, 1.0, 1.4, 1.5, 1.7, 0.0, 0.0, 1.2, 0.0, 0.0, 0.0, 0.0, 0.0, 1.6, 1.2, 1.7, 0.0, 0.0, 0.0, 0.0, 1.8, 1.9, 0.0, 0.0, 0.0, 0.0, 1.1]
Indi 16: Fitness: 47.71212121212122Genotype: [0.0, 1.8, 1.9, 0.0, 1.1, 1.3, 1.4, 0.0, 0.0, 1.0, 1.9, 1.2, 0.0, 2.0, 0.0, 1.2, 0.0, 0.0, 0.0, 2.0, 1.9, 1.7, 1.6, 1.4, 0.0, 1.8, 1.4, 0.0, 1.8, 1.2, 0.0, 0.0, 0.0, 0.0, 1.3]
Indi 17: Fitness: 48.21212121212122Genotype: [1.7, 1.8, 1.1, 0.0, 1.0, 0.0, 0.0, 0.0, 0.0, 1.0, 0.0, 1.0, 0.0, 0.0, 0.0, 0.0, 0.0, 0.0, 0.0, 0.0, 0.0, 1.1, 1.2, 1.7, 0.0, 1.4, 0.0, 0.0, 1.8, 1.9, 0.0, 0.0, 1.2, 0.0, 1.4]
Indi 18: Fitness: 48.21212121212122Genotype: [0.0, 1.3, 0.0, 0.0, 0.0, 0.0, 0.0, 1.0, 0.0, 1.5, 0.0, 0.0, 0.0, 1.4, 1.6, 1.9, 1.7, 0.0, 1.8, 1.9, 0.0, 1.7, 0.0, 0.0, 0.0, 1.9, 0.0, 0.0, 1.1, 0.0, 1.5, 1.1, 0.0, 0.0, 0.0]
Indi 19: Fitness: 48.21212121212122Genotype: [0.0, 1.3, 0.0, 0.0, 0.0, 0.0, 0.0, 1.0, 0.0, 1.5, 0.0, 0.0, 0.0, 1.4, 1.6, 1.9, 1.7, 0.0, 0.0, 0.0, 0.0, 1.9, 0.0, 0.0, 0.0, 1.9, 0.0, 0.0, 1.1, 0.0, 0.0, 1.1, 0.0, 0.0, 0.0]
Indi 20: Fitness: 48.21212121212122Genotype: [0.0, 1.1, 0.0, 1.0, 1.1, 1.3, 0.0, 1.6, 0.0, 1.7, 1.9, 0.0, 0.0, 2.0, 0.0, 1.6, 0.0, 0.0, 0.0, 2.0, 0.0, 1.7, 0.0, 1.4, 0.0, 1.8, 1.6, 0.0, 1.8, 1.3, 0.0, 0.0, 0.0, 0.0, 0.0]
Indi 21: Fitness: 48.91212121212122Genotype: [0.0, 1.3, 1.1, 0.0, 1.1, 1.3, 1.4, 0.0, 0.0, 1.7, 1.9, 1.2, 0.0, 2.0, 0.0, 1.2, 0.0, 0.0, 0.0, 2.0, 0.0, 1.7, 0.0, 1.4, 0.0, 1.8, 1.4, 0.0, 1.8, 1.3, 0.0, 0.0, 0.0, 0.0, 1.3]
Indi 22: Fitness: 49.112121212121224Genotype: [0.0, 1.3, 1.1, 0.0, 1.0, 0.0, 0.0, 0.0, 0.0, 1.0, 0.0, 1.0, 0.0, 0.0, 1.3, 1.2, 0.0, 0.0, 0.0, 0.0, 0.0, 1.1, 1.2, 1.7, 0.0, 2.0, 0.0, 0.0, 1.8, 1.9, 0.0, 0.0, 0.0, 0.0, 1.4]
Indi 23: Fitness: 49.112121212121224Genotype: [1.2, 1.8, 1.1, 0.0, 0.0, 0.0, 0.0, 0.0, 0.0, 1.0, 1.4, 1.0, 1.7, 0.0, 0.0, 1.0, 0.0, 0.0, 0.0, 0.0, 0.0, 1.9, 0.0, 1.7, 0.0, 0.0, 0.0, 0.0, 1.8, 0.0, 0.0, 0.0, 0.0, 0.0, 1.4]
Indi 24: Fitness: 49.21212121212122Genotype: [1.2, 1.8, 1.1, 0.0, 1.0, 0.0, 0.0, 0.0, 0.0, 2.0, 0.0, 1.5, 1.7, 0.0, 0.0, 0.0, 0.0, 0.0, 0.0, 0.0, 0.0, 0.0, 1.2, 1.7, 0.0, 0.0, 0.0, 0.0, 1.8, 1.8, 0.0, 0.0, 0.0, 0.0, 1.4]
Indi 25: Fitness: 49.712121212121225Genotype: [1.2, 1.8, 0.0, 1.0, 1.1, 1.3, 1.4, 0.0, 0.0, 1.7, 1.9, 1.2, 0.0, 2.0, 0.0, 1.2, 0.0, 0.0, 0.0, 2.0, 0.0, 1.7, 0.0, 1.4, 0.0, 1.8, 1.6, 0.0, 1.8, 1.3, 0.0, 0.0, 0.0, 0.0, 0.0]
Indi 26: Fitness: 50.01212121212122Genotype: [0.0, 1.1, 0.0, 1.0, 1.1, 0.0, 1.4, 0.0, 0.0, 1.7, 1.7, 1.2, 1.8, 2.0, 0.0, 2.0, 1.2, 0.0, 0.0, 0.0, 0.0, 1.7, 0.0, 1.4, 0.0, 1.8, 1.6, 0.0, 1.8, 1.3, 0.0, 0.0, 0.0, 0.0, 0.0]
Indi 27: Fitness: 50.11212121212122Genotype: [0.0, 1.5, 1.1, 0.0, 1.9, 1.3, 1.3, 0.0, 0.0, 1.7, 1.9, 1.2, 0.0, 2.0, 0.0, 1.3, 0.0, 0.0, 0.0, 2.0, 0.0, 1.7, 0.0, 1.4, 0.0, 0.0, 0.0, 0.0, 1.8, 1.3, 0.0, 0.0, 0.0, 0.0, 1.3]
Indi 28: Fitness: 50.412121212121214Genotype: [0.0, 1.3, 0.0, 1.0, 1.7, 2.0, 1.4, 0.0, 1.7, 0.0, 0.0, 0.0, 0.0, 1.2, 0.0, 1.2, 0.0, 2.0, 1.5, 0.0, 1.2, 1.8, 0.0, 0.0, 0.0, 0.0, 1.2, 0.0, 0.0, 1.3, 0.0, 0.0, 0.0, 0.0, 0.0]
Indi 29: Fitness: 50.512121212121215Genotype: [1.7, 1.8, 1.1, 0.0, 1.0, 0.0, 0.0, 0.0, 0.0, 1.0, 0.0, 1.0, 0.0, 0.0, 1.3, 1.2, 0.0, 0.0, 0.0, 0.0, 0.0, 1.1, 1.2, 1.7, 0.0, 2.0, 0.0, 0.0, 1.8, 1.9, 0.0, 0.0, 0.0, 0.0, 1.4]
Indi 30: Fitness: 50.612121212121224Genotype: [1.5, 1.5, 1.1, 0.0, 1.1, 1.8, 1.4, 0.0, 0.0, 1.7, 1.9, 1.2, 0.0, 2.0, 0.0, 1.2, 0.0, 0.0, 0.0, 2.0, 0.0, 1.7, 0.0, 0.0, 0.0, 1.2, 1.4, 0.0, 1.7, 1.3, 0.0, 0.0, 0.0, 0.0, 1.0]
Indi 31: Fitness: 50.81212121212121Genotype: [1.2, 1.8, 1.1, 0.0, 1.0, 1.5, 0.0, 0.0, 0.0, 1.0, 0.0, 1.0, 1.7, 1.5, 0.0, 1.2, 0.0, 0.0, 0.0, 0.0, 0.0, 0.0, 1.6, 1.7, 0.0, 0.0, 0.0, 0.0, 0.0, 1.8, 0.0, 0.0, 0.0, 0.0, 1.4]
Indi 32: Fitness: 50.81212121212122Genotype: [0.0, 1.1, 0.0, 1.0, 1.1, 1.3, 1.4, 0.0, 0.0, 1.7, 1.9, 1.2, 0.0, 2.0, 0.0, 1.2, 0.0, 0.0, 0.0, 2.0, 0.0, 1.7, 0.0, 1.4, 0.0, 1.8, 1.6, 0.0, 1.8, 1.3, 0.0, 0.0, 0.0, 0.0, 0.0]
Indi 33: Fitness: 51.01212121212122Genotype: [0.0, 1.5, 1.1, 0.0, 1.0, 0.0, 0.0, 0.0, 0.0, 1.0, 0.0, 1.0, 1.7, 0.0, 0.0, 1.2, 0.0, 0.0, 0.0, 0.0, 0.0, 0.0, 1.2, 1.7, 0.0, 0.0, 0.0, 0.0, 1.8, 1.8, 0.0, 0.0, 0.0, 0.0, 1.4]
Indi 34: Fitness: 51.21212121212122Genotype: [1.2, 0.0, 1.5, 0.0, 1.0, 0.0, 0.0, 0.0, 0.0, 0.0, 0.0, 1.0, 1.7, 1.3, 0.0, 1.2, 0.0, 0.0, 0.0, 0.0, 0.0, 0.0, 1.2, 1.7, 0.0, 1.2, 0.0, 0.0, 1.8, 0.0, 0.0, 0.0, 0.0, 0.0, 1.4]
Indi 35: Fitness: 51.31212121212123Genotype: [0.0, 1.1, 0.0, 1.0, 1.1, 1.3, 1.4, 0.0, 0.0, 1.7, 1.9, 1.2, 0.0, 2.0, 0.0, 1.2, 0.0, 0.0, 0.0, 2.0, 0.0, 1.7, 0.0, 1.4, 0.0, 1.8, 1.6, 0.0, 1.8, 1.3, 0.0, 0.0, 0.0, 0.0, 0.0]
Indi 36: Fitness: 51.41212121212122Genotype: [0.0, 1.5, 1.1, 0.0, 1.0, 0.0, 0.0, 0.0, 0.0, 1.0, 0.0, 1.0, 0.0, 0.0, 1.3, 1.2, 0.0, 0.0, 0.0, 0.0, 0.0, 1.1, 1.2, 1.7, 0.0, 2.0, 0.0, 0.0, 1.8, 1.9, 0.0, 0.0, 0.0, 0.0, 1.4]
Indi 37: Fitness: 52.012121212121215Genotype: [1.2, 1.8, 1.1, 0.0, 1.0, 0.0, 0.0, 0.0, 0.0, 1.0, 0.0, 1.0, 1.7, 0.0, 0.0, 1.2, 0.0, 0.0, 0.0, 0.0, 0.0, 0.0, 1.2, 1.7, 0.0, 0.0, 0.0, 0.0, 1.8, 1.8, 0.0, 0.0, 0.0, 0.0, 1.4]
Indi 38: Fitness: 52.91212121212122Genotype: [1.6, 1.1, 0.0, 1.0, 1.1, 1.3, 1.4, 0.0, 0.0, 1.7, 1.9, 1.2, 0.0, 2.0, 0.0, 1.2, 0.0, 0.0, 0.0, 2.0, 0.0, 0.0, 0.0, 1.4, 0.0, 1.8, 1.6, 0.0, 1.6, 0.0, 0.0, 1.7, 0.0, 0.0, 0.0]
Indi 39: Fitness: 53.012121212121215Genotype: [0.0, 1.4, 1.9, 1.6, 1.1, 0.0, 1.4, 0.0, 0.0, 1.7, 1.9, 1.2, 0.0, 2.0, 0.0, 1.2, 0.0, 0.0, 1.1, 2.0, 0.0, 1.7, 0.0, 1.4, 0.0, 0.0, 1.4, 0.0, 1.8, 1.3, 0.0, 0.0, 0.0, 0.0, 1.3]
Indi 40: Fitness: 54.11212121212122Genotype: [0.0, 1.1, 0.0, 1.0, 1.1, 1.3, 1.4, 0.0, 0.0, 1.7, 1.9, 1.2, 0.0, 2.0, 0.0, 1.2, 0.0, 0.0, 0.0, 2.0, 0.0, 1.7, 0.0, 1.4, 0.0, 1.8, 1.6, 0.0, 1.8, 1.3, 0.0, 0.0, 0.0, 0.0, 0.0]
Indi 41: Fitness: 54.112121212121224Genotype: [1.2, 1.8, 1.1, 0.0, 1.0, 0.0, 0.0, 0.0, 0.0, 1.0, 0.0, 1.0, 1.7, 0.0, 0.0, 1.2, 0.0, 0.0, 0.0, 0.0, 0.0, 0.0, 1.2, 1.7, 0.0, 0.0, 0.0, 0.0, 1.8, 1.8, 0.0, 0.0, 0.0, 0.0, 1.4]
Indi 42: Fitness: 54.21212121212122Genotype: [1.2, 1.8, 1.1, 0.0, 1.0, 0.0, 0.0, 0.0, 0.0, 1.0, 1.4, 1.0, 1.7, 0.0, 0.0, 1.2, 0.0, 0.0, 0.0, 0.0, 0.0, 1.1, 1.2, 1.7, 0.0, 0.0, 0.0, 0.0, 1.8, 1.9, 0.0, 0.0, 0.0, 0.0, 1.4]
Indi 43: Fitness: 54.212121212121225Genotype: [0.0, 1.5, 1.1, 0.0, 1.1, 1.5, 1.4, 0.0, 0.0, 1.7, 1.9, 1.2, 0.0, 2.0, 0.0, 1.2, 0.0, 0.0, 0.0, 2.0, 0.0, 1.7, 0.0, 1.4, 0.0, 1.8, 1.4, 0.0, 1.7, 1.3, 0.0, 0.0, 0.0, 0.0, 1.3]
Indi 44: Fitness: 54.212121212121225Genotype: [0.0, 1.3, 0.0, 0.0, 0.0, 0.0, 0.0, 1.0, 0.0, 1.5, 0.0, 0.0, 0.0, 1.4, 1.6, 1.9, 1.7, 0.0, 0.0, 1.9, 0.0, 1.9, 0.0, 0.0, 0.0, 1.9, 0.0, 0.0, 1.1, 0.0, 0.0, 1.1, 0.0, 0.0, 0.0]
Indi 45: Fitness: 54.61212121212122Genotype: [1.2, 1.8, 1.1, 0.0, 1.0, 0.0, 0.0, 0.0, 0.0, 2.0, 0.0, 1.5, 1.7, 0.0, 0.0, 0.0, 0.0, 0.0, 0.0, 0.0, 0.0, 0.0, 1.2, 1.7, 0.0, 0.0, 0.0, 0.0, 1.8, 1.8, 0.0, 0.0, 0.0, 0.0, 1.4]
Indi 46: Fitness: 54.61212121212122Genotype: [0.0, 1.3, 0.0, 1.0, 1.7, 0.0, 1.4, 0.0, 1.7, 0.0, 0.0, 0.0, 0.0, 1.2, 0.0, 1.2, 0.0, 2.0, 1.5, 0.0, 1.2, 1.8, 0.0, 0.0, 0.0, 0.0, 1.2, 0.0, 0.0, 1.3, 0.0, 0.0, 0.0, 1.9, 0.0]
Indi 47: Fitness: 54.61212121212122Genotype: [0.0, 1.5, 1.1, 0.0, 1.1, 1.3, 1.4, 0.0, 0.0, 1.7, 1.9, 1.2, 0.0, 2.0, 0.0, 1.2, 0.0, 0.0, 0.0, 2.0, 0.0, 1.7, 0.0, 1.4, 0.0, 1.8, 1.4, 0.0, 1.8, 1.3, 0.0, 0.0, 0.0, 0.0, 1.3]
Indi 48: Fitness: 54.81212121212122Genotype: [0.0, 1.1, 0.0, 1.0, 1.7, 0.0, 0.0, 1.7, 1.7, 0.0, 0.0, 0.0, 0.0, 1.2, 0.0, 1.2, 0.0, 2.0, 1.5, 0.0, 1.6, 1.8, 0.0, 1.7, 0.0, 0.0, 1.2, 0.0, 1.9, 1.4, 0.0, 0.0, 0.0, 1.9, 0.0]
Indi 49: Fitness: 55.61212121212122Genotype: [1.7, 1.8, 1.1, 0.0, 1.0, 0.0, 0.0, 0.0, 0.0, 1.0, 0.0, 1.0, 0.0, 0.0, 1.3, 1.2, 0.0, 0.0, 0.0, 0.0, 0.0, 1.1, 1.2, 1.7, 0.0, 2.0, 0.0, 0.0, 1.8, 1.9, 0.0, 0.0, 0.0, 0.0, 1.4]
