INICIO: Sun Jan 28 22:13:29 BRST 2018
INDIVIDUALS OF LAST GENERATION: 96
Indi 0: Fitness: 25.912121212121217Genotype: [1.2, 0.0, 1.1, 0.0, 0.0, 0.0, 0.0, 0.0, 0.0, 2.0, 0.0, 0.0, 1.7, 0.0, 0.0, 1.3, 0.0, 0.0, 0.0, 0.0, 0.0, 0.0, 1.2, 1.7, 0.0, 0.0, 0.0, 0.0, 1.8, 1.8, 0.0, 0.0, 0.0, 0.0, 1.4]
Indi 1: Fitness: 36.260606060606065Genotype: [0.0, 1.1, 0.0, 1.0, 1.7, 0.0, 0.0, 1.7, 1.7, 0.0, 0.0, 0.0, 0.0, 1.2, 1.5, 1.2, 0.0, 2.0, 1.5, 0.0, 1.8, 1.8, 0.0, 1.7, 0.0, 0.0, 0.0, 0.0, 1.9, 1.4, 0.0, 1.1, 0.0, 1.9, 0.0]
Indi 2: Fitness: 36.86060606060606Genotype: [0.0, 1.3, 0.0, 0.0, 1.7, 1.1, 1.4, 0.0, 0.0, 0.0, 0.0, 0.0, 0.0, 1.2, 0.0, 1.2, 0.0, 2.0, 1.5, 0.0, 0.0, 1.8, 0.0, 0.0, 1.9, 0.0, 1.2, 0.0, 1.3, 1.3, 0.0, 0.0, 1.3, 1.9, 0.0]
Indi 3: Fitness: 37.760606060606065Genotype: [0.0, 1.1, 0.0, 1.0, 1.9, 0.0, 0.0, 1.7, 1.7, 0.0, 1.3, 0.0, 0.0, 1.2, 0.0, 1.2, 1.3, 2.0, 1.2, 0.0, 1.6, 1.8, 0.0, 1.7, 0.0, 0.0, 1.2, 0.0, 1.9, 1.4, 1.7, 0.0, 0.0, 1.9, 0.0]
Indi 4: Fitness: 37.86060606060607Genotype: [1.7, 1.8, 0.0, 0.0, 1.0, 0.0, 0.0, 1.9, 0.0, 2.0, 0.0, 1.4, 0.0, 0.0, 1.3, 1.2, 0.0, 0.0, 1.9, 0.0, 0.0, 0.0, 1.2, 1.7, 0.0, 2.0, 0.0, 0.0, 1.8, 1.9, 0.0, 0.0, 1.8, 0.0, 1.4]
Indi 5: Fitness: 44.71212121212122Genotype: [1.4, 0.0, 0.0, 1.0, 1.7, 0.0, 1.4, 0.0, 1.7, 0.0, 0.0, 0.0, 0.0, 1.5, 0.0, 1.2, 0.0, 0.0, 1.5, 0.0, 1.2, 1.8, 0.0, 1.4, 0.0, 0.0, 1.2, 0.0, 0.0, 1.3, 0.0, 0.0, 0.0, 1.9, 0.0]
Indi 6: Fitness: 45.81212121212122Genotype: [0.0, 1.5, 1.1, 0.0, 1.1, 1.3, 1.8, 1.6, 0.0, 1.7, 1.9, 1.2, 0.0, 2.0, 0.0, 1.2, 0.0, 0.0, 1.1, 2.0, 0.0, 0.0, 0.0, 1.4, 0.0, 1.8, 1.4, 0.0, 1.8, 1.3, 0.0, 0.0, 0.0, 0.0, 1.3]
Indi 7: Fitness: 46.21212121212122Genotype: [0.0, 1.1, 1.1, 0.0, 1.0, 0.0, 0.0, 0.0, 0.0, 2.0, 0.0, 1.5, 1.7, 0.0, 2.0, 1.3, 0.0, 0.0, 0.0, 0.0, 0.0, 0.0, 1.2, 1.7, 0.0, 1.9, 0.0, 0.0, 1.8, 1.8, 0.0, 0.0, 0.0, 0.0, 1.4]
Indi 8: Fitness: 47.11212121212122Genotype: [0.0, 1.3, 0.0, 0.0, 0.0, 1.4, 0.0, 1.0, 0.0, 1.5, 0.0, 0.0, 1.2, 1.2, 1.6, 1.9, 0.0, 1.2, 0.0, 1.9, 0.0, 1.9, 0.0, 0.0, 0.0, 1.5, 0.0, 0.0, 1.1, 0.0, 0.0, 0.0, 0.0, 0.0, 0.0]
Indi 9: Fitness: 47.31212121212122Genotype: [1.2, 1.8, 1.1, 0.0, 1.0, 0.0, 1.5, 0.0, 0.0, 2.0, 0.0, 1.5, 1.7, 0.0, 0.0, 0.0, 0.0, 0.0, 0.0, 0.0, 0.0, 0.0, 1.2, 1.7, 1.4, 1.5, 0.0, 0.0, 1.8, 1.8, 0.0, 0.0, 0.0, 0.0, 1.4]
Indi 10: Fitness: 47.81212121212122Genotype: [0.0, 1.5, 1.1, 0.0, 1.1, 1.3, 1.4, 0.0, 1.4, 1.7, 0.0, 1.2, 0.0, 2.0, 0.0, 1.2, 0.0, 0.0, 0.0, 0.0, 0.0, 1.7, 0.0, 1.4, 0.0, 1.8, 1.4, 0.0, 1.8, 1.3, 0.0, 1.9, 0.0, 0.0, 0.0]
Indi 11: Fitness: 47.91212121212122Genotype: [0.0, 1.5, 1.1, 0.0, 1.0, 0.0, 0.0, 0.0, 0.0, 1.0, 0.0, 1.0, 0.0, 0.0, 1.3, 1.2, 0.0, 0.0, 0.0, 0.0, 0.0, 1.1, 1.2, 1.7, 0.0, 2.0, 0.0, 0.0, 1.8, 1.9, 0.0, 0.0, 0.0, 0.0, 1.4]
Indi 12: Fitness: 48.01212121212122Genotype: [0.0, 1.4, 0.0, 1.0, 1.7, 0.0, 1.4, 0.0, 1.7, 0.0, 0.0, 0.0, 0.0, 1.2, 1.6, 0.0, 0.0, 2.0, 1.5, 0.0, 1.2, 1.8, 1.3, 0.0, 0.0, 0.0, 2.0, 0.0, 0.0, 1.3, 0.0, 0.0, 0.0, 1.9, 0.0]
Indi 13: Fitness: 48.31212121212122Genotype: [0.0, 1.3, 0.0, 1.0, 1.7, 0.0, 1.4, 0.0, 1.7, 0.0, 0.0, 0.0, 0.0, 0.0, 0.0, 0.0, 1.1, 2.0, 1.5, 0.0, 1.2, 1.8, 0.0, 0.0, 0.0, 0.0, 1.2, 0.0, 0.0, 1.1, 0.0, 0.0, 0.0, 1.9, 0.0]
Indi 14: Fitness: 48.41212121212122Genotype: [1.2, 1.8, 1.2, 0.0, 1.0, 0.0, 0.0, 0.0, 0.0, 2.0, 0.0, 1.5, 1.8, 0.0, 0.0, 0.0, 0.0, 0.0, 0.0, 0.0, 0.0, 0.0, 1.2, 1.7, 0.0, 0.0, 0.0, 0.0, 1.8, 0.0, 0.0, 0.0, 0.0, 0.0, 1.4]
Indi 15: Fitness: 48.512121212121215Genotype: [0.0, 0.0, 0.0, 0.0, 1.0, 0.0, 0.0, 0.0, 0.0, 0.0, 0.0, 1.5, 1.7, 0.0, 0.0, 0.0, 0.0, 0.0, 1.5, 0.0, 0.0, 0.0, 1.2, 1.7, 0.0, 0.0, 0.0, 0.0, 1.8, 1.8, 0.0, 0.0, 0.0, 0.0, 1.4]
Indi 16: Fitness: 48.91212121212122Genotype: [1.4, 1.3, 0.0, 0.0, 0.0, 1.1, 2.0, 1.9, 0.0, 1.3, 0.0, 0.0, 0.0, 1.5, 1.6, 1.2, 1.5, 0.0, 0.0, 0.0, 0.0, 1.9, 0.0, 0.0, 0.0, 1.5, 0.0, 0.0, 1.1, 0.0, 0.0, 1.1, 1.0, 0.0, 0.0]
Indi 17: Fitness: 49.01212121212122Genotype: [1.4, 1.3, 0.0, 0.0, 0.0, 1.1, 0.0, 1.9, 0.0, 1.5, 0.0, 1.4, 0.0, 1.5, 0.0, 1.9, 1.5, 0.0, 0.0, 0.0, 0.0, 1.9, 0.0, 2.0, 0.0, 1.5, 0.0, 0.0, 1.9, 0.0, 0.0, 1.1, 0.0, 0.0, 0.0]
Indi 18: Fitness: 49.01212121212123Genotype: [0.0, 1.3, 0.0, 1.0, 1.7, 0.0, 1.8, 0.0, 0.0, 0.0, 0.0, 0.0, 0.0, 1.2, 0.0, 1.2, 0.0, 2.0, 0.0, 0.0, 1.2, 1.8, 0.0, 0.0, 0.0, 0.0, 1.2, 0.0, 1.3, 1.3, 0.0, 0.0, 0.0, 1.9, 0.0]
Indi 19: Fitness: 49.21212121212122Genotype: [0.0, 1.3, 1.1, 0.0, 1.0, 0.0, 0.0, 0.0, 0.0, 1.0, 0.0, 1.0, 0.0, 0.0, 1.3, 1.2, 0.0, 0.0, 0.0, 0.0, 0.0, 1.1, 1.2, 1.7, 0.0, 2.0, 0.0, 0.0, 1.8, 1.9, 0.0, 0.0, 0.0, 0.0, 1.4]
Indi 20: Fitness: 49.21212121212122Genotype: [1.2, 0.0, 1.1, 0.0, 1.0, 0.0, 0.0, 0.0, 0.0, 2.0, 0.0, 1.5, 1.7, 0.0, 0.0, 0.0, 0.0, 0.0, 0.0, 0.0, 0.0, 0.0, 1.2, 1.7, 0.0, 0.0, 0.0, 0.0, 1.8, 1.8, 0.0, 0.0, 0.0, 0.0, 1.4]
Indi 21: Fitness: 49.41515151515152Genotype: [1.2, 0.0, 1.1, 0.0, 1.0, 0.0, 1.7, 1.2, 0.0, 0.0, 0.0, 1.5, 1.7, 0.0, 2.0, 1.3, 0.0, 0.0, 1.4, 0.0, 0.0, 0.0, 1.5, 0.0, 0.0, 1.9, 0.0, 0.0, 1.8, 1.8, 0.0, 1.4, 0.0, 0.0, 1.4]
Indi 22: Fitness: 49.512121212121215Genotype: [1.2, 1.8, 0.0, 0.0, 1.0, 0.0, 0.0, 0.0, 0.0, 2.0, 0.0, 1.5, 1.7, 0.0, 0.0, 0.0, 0.0, 0.0, 0.0, 0.0, 0.0, 0.0, 1.2, 1.7, 0.0, 0.0, 0.0, 0.0, 1.8, 1.8, 0.0, 0.0, 0.0, 0.0, 1.4]
Indi 23: Fitness: 49.81212121212121Genotype: [0.0, 1.3, 0.0, 1.0, 1.7, 0.0, 1.4, 0.0, 1.7, 0.0, 0.0, 0.0, 0.0, 1.2, 0.0, 1.2, 0.0, 2.0, 1.5, 0.0, 1.2, 1.8, 0.0, 0.0, 0.0, 0.0, 1.2, 0.0, 0.0, 1.3, 0.0, 0.0, 0.0, 1.9, 0.0]
Indi 24: Fitness: 49.81212121212123Genotype: [1.7, 1.8, 1.1, 1.0, 1.0, 0.0, 0.0, 0.0, 0.0, 1.0, 1.7, 1.0, 0.0, 0.0, 1.6, 1.2, 0.0, 0.0, 0.0, 0.0, 0.0, 1.1, 0.0, 1.7, 0.0, 2.0, 0.0, 0.0, 1.8, 1.9, 0.0, 0.0, 0.0, 0.0, 1.4]
Indi 25: Fitness: 50.21212121212122Genotype: [1.4, 1.3, 0.0, 0.0, 0.0, 0.0, 0.0, 1.0, 0.0, 1.5, 0.0, 0.0, 0.0, 1.5, 1.6, 1.9, 1.5, 0.0, 0.0, 1.9, 0.0, 1.9, 0.0, 0.0, 0.0, 1.5, 0.0, 0.0, 1.1, 0.0, 0.0, 1.1, 0.0, 0.0, 0.0]
Indi 26: Fitness: 50.212121212121225Genotype: [0.0, 1.5, 1.1, 0.0, 1.1, 1.3, 1.4, 0.0, 0.0, 1.7, 1.9, 1.2, 0.0, 0.0, 0.0, 1.2, 1.8, 0.0, 0.0, 2.0, 0.0, 1.7, 0.0, 1.9, 0.0, 1.8, 1.4, 0.0, 1.8, 1.3, 0.0, 0.0, 0.0, 0.0, 1.3]
Indi 27: Fitness: 50.412121212121214Genotype: [0.0, 1.3, 0.0, 0.0, 0.0, 0.0, 0.0, 1.0, 0.0, 1.5, 0.0, 0.0, 0.0, 1.5, 1.6, 1.9, 1.5, 0.0, 0.0, 1.9, 0.0, 1.9, 0.0, 0.0, 0.0, 1.5, 0.0, 0.0, 1.1, 0.0, 0.0, 1.1, 0.0, 0.0, 0.0]
Indi 28: Fitness: 50.41212121212122Genotype: [1.7, 1.8, 1.1, 0.0, 1.1, 1.3, 1.4, 0.0, 0.0, 1.7, 1.9, 1.2, 0.0, 2.0, 0.0, 1.2, 0.0, 0.0, 0.0, 2.0, 0.0, 1.7, 0.0, 1.4, 0.0, 1.8, 1.4, 0.0, 1.8, 1.3, 0.0, 0.0, 0.0, 0.0, 1.3]
Indi 29: Fitness: 50.41212121212122Genotype: [0.0, 0.0, 0.0, 2.0, 1.0, 0.0, 0.0, 0.0, 0.0, 2.0, 0.0, 1.5, 1.7, 0.0, 0.0, 0.0, 0.0, 1.6, 0.0, 0.0, 0.0, 0.0, 0.0, 1.7, 0.0, 0.0, 0.0, 0.0, 1.8, 1.8, 0.0, 0.0, 0.0, 0.0, 0.0]
Indi 30: Fitness: 50.41212121212122Genotype: [0.0, 1.3, 1.4, 0.0, 1.0, 0.0, 0.0, 0.0, 0.0, 2.0, 0.0, 1.5, 1.7, 0.0, 0.0, 1.7, 0.0, 0.0, 0.0, 0.0, 0.0, 0.0, 0.0, 1.7, 0.0, 1.1, 0.0, 0.0, 1.8, 1.4, 0.0, 0.0, 0.0, 0.0, 1.4]
Indi 31: Fitness: 50.512121212121215Genotype: [1.7, 1.8, 1.1, 0.0, 1.0, 0.0, 0.0, 0.0, 0.0, 1.0, 0.0, 1.9, 0.0, 0.0, 1.3, 1.2, 0.0, 0.0, 0.0, 0.0, 1.7, 1.1, 1.2, 1.1, 0.0, 2.0, 0.0, 0.0, 1.8, 1.9, 0.0, 0.0, 0.0, 0.0, 1.4]
Indi 32: Fitness: 50.512121212121215Genotype: [1.2, 0.0, 1.1, 0.0, 1.0, 0.0, 0.0, 0.0, 0.0, 1.6, 0.0, 1.5, 1.7, 0.0, 2.0, 1.3, 1.0, 0.0, 0.0, 0.0, 0.0, 0.0, 1.2, 1.7, 0.0, 1.9, 0.0, 0.0, 2.0, 1.8, 0.0, 0.0, 0.0, 0.0, 1.4]
Indi 33: Fitness: 50.91212121212122Genotype: [0.0, 1.3, 0.0, 1.0, 1.7, 0.0, 1.4, 0.0, 1.7, 0.0, 0.0, 0.0, 0.0, 1.2, 0.0, 1.2, 0.0, 2.0, 1.5, 0.0, 1.2, 1.8, 0.0, 0.0, 0.0, 0.0, 1.2, 0.0, 0.0, 1.3, 0.0, 0.0, 0.0, 1.9, 0.0]
Indi 34: Fitness: 52.11212121212122Genotype: [1.2, 1.8, 1.1, 1.8, 1.0, 0.0, 0.0, 0.0, 0.0, 2.0, 0.0, 1.5, 1.3, 0.0, 0.0, 1.4, 0.0, 0.0, 0.0, 0.0, 1.2, 0.0, 1.2, 1.7, 0.0, 0.0, 0.0, 0.0, 1.8, 0.0, 0.0, 0.0, 0.0, 0.0, 1.4]
Indi 35: Fitness: 52.31212121212122Genotype: [0.0, 1.3, 0.0, 0.0, 1.6, 1.5, 0.0, 1.7, 1.7, 0.0, 1.7, 0.0, 0.0, 1.5, 0.0, 1.2, 0.0, 2.0, 1.5, 0.0, 1.6, 1.8, 0.0, 1.7, 0.0, 0.0, 1.2, 0.0, 1.9, 1.4, 0.0, 0.0, 0.0, 1.9, 0.0]
Indi 36: Fitness: 52.31212121212122Genotype: [0.0, 1.3, 1.4, 0.0, 0.0, 0.0, 0.0, 1.0, 0.0, 1.5, 0.0, 0.0, 0.0, 0.0, 1.6, 1.9, 1.5, 0.0, 0.0, 0.0, 0.0, 1.9, 0.0, 0.0, 0.0, 1.5, 0.0, 0.0, 0.0, 0.0, 0.0, 1.1, 0.0, 0.0, 0.0]
Indi 37: Fitness: 52.41212121212122Genotype: [1.4, 1.3, 0.0, 1.8, 1.8, 1.1, 0.0, 1.9, 0.0, 1.5, 1.5, 0.0, 0.0, 0.0, 1.6, 0.0, 1.5, 0.0, 0.0, 0.0, 0.0, 1.9, 0.0, 0.0, 0.0, 1.5, 0.0, 0.0, 1.1, 0.0, 0.0, 1.1, 0.0, 0.0, 0.0]
Indi 38: Fitness: 52.612121212121224Genotype: [0.0, 1.3, 0.0, 1.0, 0.0, 0.0, 1.4, 0.0, 1.5, 0.0, 0.0, 0.0, 0.0, 1.2, 0.0, 0.0, 0.0, 2.0, 1.5, 0.0, 1.2, 1.9, 0.0, 1.5, 0.0, 0.0, 1.2, 0.0, 0.0, 1.3, 0.0, 0.0, 0.0, 0.0, 0.0]
Indi 39: Fitness: 54.012121212121215Genotype: [0.0, 1.3, 0.0, 1.9, 0.0, 0.0, 1.1, 1.0, 0.0, 1.5, 0.0, 0.0, 0.0, 1.5, 1.6, 1.2, 1.5, 0.0, 0.0, 0.0, 0.0, 1.9, 0.0, 0.0, 0.0, 1.9, 0.0, 0.0, 1.1, 0.0, 0.0, 1.1, 0.0, 0.0, 0.0]
Indi 40: Fitness: 54.212121212121225Genotype: [0.0, 1.3, 0.0, 1.0, 1.7, 0.0, 1.4, 0.0, 1.7, 0.0, 0.0, 0.0, 0.0, 1.2, 0.0, 1.2, 0.0, 2.0, 1.5, 0.0, 1.2, 1.8, 0.0, 0.0, 0.0, 0.0, 1.2, 0.0, 0.0, 1.3, 0.0, 0.0, 0.0, 1.9, 0.0]
Indi 41: Fitness: 54.31212121212122Genotype: [1.2, 0.0, 1.1, 0.0, 1.0, 0.0, 0.0, 0.0, 0.0, 2.0, 0.0, 1.5, 1.7, 0.0, 2.0, 1.3, 0.0, 0.0, 0.0, 0.0, 0.0, 0.0, 1.2, 1.7, 0.0, 1.9, 0.0, 0.0, 1.8, 1.8, 0.0, 0.0, 0.0, 0.0, 1.4]
Indi 42: Fitness: 54.412121212121214Genotype: [0.0, 1.3, 0.0, 0.0, 0.0, 0.0, 0.0, 1.0, 0.0, 1.5, 0.0, 0.0, 0.0, 1.5, 1.6, 1.9, 1.5, 0.0, 0.0, 1.9, 0.0, 1.9, 0.0, 0.0, 0.0, 1.5, 0.0, 0.0, 1.1, 0.0, 0.0, 1.1, 0.0, 0.0, 0.0]
Indi 43: Fitness: 54.61212121212122Genotype: [1.2, 1.8, 1.1, 0.0, 1.0, 0.0, 0.0, 0.0, 0.0, 2.0, 0.0, 1.5, 1.7, 0.0, 0.0, 0.0, 0.0, 0.0, 0.0, 0.0, 0.0, 0.0, 1.2, 1.7, 0.0, 0.0, 0.0, 0.0, 1.8, 1.8, 0.0, 0.0, 0.0, 0.0, 1.4]
Indi 44: Fitness: 54.61212121212122Genotype: [0.0, 1.3, 0.0, 1.0, 1.7, 0.0, 1.4, 0.0, 1.7, 0.0, 0.0, 0.0, 0.0, 1.2, 0.0, 1.2, 0.0, 2.0, 1.5, 0.0, 1.2, 1.8, 0.0, 0.0, 0.0, 0.0, 1.2, 0.0, 0.0, 1.3, 0.0, 0.0, 0.0, 1.9, 0.0]
Indi 45: Fitness: 54.61212121212122Genotype: [0.0, 1.5, 1.1, 0.0, 1.1, 1.3, 1.4, 0.0, 0.0, 1.7, 1.9, 1.2, 0.0, 2.0, 0.0, 1.2, 0.0, 0.0, 0.0, 2.0, 0.0, 1.7, 0.0, 1.4, 0.0, 1.8, 1.4, 0.0, 1.8, 1.3, 0.0, 0.0, 0.0, 0.0, 1.3]
Indi 46: Fitness: 54.71212121212122Genotype: [0.0, 1.3, 0.0, 0.0, 1.0, 0.0, 0.0, 0.0, 0.0, 2.0, 0.0, 1.5, 1.7, 0.0, 0.0, 0.0, 0.0, 0.0, 0.0, 0.0, 0.0, 0.0, 1.2, 1.7, 0.0, 0.0, 0.0, 0.0, 1.8, 1.8, 0.0, 0.0, 0.0, 0.0, 1.4]
Indi 47: Fitness: 54.81212121212122Genotype: [0.0, 1.1, 0.0, 1.0, 1.7, 0.0, 0.0, 1.7, 1.7, 0.0, 0.0, 0.0, 0.0, 1.2, 0.0, 1.2, 0.0, 2.0, 1.5, 0.0, 1.6, 1.8, 0.0, 1.7, 0.0, 0.0, 1.2, 0.0, 1.9, 1.4, 0.0, 0.0, 0.0, 1.9, 0.0]
Indi 48: Fitness: 55.61212121212122Genotype: [1.7, 1.8, 1.1, 0.0, 1.0, 0.0, 0.0, 0.0, 0.0, 1.0, 0.0, 1.0, 0.0, 0.0, 1.3, 1.2, 0.0, 0.0, 0.0, 0.0, 0.0, 1.1, 1.2, 1.7, 0.0, 2.0, 0.0, 0.0, 1.8, 1.9, 0.0, 0.0, 0.0, 0.0, 1.4]
Indi 49: Fitness: 55.71212121212122Genotype: [1.4, 1.3, 0.0, 0.0, 0.0, 1.1, 0.0, 1.9, 0.0, 1.5, 0.0, 0.0, 0.0, 1.5, 1.6, 1.9, 1.5, 0.0, 0.0, 0.0, 0.0, 1.9, 0.0, 0.0, 0.0, 1.5, 0.0, 0.0, 1.1, 0.0, 0.0, 1.1, 0.0, 0.0, 0.0]
