INICIO: Sun Jan 28 20:24:17 BRST 2018
INDIVIDUALS OF LAST GENERATION: 16
Indi 0: Fitness: -19.53939393939394Genotype: [1.3, 0.0, 0.0, 1.0, 1.7, 1.7, 1.4, 1.7, 1.7, 1.3, 0.0, 0.0, 1.3, 1.2, 0.0, 1.2, 0.0, 2.0, 1.5, 0.0, 1.6, 1.8, 1.8, 0.0, 0.0, 0.0, 1.3, 0.0, 0.0, 1.3, 0.0, 0.0, 1.7, 1.9, 1.8]
Indi 1: Fitness: -12.387878787878783Genotype: [0.0, 1.3, 0.0, 1.2, 0.0, 0.0, 0.0, 1.0, 0.0, 1.5, 0.0, 0.0, 0.0, 1.4, 1.6, 1.9, 0.0, 0.0, 0.0, 1.9, 0.0, 1.9, 0.0, 0.0, 0.0, 1.9, 0.0, 0.0, 1.1, 0.0, 0.0, 1.1, 0.0, 0.0, 0.0]
Indi 2: Fitness: -9.787878787878782Genotype: [1.3, 0.0, 0.0, 1.0, 1.7, 0.0, 1.4, 1.4, 1.8, 0.0, 0.0, 0.0, 1.3, 1.2, 0.0, 1.2, 0.0, 2.0, 0.0, 0.0, 1.6, 1.8, 0.0, 0.0, 0.0, 0.0, 1.7, 0.0, 1.4, 1.6, 0.0, 0.0, 0.0, 1.9, 0.0]
Indi 3: Fitness: 20.26060606060606Genotype: [0.0, 1.1, 0.0, 1.9, 1.1, 1.3, 1.4, 1.5, 1.2, 1.7, 1.9, 1.9, 0.0, 2.0, 0.0, 1.2, 0.0, 1.4, 0.0, 2.0, 0.0, 1.7, 1.3, 1.4, 2.0, 1.8, 1.6, 0.0, 0.0, 1.2, 0.0, 0.0, 0.0, 1.3, 1.6]
Indi 4: Fitness: 35.760606060606065Genotype: [1.2, 0.0, 1.1, 0.0, 1.0, 0.0, 0.0, 0.0, 0.0, 1.0, 1.4, 1.0, 1.7, 0.0, 0.0, 1.2, 0.0, 0.0, 0.0, 0.0, 0.0, 1.1, 2.0, 1.7, 0.0, 0.0, 0.0, 0.0, 1.8, 1.9, 0.0, 0.0, 0.0, 2.0, 1.4]
Indi 5: Fitness: 37.46060606060606Genotype: [1.8, 0.0, 1.4, 1.0, 1.7, 0.0, 1.9, 1.7, 1.7, 0.0, 0.0, 1.3, 1.8, 1.2, 0.0, 1.2, 0.0, 2.0, 1.5, 0.0, 1.6, 1.8, 0.0, 0.0, 0.0, 0.0, 1.2, 0.0, 0.0, 1.3, 0.0, 0.0, 1.7, 1.9, 0.0]
Indi 6: Fitness: 37.66060606060606Genotype: [0.0, 0.0, 0.0, 1.9, 1.1, 1.3, 0.0, 0.0, 0.0, 1.7, 1.9, 1.2, 0.0, 2.0, 0.0, 1.2, 1.9, 0.0, 0.0, 2.0, 1.4, 1.7, 0.0, 0.0, 0.0, 1.9, 1.6, 0.0, 0.0, 1.4, 0.0, 0.0, 0.0, 1.4, 1.6]
Indi 7: Fitness: 37.86060606060606Genotype: [1.8, 0.0, 0.0, 0.0, 1.7, 0.0, 1.4, 1.7, 1.7, 0.0, 0.0, 0.0, 1.3, 1.2, 0.0, 1.2, 0.0, 2.0, 0.0, 0.0, 0.0, 1.8, 0.0, 0.0, 0.0, 0.0, 1.2, 0.0, 0.0, 0.0, 0.0, 1.1, 1.3, 1.9, 0.0]
Indi 8: Fitness: 41.71212121212122Genotype: [0.0, 1.1, 0.0, 0.0, 1.5, 1.1, 0.0, 0.0, 1.8, 0.0, 2.0, 0.0, 1.1, 0.0, 0.0, 1.7, 0.0, 0.0, 0.0, 1.7, 0.0, 0.0, 1.9, 0.0, 1.5, 0.0, 1.2, 1.6, 1.5, 0.0, 0.0, 0.0, 0.0, 0.0, 0.0]
Indi 9: Fitness: 46.01212121212122Genotype: [1.2, 1.8, 1.1, 0.0, 1.0, 0.0, 0.0, 0.0, 0.0, 1.0, 1.4, 1.0, 1.7, 0.0, 0.0, 1.2, 0.0, 0.0, 0.0, 0.0, 0.0, 1.1, 1.2, 1.7, 0.0, 0.0, 0.0, 0.0, 1.8, 1.9, 0.0, 0.0, 0.0, 0.0, 1.4]
Indi 10: Fitness: 46.31212121212121Genotype: [1.2, 1.5, 1.1, 0.0, 1.0, 0.0, 0.0, 0.0, 0.0, 1.8, 1.4, 0.0, 1.7, 0.0, 0.0, 1.2, 0.0, 0.0, 0.0, 0.0, 0.0, 1.1, 1.2, 1.7, 0.0, 0.0, 0.0, 1.8, 1.8, 1.9, 0.0, 0.0, 0.0, 0.0, 1.4]
Indi 11: Fitness: 46.31212121212122Genotype: [0.0, 1.1, 1.6, 1.9, 1.1, 1.3, 0.0, 0.0, 1.2, 1.7, 1.9, 1.3, 0.0, 2.0, 0.0, 1.2, 0.0, 0.0, 0.0, 2.0, 1.4, 1.7, 1.2, 1.4, 0.0, 0.0, 1.6, 0.0, 0.0, 0.0, 0.0, 0.0, 0.0, 0.0, 1.1]
Indi 12: Fitness: 47.21212121212122Genotype: [1.3, 0.0, 0.0, 0.0, 1.5, 1.1, 0.0, 0.0, 1.0, 0.0, 2.0, 0.0, 1.1, 2.0, 0.0, 1.7, 0.0, 0.0, 0.0, 1.7, 0.0, 1.5, 1.9, 0.0, 1.5, 1.7, 1.2, 1.6, 1.1, 0.0, 0.0, 0.0, 0.0, 0.0, 1.2]
Indi 13: Fitness: 47.31212121212121Genotype: [0.0, 1.3, 0.0, 1.9, 1.1, 1.3, 0.0, 0.0, 1.2, 1.7, 1.9, 1.9, 0.0, 2.0, 0.0, 1.2, 1.5, 0.0, 1.2, 2.0, 1.1, 1.5, 1.9, 1.4, 0.0, 1.6, 1.6, 0.0, 0.0, 0.0, 0.0, 0.0, 0.0, 0.0, 1.6]
Indi 14: Fitness: 48.11212121212122Genotype: [1.2, 1.8, 1.1, 0.0, 1.0, 0.0, 0.0, 0.0, 0.0, 1.1, 0.0, 1.0, 1.7, 0.0, 0.0, 1.2, 0.0, 0.0, 0.0, 0.0, 0.0, 0.0, 0.0, 1.7, 0.0, 0.0, 0.0, 0.0, 1.8, 1.8, 0.0, 0.0, 0.0, 0.0, 0.0]
Indi 15: Fitness: 48.21212121212122Genotype: [1.3, 0.0, 0.0, 1.9, 1.1, 1.3, 0.0, 0.0, 1.2, 1.7, 1.9, 1.2, 0.0, 2.0, 0.0, 1.2, 0.0, 0.0, 0.0, 2.0, 1.4, 1.7, 0.0, 1.4, 0.0, 1.9, 1.6, 0.0, 0.0, 0.0, 0.0, 0.0, 0.0, 0.0, 1.6]
Indi 16: Fitness: 48.212121212121225Genotype: [0.0, 1.1, 0.0, 1.6, 1.1, 0.0, 0.0, 0.0, 1.2, 1.7, 1.9, 1.2, 0.0, 2.0, 1.1, 1.2, 0.0, 0.0, 0.0, 2.0, 1.4, 1.2, 0.0, 1.4, 0.0, 1.9, 1.6, 0.0, 0.0, 0.0, 0.0, 0.0, 0.0, 0.0, 1.6]
Indi 17: Fitness: 48.31212121212122Genotype: [1.3, 0.0, 0.0, 0.0, 1.5, 1.1, 0.0, 0.0, 1.8, 0.0, 2.0, 0.0, 1.1, 0.0, 0.0, 1.7, 1.5, 1.2, 0.0, 1.7, 0.0, 0.0, 1.9, 0.0, 1.5, 0.0, 1.2, 0.0, 1.5, 0.0, 0.0, 0.0, 0.0, 0.0, 0.0]
Indi 18: Fitness: 48.81212121212123Genotype: [0.0, 1.1, 1.7, 1.9, 1.1, 1.3, 1.4, 1.5, 1.2, 1.7, 1.5, 1.2, 0.0, 2.0, 0.0, 1.2, 0.0, 0.0, 0.0, 2.0, 0.0, 0.0, 0.0, 1.4, 0.0, 1.8, 1.6, 0.0, 1.2, 1.3, 0.0, 0.0, 0.0, 0.0, 0.0]
Indi 19: Fitness: 49.512121212121215Genotype: [0.0, 1.3, 1.5, 0.0, 0.0, 1.2, 1.7, 1.0, 0.0, 1.5, 0.0, 0.0, 0.0, 1.4, 1.6, 1.9, 1.7, 0.0, 0.0, 1.9, 0.0, 1.9, 1.2, 0.0, 0.0, 1.9, 0.0, 0.0, 1.1, 0.0, 0.0, 1.1, 0.0, 0.0, 0.0]
Indi 20: Fitness: 49.55454545454547Genotype: [0.0, 1.3, 0.0, 1.9, 1.1, 1.3, 0.0, 0.0, 2.0, 1.7, 1.9, 1.9, 0.0, 2.0, 0.0, 1.2, 1.5, 0.0, 0.0, 2.0, 1.1, 1.5, 1.9, 1.4, 0.0, 0.0, 0.0, 0.0, 0.0, 0.0, 0.0, 0.0, 0.0, 1.2, 1.6]
Indi 21: Fitness: 49.912121212121214Genotype: [1.3, 0.0, 0.0, 0.0, 1.4, 1.1, 0.0, 0.0, 0.0, 0.0, 2.0, 0.0, 0.0, 0.0, 0.0, 1.7, 0.0, 1.4, 0.0, 1.7, 1.8, 0.0, 0.0, 0.0, 1.8, 0.0, 0.0, 1.6, 0.0, 1.1, 0.0, 0.0, 0.0, 0.0, 1.3]
Indi 22: Fitness: 50.01212121212122Genotype: [1.2, 1.8, 0.0, 1.9, 1.1, 1.3, 1.4, 1.5, 1.2, 1.7, 1.9, 1.2, 0.0, 2.0, 0.0, 1.2, 0.0, 0.0, 0.0, 2.0, 0.0, 1.7, 0.0, 1.4, 0.0, 1.8, 1.6, 0.0, 0.0, 1.3, 0.0, 0.0, 0.0, 0.0, 1.6]
Indi 23: Fitness: 50.612121212121224Genotype: [1.3, 0.0, 1.1, 0.0, 1.0, 0.0, 0.0, 0.0, 0.0, 1.0, 1.4, 1.0, 1.7, 0.0, 0.0, 1.2, 0.0, 0.0, 0.0, 0.0, 0.0, 1.1, 1.2, 1.7, 0.0, 0.0, 0.0, 0.0, 1.8, 1.9, 0.0, 0.0, 0.0, 0.0, 1.4]
Indi 24: Fitness: 50.91212121212122Genotype: [0.0, 1.3, 0.0, 1.9, 1.1, 1.3, 0.0, 0.0, 1.2, 1.7, 1.9, 1.9, 0.0, 0.0, 0.0, 1.2, 1.3, 0.0, 1.2, 2.0, 1.1, 1.9, 1.9, 1.4, 0.0, 0.0, 1.6, 0.0, 0.0, 1.5, 0.0, 0.0, 0.0, 0.0, 1.6]
Indi 25: Fitness: 51.012121212121215Genotype: [0.0, 0.0, 0.0, 0.0, 1.5, 1.1, 1.2, 0.0, 1.8, 0.0, 2.0, 0.0, 1.1, 0.0, 0.0, 1.7, 0.0, 0.0, 0.0, 0.0, 0.0, 0.0, 1.4, 0.0, 1.5, 0.0, 0.0, 1.6, 1.5, 0.0, 1.4, 0.0, 0.0, 0.0, 0.0]
Indi 26: Fitness: 51.21212121212122Genotype: [1.9, 0.0, 0.0, 1.7, 1.4, 1.1, 0.0, 0.0, 0.0, 0.0, 2.0, 0.0, 0.0, 0.0, 0.0, 1.7, 0.0, 1.4, 0.0, 1.5, 1.4, 0.0, 1.9, 0.0, 0.0, 0.0, 1.2, 1.6, 1.5, 0.0, 0.0, 0.0, 0.0, 0.0, 1.3]
Indi 27: Fitness: 51.212121212121225Genotype: [1.8, 0.0, 0.0, 0.0, 0.0, 0.0, 0.0, 1.0, 0.0, 1.5, 0.0, 0.0, 0.0, 1.4, 1.6, 1.9, 1.7, 0.0, 0.0, 1.9, 0.0, 1.9, 0.0, 0.0, 0.0, 1.9, 0.0, 0.0, 1.1, 0.0, 0.0, 1.1, 0.0, 0.0, 0.0]
Indi 28: Fitness: 51.41212121212122Genotype: [0.0, 1.3, 0.0, 0.0, 0.0, 0.0, 0.0, 1.0, 0.0, 1.5, 0.0, 0.0, 0.0, 1.7, 1.6, 0.0, 1.3, 0.0, 0.0, 1.9, 0.0, 1.9, 0.0, 0.0, 0.0, 1.9, 0.0, 0.0, 1.1, 0.0, 1.0, 1.1, 0.0, 0.0, 0.0]
Indi 29: Fitness: 51.41212121212122Genotype: [1.2, 1.8, 1.1, 0.0, 1.0, 1.4, 0.0, 0.0, 0.0, 1.0, 0.0, 1.0, 1.7, 0.0, 0.0, 1.2, 0.0, 0.0, 0.0, 0.0, 0.0, 0.0, 0.0, 1.7, 0.0, 0.0, 0.0, 0.0, 1.8, 1.8, 0.0, 0.0, 0.0, 0.0, 1.4]
Indi 30: Fitness: 51.41212121212122Genotype: [0.0, 1.1, 0.0, 1.0, 1.7, 0.0, 1.4, 1.7, 1.7, 0.0, 0.0, 0.0, 1.3, 1.2, 0.0, 1.2, 0.0, 2.0, 1.5, 0.0, 1.6, 1.8, 0.0, 0.0, 0.0, 0.0, 1.2, 0.0, 0.0, 1.3, 0.0, 0.0, 0.0, 1.9, 0.0]
Indi 31: Fitness: 51.51212121212122Genotype: [0.0, 0.0, 1.1, 0.0, 1.1, 0.0, 0.0, 0.0, 0.0, 1.0, 0.0, 1.0, 1.7, 0.0, 0.0, 1.2, 0.0, 0.0, 0.0, 0.0, 0.0, 0.0, 1.2, 1.7, 0.0, 0.0, 0.0, 0.0, 1.8, 1.8, 0.0, 0.0, 0.0, 0.0, 1.4]
Indi 32: Fitness: 51.61212121212122Genotype: [1.3, 0.0, 0.0, 0.0, 0.0, 0.0, 0.0, 1.0, 0.0, 1.5, 0.0, 0.0, 0.0, 1.4, 1.6, 1.9, 1.7, 0.0, 0.0, 1.9, 0.0, 1.9, 0.0, 0.0, 0.0, 1.9, 0.0, 0.0, 1.1, 0.0, 0.0, 1.1, 0.0, 0.0, 0.0]
Indi 33: Fitness: 51.612121212121224Genotype: [0.0, 0.0, 0.0, 1.9, 1.1, 1.3, 0.0, 0.0, 1.2, 1.7, 1.9, 1.9, 0.0, 0.0, 1.1, 1.2, 1.9, 0.0, 1.2, 2.0, 1.1, 1.5, 1.9, 1.4, 2.0, 1.6, 1.9, 0.0, 0.0, 0.0, 0.0, 0.0, 0.0, 0.0, 1.6]
Indi 34: Fitness: 51.71212121212122Genotype: [0.0, 0.0, 0.0, 0.0, 1.4, 1.1, 1.2, 1.9, 0.0, 0.0, 0.0, 0.0, 0.0, 0.0, 0.0, 0.0, 0.0, 0.0, 0.0, 1.7, 1.1, 0.0, 1.9, 0.0, 1.5, 0.0, 1.2, 1.6, 1.5, 0.0, 0.0, 0.0, 0.0, 0.0, 1.3]
Indi 35: Fitness: 51.91212121212122Genotype: [0.0, 0.0, 0.0, 1.0, 1.7, 0.0, 1.4, 1.7, 1.0, 0.0, 0.0, 0.0, 1.3, 1.2, 0.0, 1.2, 0.0, 2.0, 1.5, 0.0, 1.6, 1.8, 0.0, 0.0, 0.0, 1.3, 1.2, 0.0, 0.0, 0.0, 0.0, 0.0, 0.0, 0.0, 0.0]
Indi 36: Fitness: 53.10909090909092Genotype: [0.0, 1.3, 0.0, 0.0, 0.0, 0.0, 0.0, 1.0, 0.0, 1.5, 0.0, 0.0, 0.0, 1.4, 1.6, 1.9, 1.7, 0.0, 0.0, 1.9, 0.0, 1.9, 0.0, 0.0, 0.0, 1.9, 0.0, 0.0, 1.1, 0.0, 0.0, 1.1, 0.0, 0.0, 0.0]
Indi 37: Fitness: 53.41212121212122Genotype: [1.3, 0.0, 0.0, 1.0, 1.7, 0.0, 1.4, 1.7, 1.7, 0.0, 0.0, 0.0, 1.3, 1.2, 0.0, 1.2, 0.0, 2.0, 1.5, 0.0, 1.6, 1.8, 0.0, 0.0, 0.0, 0.0, 1.2, 0.0, 0.0, 1.3, 0.0, 0.0, 0.0, 1.9, 0.0]
Indi 38: Fitness: 53.41212121212122Genotype: [1.3, 0.0, 0.0, 0.0, 1.5, 1.1, 0.0, 0.0, 1.8, 0.0, 2.0, 0.0, 1.1, 0.0, 0.0, 1.7, 0.0, 0.0, 0.0, 1.7, 0.0, 0.0, 1.9, 0.0, 1.5, 0.0, 1.2, 1.6, 1.5, 0.0, 0.0, 0.0, 0.0, 0.0, 0.0]
Indi 39: Fitness: 53.41212121212122Genotype: [1.3, 0.0, 0.0, 0.0, 1.4, 1.1, 0.0, 0.0, 0.0, 0.0, 2.0, 0.0, 0.0, 0.0, 0.0, 1.7, 0.0, 1.4, 0.0, 1.7, 0.0, 0.0, 1.9, 0.0, 1.5, 0.0, 1.2, 1.6, 1.5, 0.0, 0.0, 0.0, 0.0, 0.0, 1.3]
Indi 40: Fitness: 53.51212121212122Genotype: [0.0, 1.1, 0.0, 1.9, 1.1, 1.3, 1.4, 1.5, 1.2, 1.7, 1.9, 1.2, 0.0, 2.0, 0.0, 1.2, 0.0, 0.0, 0.0, 2.0, 0.0, 1.7, 0.0, 1.4, 0.0, 1.8, 1.6, 0.0, 0.0, 1.3, 0.0, 0.0, 0.0, 0.0, 1.6]
Indi 41: Fitness: 53.61212121212122Genotype: [0.0, 1.3, 0.0, 1.9, 1.1, 1.3, 0.0, 0.0, 1.2, 1.7, 1.9, 1.9, 0.0, 2.0, 0.0, 1.2, 1.5, 0.0, 1.2, 2.0, 1.1, 1.5, 1.9, 1.4, 0.0, 1.6, 1.6, 0.0, 0.0, 0.0, 0.0, 0.0, 0.0, 0.0, 1.6]
Indi 42: Fitness: 53.81212121212122Genotype: [0.0, 1.1, 0.0, 1.9, 1.1, 1.3, 0.0, 0.0, 1.2, 1.7, 1.9, 1.2, 0.0, 2.0, 0.0, 1.2, 0.0, 0.0, 0.0, 2.0, 1.4, 1.7, 0.0, 1.4, 0.0, 1.9, 1.6, 0.0, 0.0, 0.0, 0.0, 0.0, 0.0, 0.0, 1.6]
Indi 43: Fitness: 53.912121212121214Genotype: [1.8, 0.0, 0.0, 1.0, 1.7, 0.0, 1.4, 1.7, 1.7, 0.0, 0.0, 0.0, 1.3, 1.2, 0.0, 1.2, 0.0, 2.0, 1.5, 0.0, 1.6, 1.8, 0.0, 0.0, 0.0, 0.0, 1.2, 0.0, 0.0, 1.3, 0.0, 0.0, 0.0, 1.9, 0.0]
Indi 44: Fitness: 54.11212121212122Genotype: [0.0, 1.1, 0.0, 1.0, 1.1, 1.3, 1.4, 0.0, 0.0, 1.7, 1.9, 1.2, 0.0, 2.0, 0.0, 1.2, 0.0, 0.0, 0.0, 2.0, 0.0, 1.7, 0.0, 1.4, 0.0, 1.8, 1.6, 0.0, 1.8, 1.3, 0.0, 0.0, 0.0, 0.0, 0.0]
Indi 45: Fitness: 54.112121212121224Genotype: [1.2, 1.8, 1.1, 0.0, 1.0, 0.0, 0.0, 0.0, 0.0, 1.0, 0.0, 1.0, 1.7, 0.0, 0.0, 1.2, 0.0, 0.0, 0.0, 0.0, 0.0, 0.0, 1.2, 1.7, 0.0, 0.0, 0.0, 0.0, 1.8, 1.8, 0.0, 0.0, 0.0, 0.0, 1.4]
Indi 46: Fitness: 54.21212121212122Genotype: [1.2, 1.8, 1.1, 0.0, 1.0, 0.0, 0.0, 0.0, 0.0, 1.0, 1.4, 1.0, 1.7, 0.0, 0.0, 1.2, 0.0, 0.0, 0.0, 0.0, 0.0, 1.1, 1.2, 1.7, 0.0, 0.0, 0.0, 0.0, 1.8, 1.9, 0.0, 0.0, 0.0, 0.0, 1.4]
Indi 47: Fitness: 54.212121212121225Genotype: [0.0, 1.3, 0.0, 0.0, 0.0, 0.0, 0.0, 1.0, 0.0, 1.5, 0.0, 0.0, 0.0, 1.4, 1.6, 1.9, 1.7, 0.0, 0.0, 1.9, 0.0, 1.9, 0.0, 0.0, 0.0, 1.9, 0.0, 0.0, 1.1, 0.0, 0.0, 1.1, 0.0, 0.0, 0.0]
Indi 48: Fitness: 54.61212121212122Genotype: [0.0, 1.3, 0.0, 1.0, 1.7, 0.0, 1.4, 0.0, 1.7, 0.0, 0.0, 0.0, 0.0, 1.2, 0.0, 1.2, 0.0, 2.0, 1.5, 0.0, 1.2, 1.8, 0.0, 0.0, 0.0, 0.0, 1.2, 0.0, 0.0, 1.3, 0.0, 0.0, 0.0, 1.9, 0.0]
Indi 49: Fitness: 55.61212121212122Genotype: [1.7, 1.8, 1.1, 0.0, 1.0, 0.0, 0.0, 0.0, 0.0, 1.0, 0.0, 1.0, 0.0, 0.0, 1.3, 1.2, 0.0, 0.0, 0.0, 0.0, 0.0, 1.1, 1.2, 1.7, 0.0, 2.0, 0.0, 0.0, 1.8, 1.9, 0.0, 0.0, 0.0, 0.0, 1.4]
