<File>:
/Users/nathalianascimento/Documents/NetbeansProjects/StreetLightSimulation/images/neighborhood2.jpg
<Points>: 15
148;236
251;236
357;237
461;235
458;149
358;148
256;147
151;148
53;147
49;239
458;55
357;55
254;55
150;54
50;54
<Lanes>: 44
9;0
0;1
1;2
2;3
3;4
4;5
5;6
6;7
7;8
8;9
9;8
8;7
7;6
6;5
5;4
4;3
3;2
2;1
1;0
0;9
8;14
14;8
14;13
13;14
13;7
7;13
13;12
12;13
12;6
6;12
12;11
11;12
11;5
5;11
11;10
10;11
10;4
4;10
6;1
1;6
7;0
0;7
5;2
2;5
<DeparturePoints>: 3
3
14
10
<TargetPoints>:2
3
9
<Things>:21
36;103
99;74
201;72
302;75
405;75
477;104
407;129
301;128
201;128
103;129
95;164
31;195
101;218
113;253
199;217
219;254
304;221
313;252
407;217
417;251
474;190
-<end>-

